Number of Tool Switches: 39 

Time elapsed: 5.181087 
Tool Sequence:
      7J  9J  3J  1J  6J 10J 12J  5J  4J 13J  8J 11J 14J  2J 15J
  1T   1   1   1   1   1   1   1   1   1   1   1   0   0   0   1
  2T   0   0   0   0   0   0   1   1   1   1   1   1   1   1   0
  3T   1   1   1   1   1   1   1   1   0   0   0   0   0   0   0
  4T   1   1   1   1   1   1   1   1   1   1   1   1   1   1   1
  5T   0   0   0   1   1   1   1   1   1   1   1   1   1   1   1
  6T   1   1   1   1   1   1   1   1   1   1   1   1   1   1   1
  7T   1   1   1   1   1   1   1   1   1   1   1   1   1   0   0
  8T   1   1   1   1   1   1   1   1   1   1   1   1   1   0   0
  9T   1   1   1   1   1   1   1   1   0   0   0   0   1   1   0
 10T   1   1   1   1   1   1   1   1   1   1   1   1   1   1   1
 11T   1   1   1   0   0   0   1   1   1   1   1   1   1   1   1
 12T   1   1   1   1   1   1   1   0   0   0   0   0   1   1   1
 13T   1   1   1   1   1   1   1   1   1   1   1   1   1   1   1
 14T   1   0   0   0   0   1   1   1   1   1   1   1   1   1   1
 15T   0   1   1   1   0   0   1   1   1   1   1   1   1   1   1
 16T   0   0   0   0   1   1   1   1   1   0   0   0   0   0   0
 17T   1   1   1   1   1   1   1   1   1   1   1   1   1   1   1
 18T   1   0   0   1   1   1   1   1   1   1   1   1   0   1   1
 19T   1   1   1   0   0   0   0   1   1   1   1   1   1   1   1
 20T   0   1   1   1   1   1   1   1   1   1   1   1   1   1   1
 21T   1   1   1   1   1   1   0   0   1   1   1   1   1   1   1
 22T   1   1   1   1   1   1   0   0   1   1   1   1   1   1   0
 23T   1   1   1   1   1   1   0   0   0   0   0   1   1   1   1
 24T   1   1   1   1   1   1   1   1   1   1   1   1   0   1   1
 25T   1   1   1   1   1   0   0   0   0   1   1   1   1   1   1
