Number of Tool Switches: 42 

Time elapsed: 5.049647 
Tool Sequence:
      5J 12J 11J  7J 10J 14J  9J  8J 15J  1J  2J  4J 13J  6J  3J
  1T   0   0   1   1   1   1   1   1   1   1   1   1   1   1   1
  2T   1   1   1   1   1   1   1   1   1   1   0   0   1   1   1
  3T   1   1   1   1   1   1   1   1   0   0   0   1   1   1   1
  4T   1   1   1   0   0   0   0   1   1   1   1   1   1   1   1
  5T   1   1   1   1   1   1   1   1   1   1   1   1   1   1   1
  6T   1   1   1   1   1   1   1   1   1   1   1   1   1   0   0
  7T   1   1   1   1   1   1   1   1   1   1   1   1   1   1   1
  8T   1   1   1   1   1   1   1   1   1   1   1   0   0   0   0
  9T   0   0   1   1   1   1   1   1   1   1   1   1   1   1   1
 10T   1   1   1   1   1   1   1   1   1   1   1   1   1   1   0
 11T   1   1   1   1   1   0   0   0   0   1   0   0   0   1   1
 12T   0   1   1   1   1   1   1   1   1   0   1   1   1   1   1
 13T   1   1   1   1   1   1   1   1   1   1   1   1   0   0   1
 14T   1   1   0   0   0   1   1   1   1   1   1   0   0   1   1
 15T   1   1   1   1   1   1   1   0   0   0   0   0   0   0   1
 16T   1   1   1   1   1   1   1   1   1   1   1   1   1   0   0
 17T   0   0   0   1   1   1   1   1   1   1   1   1   1   1   0
 18T   1   1   1   1   1   1   1   1   1   1   1   1   1   1   1
 19T   1   1   1   1   1   1   1   1   1   0   0   1   1   1   1
 20T   1   1   0   0   0   0   1   0   1   1   1   1   1   1   1
 21T   0   0   0   0   1   1   1   1   1   1   1   1   1   1   1
 22T   1   1   1   1   0   0   0   0   0   1   1   1   1   1   1
 23T   1   1   1   1   1   1   1   1   1   1   1   1   1   1   1
 24T   1   1   1   0   0   0   0   1   1   1   1   1   1   1   1
 25T   1   0   0   1   1   1   0   0   0   0   1   1   1   1   1
