Number of Tool Switches: 29 

Time elapsed: 3.084103 
Tool Sequence:
      6J  2J 12J  8J  7J 14J 15J 11J  4J  9J  3J  5J 10J  1J 13J
  1T   1   1   1   1   1   1   1   0   0   0   0   0   0   1   1
  2T   0   0   0   1   1   1   1   1   1   1   1   1   1   1   0
  3T   1   1   1   1   1   1   1   1   1   1   1   1   1   0   0
  4T   1   1   1   1   1   0   0   0   0   0   0   0   1   1   0
  5T   1   0   0   0   0   1   0   0   0   0   1   1   1   1   1
  6T   1   1   1   1   1   1   1   1   1   1   0   0   0   0   0
  7T   1   1   1   1   1   1   1   1   1   1   1   1   1   1   1
  8T   1   1   1   0   0   0   0   1   1   1   1   1   1   1   1
  9T   0   0   0   0   0   0   1   1   1   1   1   1   0   0   1
 10T   1   1   1   1   1   1   1   1   1   1   1   1   1   1   0
 11T   1   1   1   1   0   0   0   0   1   1   1   1   1   1   0
 12T   0   1   1   1   1   1   1   1   1   1   1   1   1   1   0
 13T   0   1   1   1   1   1   1   1   1   1   1   1   1   1   1
 14T   1   1   1   1   1   1   1   1   1   1   1   1   1   1   0
 15T   0   1   1   1   1   1   1   1   1   1   1   1   1   1   0
 16T   1   1   1   1   1   1   1   1   1   1   1   1   1   1   1
 17T   1   0   0   0   1   1   1   1   1   1   1   1   1   1   1
 18T   1   0   0   0   0   0   0   0   0   1   1   1   1   1   0
 19T   1   1   1   1   1   1   1   1   1   0   0   0   0   0   0
 20T   1   1   1   1   1   1   1   1   0   0   0   0   0   0   0
