Number of Tool Switches: 35 

Time elapsed: 3.208169 
Tool Sequence:
     13J  7J 12J  8J 11J  4J  1J  3J  6J 15J  9J  5J 10J 14J  2J
  1T   0   0   0   0   0   0   1   1   1   1   1   1   1   1   1
  2T   1   1   1   1   1   0   0   0   0   0   0   0   0   0   1
  3T   1   1   1   1   1   1   0   0   0   0   0   0   0   0   0
  4T   0   0   0   0   1   1   1   1   1   1   1   1   1   1   1
  5T   0   0   0   0   0   0   0   0   1   1   1   1   0   0   0
  6T   1   0   0   0   0   0   0   0   0   1   1   1   1   0   0
  7T   1   1   1   1   1   0   0   0   0   0   1   1   1   1   1
  8T   1   1   1   1   1   1   1   1   1   1   1   0   0   1   1
  9T   1   1   0   0   0   0   0   0   0   0   0   0   0   0   0
 10T   1   1   0   0   0   1   1   0   0   0   0   0   1   1   1
 11T   0   1   1   1   1   1   1   1   1   0   0   0   0   0   0
 12T   1   1   1   1   1   1   1   1   1   1   0   0   1   1   0
 13T   0   0   1   1   1   1   1   1   0   0   0   1   0   1   1
 14T   1   0   0   1   1   1   1   1   1   1   1   1   1   1   1
 15T   0   0   0   0   0   0   0   0   0   0   0   1   1   1   1
 16T   0   0   1   1   1   1   1   0   0   0   0   1   0   0   0
 17T   1   1   1   1   0   0   0   1   1   1   0   0   0   1   1
 18T   0   0   0   0   0   0   0   1   1   1   1   0   0   0   0
 19T   0   1   1   0   0   0   0   0   0   0   1   0   1   0   0
 20T   0   0   0   0   0   1   1   1   1   1   1   1   1   0   0
