Number of Tool Switches: 26 

Time elapsed: 1.980927 
Tool Sequence:
     11J 14J  2J  9J 15J  5J 13J  7J  8J 12J  4J  1J  3J  6J 10J
  1T   1   1   1   1   1   1   1   1   1   1   1   1   1   1   0
  2T   0   0   0   0   0   0   1   1   1   1   1   1   0   0   0
  3T   1   1   1   1   1   1   1   1   1   1   1   1   1   1   1
  4T   1   1   1   1   1   1   1   1   1   1   1   1   1   1   0
  5T   1   1   1   1   1   1   1   1   1   1   1   1   1   1   1
  6T   1   1   1   1   1   1   1   1   1   1   1   1   1   1   0
  7T   1   1   1   1   1   1   1   1   1   1   1   1   0   0   0
  8T   1   1   1   1   1   1   1   1   1   1   1   1   1   1   0
  9T   1   1   1   1   1   1   0   0   0   0   0   0   0   0   0
 10T   0   0   0   0   0   0   0   0   0   1   1   1   1   1   0
 11T   1   1   1   1   1   1   1   1   1   1   1   1   1   0   0
 12T   1   1   1   1   1   1   1   1   1   1   1   1   1   0   0
 13T   1   1   1   1   1   1   1   1   1   1   1   1   1   1   1
 14T   1   1   1   1   1   1   1   1   1   1   1   1   0   0   0
 15T   1   1   1   1   1   1   1   1   1   1   1   1   0   0   0
 16T   1   1   1   1   1   1   1   1   0   0   0   0   0   0   0
 17T   1   1   1   1   1   0   0   0   0   0   0   0   0   1   0
 18T   1   1   1   1   1   1   1   1   1   0   0   0   0   0   0
 19T   1   1   1   1   1   1   1   1   1   1   1   1   1   1   0
 20T   1   1   1   1   1   1   1   1   1   1   1   1   1   0   0
 21T   0   0   0   0   0   0   0   0   1   1   1   0   0   0   0
 22T   1   1   1   1   1   1   1   1   1   1   1   1   1   1   1
 23T   1   1   1   1   1   1   1   1   1   1   1   1   1   1   0
 24T   0   0   0   0   0   0   0   0   0   0   0   1   1   1   1
 25T   0   0   0   0   0   1   1   1   1   1   1   1   1   1   0
