Number of Tool Switches: 33 

Time elapsed: 2.579777 
Tool Sequence:
      3J  7J  4J 14J  6J  9J  1J  8J 10J  2J 11J 12J 13J 15J  5J
  1T   0   0   1   1   1   1   1   1   1   1   1   0   0   0   0
  2T   0   0   0   0   1   1   1   1   1   1   1   1   1   1   1
  3T   1   1   1   1   1   1   1   1   1   1   1   1   1   1   0
  4T   1   1   1   1   1   1   0   0   0   0   0   0   0   0   0
  5T   1   1   1   1   1   1   1   1   0   0   0   0   0   0   0
  6T   0   0   0   0   0   0   0   0   1   1   1   1   1   1   1
  7T   1   0   0   0   0   0   0   0   0   0   0   1   1   1   0
  8T   0   0   0   0   0   0   1   0   0   0   0   0   0   0   0
  9T   0   1   1   1   0   0   0   0   0   0   0   0   0   0   1
 10T   0   0   0   0   0   1   1   1   1   1   1   0   0   1   0
 11T   0   0   0   1   1   1   0   0   0   0   0   0   1   0   0
 12T   1   1   1   0   0   0   0   0   0   0   0   0   0   0   0
 13T   0   0   0   0   0   0   0   0   0   0   0   0   1   1   1
 14T   0   0   0   0   1   0   0   1   1   1   1   1   0   0   0
 15T   0   1   0   0   0   0   0   0   0   0   1   1   0   0   0
 16T   0   0   0   0   0   0   1   1   1   0   0   0   0   0   0
 17T   0   0   0   0   0   0   0   0   0   0   0   1   1   1   1
 18T   1   1   1   1   1   1   1   1   1   1   1   1   1   1   1
 19T   0   0   0   0   0   0   0   0   0   0   0   0   1   1   0
 20T   1   1   1   1   1   1   1   0   0   0   0   0   0   0   0
 21T   0   0   0   0   0   0   0   0   0   0   0   1   1   1   1
 22T   0   0   0   0   0   0   0   0   1   1   1   1   0   0   0
 23T   1   0   0   0   0   0   0   1   1   1   1   0   0   0   0
 24T   1   1   1   1   1   1   1   0   0   0   0   0   0   0   0
 25T   1   1   1   1   0   0   0   0   0   0   0   0   0   0   1
