Number of Tool Switches: 30 

Time elapsed: 3.994354 
Tool Sequence:
      3J 12J  4J 10J  5J 15J  8J 11J  7J 14J 13J  1J  2J  9J  6J
  1T   1   1   1   1   1   1   1   1   1   1   1   1   0   0   0
  2T   1   1   1   1   1   1   0   0   0   0   0   0   1   1   1
  3T   0   0   0   0   0   0   1   1   1   1   1   1   1   0   0
  4T   1   1   1   1   1   1   1   1   1   1   1   1   1   0   0
  5T   1   1   1   1   1   1   1   1   1   1   1   1   1   0   0
  6T   0   0   0   1   1   1   1   1   1   1   1   1   0   0   0
  7T   0   0   1   1   1   1   1   1   1   1   1   1   1   1   1
  8T   1   1   1   1   1   1   1   1   1   1   1   1   1   0   0
  9T   1   1   1   1   1   1   1   1   1   1   1   1   1   1   1
 10T   1   1   1   1   1   1   1   1   1   1   1   1   1   1   0
 11T   1   1   1   1   0   0   0   0   0   0   0   0   0   0   0
 12T   1   1   1   1   1   1   1   1   1   1   1   1   1   0   0
 13T   1   1   1   1   1   1   1   1   1   1   1   1   1   0   0
 14T   1   1   1   1   1   1   1   1   1   1   1   1   1   1   0
 15T   1   1   1   0   0   0   0   0   1   1   1   1   1   1   1
 16T   1   1   1   1   1   1   1   1   1   0   0   0   0   0   0
 17T   1   1   1   1   1   1   1   1   1   1   1   1   1   0   0
 18T   1   1   1   1   1   1   1   1   0   0   0   1   1   0   0
 19T   1   1   1   1   1   1   1   1   1   1   1   1   1   0   0
 20T   1   1   0   0   0   0   0   0   0   0   1   1   1   1   1
 21T   0   0   0   0   1   1   1   1   1   1   1   1   1   0   0
 22T   0   0   0   0   0   0   0   1   1   1   1   1   1   1   0
 23T   1   1   1   1   1   1   1   0   0   0   0   0   1   1   0
 24T   1   1   1   1   1   1   1   1   1   1   1   0   0   0   0
 25T   1   1   1   1   1   1   1   1   1   1   1   1   1   0   0
