Number of Tool Switches: 25 

Time elapsed: 0.034829 
Tool Sequence:
     15J  7J 14J  2J  6J  9J 11J  3J 10J 12J  1J  5J 13J  4J  8J
  1T   0   0   0   0   0   0   0   0   0   0   0   1   0   0   0
  2T   1   1   0   0   0   0   0   0   0   0   0   0   0   0   0
  3T   0   0   0   0   0   0   0   1   0   0   0   0   0   0   0
  4T   0   0   0   0   0   0   0   0   1   1   1   1   1   0   0
  5T   1   1   1   1   0   0   0   0   0   0   0   0   0   0   0
  6T   0   0   0   0   0   0   0   1   1   0   0   0   0   0   0
  7T   1   1   0   0   0   0   0   0   0   0   0   0   0   0   0
  8T   1   1   1   1   1   1   1   1   1   1   1   1   0   0   0
  9T   0   0   0   0   0   0   0   0   1   0   0   0   0   0   0
 10T   1   1   1   1   1   1   1   1   1   1   1   1   0   0   0
 11T   0   0   0   0   0   0   0   0   0   1   1   1   0   0   0
 12T   0   0   0   0   0   0   0   1   1   1   1   1   1   1   1
 13T   1   1   1   1   1   1   1   1   0   0   0   0   0   0   0
 14T   1   1   1   1   1   0   0   0   0   0   0   0   0   0   0
 15T   1   1   0   0   0   0   0   0   0   0   0   0   0   0   0
 16T   1   1   1   1   1   1   1   1   1   1   1   1   1   0   0
 17T   1   1   1   1   1   1   1   1   1   0   0   0   0   0   0
 18T   0   0   0   0   0   1   0   0   0   0   0   0   0   0   0
 19T   1   1   1   1   1   1   1   1   1   1   1   1   1   0   0
 20T   1   1   1   1   1   1   1   1   1   1   1   1   1   1   1
 21T   0   0   0   0   0   0   0   1   1   1   1   1   1   1   1
 22T   0   0   0   0   0   0   1   1   1   1   1   1   1   0   0
 23T   1   1   1   1   1   1   1   1   1   1   1   1   1   1   0
 24T   1   1   1   1   1   1   1   1   1   1   1   1   1   1   0
 25T   1   1   1   1   1   1   1   1   1   1   1   1   1   0   0
