Number of Tool Switches: 30 

Time elapsed: 2.423490 
Tool Sequence:
      7J  8J  6J 12J 13J 15J  1J 11J  3J 10J  2J 14J  5J  9J  4J
  1T   0   0   0   0   0   0   0   0   0   0   1   1   1   1   1
  2T   0   0   0   1   1   1   1   1   1   1   1   0   0   0   0
  3T   0   0   0   0   1   1   1   1   0   0   0   0   0   0   0
  4T   1   1   0   0   0   0   0   0   1   1   1   1   1   1   1
  5T   1   1   1   1   1   0   0   0   0   0   0   0   1   0   0
  6T   1   1   1   1   1   1   0   0   0   0   0   0   1   1   1
  7T   1   1   1   1   1   1   1   1   1   1   1   1   1   1   1
  8T   0   0   0   0   1   1   1   1   1   1   1   1   1   1   1
  9T   1   1   1   1   0   0   0   0   0   0   0   0   0   0   0
 10T   1   1   1   1   1   0   0   0   0   1   1   1   0   0   0
 11T   0   0   1   1   0   0   0   0   1   1   1   0   0   0   0
 12T   0   0   0   0   0   0   0   1   1   0   0   0   1   1   0
 13T   0   0   0   0   0   1   1   1   1   1   1   1   1   0   0
 14T   1   1   1   1   1   1   1   0   0   0   0   0   0   1   0
 15T   0   0   0   0   0   0   0   0   0   0   1   1   1   1   1
 16T   0   0   0   0   0   0   1   1   1   1   0   0   0   0   1
 17T   1   1   1   1   1   1   1   1   1   1   0   0   0   0   0
 18T   1   1   1   1   1   1   1   1   1   0   0   0   0   0   0
 19T   0   0   0   0   0   1   1   1   0   0   0   0   0   1   0
 20T   1   1   1   0   0   0   0   0   0   1   1   1   1   1   1
