Number of Tool Switches: 20 

Time elapsed: 0.957417 
Tool Sequence:
     12J 11J 13J  2J 14J  1J  6J  4J 10J  7J  9J  3J 15J  8J  5J
  1T   1   1   1   0   0   0   0   0   0   0   0   0   0   0   0
  2T   1   1   1   1   1   1   1   1   1   1   1   1   1   0   0
  3T   0   0   0   0   1   1   1   1   1   1   1   0   0   0   0
  4T   0   0   0   0   0   0   0   1   1   1   1   1   1   1   1
  5T   1   1   1   1   1   1   1   1   1   1   1   1   1   1   0
  6T   1   1   1   1   1   1   1   1   1   1   1   1   1   1   0
  7T   1   1   1   1   1   1   0   0   0   0   0   0   0   0   0
  8T   1   1   1   1   1   1   1   1   1   1   1   1   1   1   0
  9T   1   1   1   1   1   1   1   1   1   1   1   0   0   0   0
 10T   1   1   1   1   1   1   1   1   1   1   1   1   0   0   0
 11T   1   1   1   1   1   1   1   0   0   0   0   0   0   0   0
 12T   1   1   1   1   1   1   1   1   1   1   1   0   0   0   0
 13T   1   1   1   1   1   1   1   1   0   0   0   0   0   0   0
 14T   0   0   0   0   0   0   1   1   1   1   1   1   1   1   0
 15T   1   1   1   1   1   1   1   1   1   1   1   1   0   0   0
 16T   0   0   0   0   0   0   0   0   0   0   0   1   1   1   1
 17T   1   1   1   1   1   1   1   1   1   1   1   1   0   0   0
 18T   0   0   0   0   0   0   0   0   0   0   1   1   1   1   0
 19T   1   1   1   1   1   1   1   1   1   1   1   1   1   1   0
 20T   1   1   1   1   1   1   1   1   1   1   1   1   0   0   0
