Number of Tool Switches: 37 

Time elapsed: 6.196396 
Tool Sequence:
      4J 10J  2J 14J 15J 12J 13J  5J  8J  7J  6J  3J  9J  1J 11J
  1T   0   0   0   1   1   1   1   0   0   0   0   0   0   1   1
  2T   0   0   0   0   0   0   0   0   1   1   0   0   0   0   0
  3T   1   1   1   1   1   1   0   0   0   0   0   0   1   1   1
  4T   1   1   1   1   1   1   1   1   1   0   0   0   0   1   0
  5T   1   1   1   1   0   0   0   1   1   1   1   1   1   0   0
  6T   0   0   0   0   0   0   1   1   1   1   1   1   1   1   1
  7T   0   0   0   0   1   1   1   1   1   1   1   1   1   1   1
  8T   1   1   1   1   1   0   0   0   0   0   0   0   0   0   1
  9T   1   1   1   1   1   1   1   1   1   1   1   1   1   1   0
 10T   1   1   1   1   1   1   1   1   1   1   1   1   1   1   0
 11T   0   0   0   0   1   1   1   1   0   0   0   0   0   0   0
 12T   1   1   1   1   0   0   0   0   0   0   0   0   0   0   1
 13T   1   1   0   0   0   1   1   1   1   1   1   1   1   1   1
 14T   0   0   0   0   1   1   1   1   1   1   1   1   0   0   0
 15T   1   0   0   0   0   0   0   0   0   0   1   1   1   1   0
 16T   0   0   0   0   0   0   0   1   1   1   1   1   1   1   1
 17T   1   1   1   1   0   0   1   1   1   1   1   1   1   1   1
 18T   0   0   1   1   1   1   0   0   0   0   1   1   1   1   1
 19T   1   1   1   1   1   1   1   1   1   1   0   0   0   0   0
 20T   1   0   0   0   0   0   0   0   0   1   1   1   1   1   0
 21T   1   1   1   1   1   1   1   1   1   1   1   1   1   1   0
 22T   0   1   1   1   1   1   1   1   1   1   1   1   0   0   0
 23T   1   1   1   0   0   0   0   0   0   0   0   0   0   0   0
 24T   1   1   1   1   1   1   1   1   1   1   1   0   0   0   0
 25T   0   1   1   1   1   1   1   0   0   0   0   1   1   1   1
