Number of Tool Switches: 25 

Time elapsed: 2.928987 
Tool Sequence:
     11J  5J  3J  8J 10J 12J 14J  4J  7J 13J  9J  6J  1J  2J 15J
  1T   0   0   0   0   0   1   1   1   1   1   1   1   1   1   1
  2T   1   1   1   1   1   1   1   1   1   1   1   1   1   1   0
  3T   1   1   1   1   1   1   0   0   0   0   0   0   0   1   1
  4T   1   1   0   0   0   0   0   0   0   0   1   1   1   1   1
  5T   1   1   1   1   1   1   1   1   1   1   1   1   1   1   1
  6T   1   1   1   1   1   1   1   1   1   1   1   1   1   1   1
  7T   1   1   1   1   1   1   1   1   1   1   1   1   1   1   1
  8T   0   0   0   0   0   0   1   1   1   1   1   1   1   1   1
  9T   1   1   1   1   1   1   1   1   1   1   0   0   0   0   1
 10T   1   1   1   0   0   0   0   0   0   0   0   0   0   1   1
 11T   1   1   1   1   1   1   1   1   1   1   1   1   1   0   0
 12T   1   1   1   1   1   1   1   1   1   1   1   1   1   1   1
 13T   0   0   1   1   1   1   1   1   0   0   0   0   0   0   0
 14T   1   1   1   1   1   1   1   1   1   1   1   1   1   1   1
 15T   1   1   1   1   1   1   1   1   1   1   1   1   1   1   1
 16T   1   1   1   1   1   1   1   1   1   1   1   1   1   0   0
 17T   0   0   0   1   1   1   1   1   1   1   1   1   1   1   1
 18T   0   0   0   0   0   0   0   0   1   1   1   1   1   1   0
 19T   1   1   1   1   1   1   1   1   1   0   0   0   0   0   0
 20T   1   1   1   1   1   0   0   0   0   0   1   1   1   1   1
