Number of Tool Switches: 25 

Time elapsed: 0.015048 
Tool Sequence:
     10J  1J  6J  3J  8J  9J  2J 14J  7J 15J 11J 13J  4J 12J  5J
  1T   1   1   1   1   1   1   1   1   0   0   0   0   0   0   0
  2T   1   1   1   1   1   1   1   1   1   1   1   1   1   1   1
  3T   1   1   1   1   1   1   1   1   1   1   1   1   1   1   1
  4T   1   1   0   0   0   0   0   0   0   0   0   0   0   0   0
  5T   0   0   0   0   0   0   0   0   0   0   1   0   0   0   0
  6T   1   1   1   1   1   1   1   1   1   1   1   1   1   1   1
  7T   1   1   1   1   1   1   1   1   1   1   1   1   1   1   1
  8T   1   1   1   1   1   1   1   1   1   1   1   1   1   0   0
  9T   0   0   0   0   0   0   0   0   0   0   0   0   1   0   0
 10T   1   1   1   1   1   1   1   1   0   0   0   0   0   0   0
 11T   0   0   0   0   0   0   0   0   0   0   0   0   1   0   0
 12T   1   1   1   1   1   1   1   1   1   1   1   1   1   1   0
 13T   1   1   1   1   1   1   1   0   0   0   0   0   0   0   0
 14T   1   1   1   1   1   1   1   1   1   1   1   1   1   0   0
 15T   1   1   1   0   0   0   0   0   0   0   0   0   0   0   0
 16T   1   1   1   1   0   0   0   0   0   0   0   0   0   0   0
 17T   0   0   0   0   0   0   0   0   0   0   0   1   0   0   0
 18T   1   1   1   1   1   1   1   1   1   1   1   0   0   0   0
 19T   1   1   1   1   1   1   0   0   0   0   0   0   0   0   0
 20T   1   1   1   1   1   1   1   1   1   1   0   0   0   0   0
 21T   1   1   1   1   1   1   1   0   0   0   0   0   0   0   0
 22T   0   0   0   0   0   0   0   0   0   0   1   0   0   0   0
 23T   1   0   0   0   0   0   0   0   0   0   0   0   0   0   0
 24T   1   1   1   1   1   0   0   0   0   0   0   0   0   0   0
 25T   1   1   1   1   1   1   1   1   1   1   1   1   1   1   0
