Number of Tool Switches: 28 

Time elapsed: 2.412885 
Tool Sequence:
      1J  4J  9J 15J  5J 12J  8J 10J 14J  6J 11J  7J 13J  3J  2J
  1T   1   1   1   1   1   1   1   1   1   1   1   1   1   1   1
  2T   1   1   1   1   1   1   1   1   1   1   1   1   1   1   1
  3T   1   1   1   1   1   1   1   1   1   1   1   1   1   0   0
  4T   1   1   1   1   1   1   1   1   0   0   0   0   0   0   0
  5T   1   1   1   1   1   1   1   1   1   1   1   1   1   1   1
  6T   1   1   1   1   1   1   1   1   1   1   1   1   1   1   0
  7T   1   1   0   0   0   0   0   0   1   1   1   1   1   1   1
  8T   1   1   1   1   1   1   1   1   1   1   1   1   1   1   1
  9T   0   0   1   1   1   1   1   1   1   1   0   0   0   0   0
 10T   1   1   1   0   0   0   0   0   0   0   0   0   1   1   1
 11T   1   1   1   1   1   1   1   1   1   1   1   1   0   0   0
 12T   1   1   1   1   1   1   1   1   1   1   1   1   1   1   1
 13T   1   1   1   1   1   1   1   1   1   1   1   0   0   0   0
 14T   1   1   1   1   1   1   1   1   1   1   1   1   1   1   0
 15T   0   0   1   1   1   1   1   1   1   1   1   1   1   1   1
 16T   1   1   1   1   1   1   1   1   1   1   1   1   1   1   1
 17T   1   1   1   1   1   1   1   1   1   1   1   1   1   1   1
 18T   0   0   0   1   1   1   1   1   1   1   1   1   1   1   0
 19T   1   1   0   0   0   0   0   0   0   0   1   1   1   0   0
 20T   1   1   1   1   1   1   1   1   1   1   0   0   0   0   0
 21T   1   1   1   1   1   1   1   1   1   1   1   1   1   1   0
 22T   0   0   0   0   0   0   0   1   1   1   1   1   1   1   1
 23T   1   1   1   1   1   1   1   1   1   1   1   1   1   1   0
 24T   0   0   0   0   0   0   0   0   0   0   0   1   1   1   0
 25T   1   1   1   1   1   1   0   0   0   0   0   0   0   0   0
