Number of Tool Switches: 38 

Time elapsed: 2.957136 
Tool Sequence:
     12J 13J 15J  9J  5J  4J  2J  8J  6J 14J  7J 11J 10J  3J  1J
  1T   0   0   0   0   0   0   0   1   1   1   0   0   0   0   1
  2T   1   1   0   0   0   0   0   0   1   1   1   1   1   1   1
  3T   0   0   0   0   1   1   1   1   1   1   1   1   1   1   1
  4T   0   1   1   1   1   1   1   1   0   0   0   0   0   0   0
  5T   0   1   1   1   1   1   1   1   0   0   1   1   1   1   1
  6T   0   0   0   0   0   0   0   0   0   0   1   1   0   0   1
  7T   1   1   1   1   0   0   0   1   1   1   1   1   1   1   0
  8T   1   1   1   1   1   1   1   0   0   0   0   0   0   1   1
  9T   0   0   0   1   1   1   1   1   1   1   1   0   0   0   0
 10T   0   0   0   0   0   0   0   1   1   1   1   1   1   1   1
 11T   1   1   1   0   0   0   0   0   1   1   1   1   1   0   0
 12T   0   1   1   1   1   1   1   0   0   1   0   0   0   1   1
 13T   1   1   0   0   0   0   0   0   0   0   0   1   0   0   0
 14T   1   1   1   1   1   1   1   0   0   1   1   1   1   0   0
 15T   1   0   0   0   0   1   1   1   0   0   0   0   0   0   1
 16T   1   0   1   1   1   1   1   1   1   0   0   0   1   1   0
 17T   1   0   0   0   0   0   1   1   1   0   0   0   0   1   0
 18T   1   1   1   1   1   0   0   0   0   0   0   0   0   0   0
 19T   0   0   0   0   0   0   0   0   1   1   1   1   1   1   1
 20T   0   0   1   1   1   1   0   0   0   0   0   0   1   0   0
