Number of Tool Switches: 15 

Time elapsed: 0.291102 
Tool Sequence:
     15J  9J 11J  7J 13J  8J 10J 14J  3J  2J  1J  6J 12J  4J  5J
  1T   1   1   0   0   0   0   0   0   0   0   0   0   0   0   0
  2T   1   1   1   1   1   1   1   1   1   1   1   1   1   0   0
  3T   1   1   1   1   1   1   1   1   1   1   1   1   1   1   0
  4T   1   1   1   1   1   1   1   1   1   0   0   0   0   0   0
  5T   0   0   0   0   0   0   0   0   0   0   0   1   1   1   0
  6T   0   0   0   0   0   0   0   1   1   1   1   1   1   0   0
  7T   0   0   0   0   0   0   1   1   1   1   1   1   1   1   1
  8T   0   0   0   0   0   1   1   1   1   1   1   1   0   0   0
  9T   1   1   1   1   1   1   1   1   1   1   1   1   0   0   0
 10T   1   1   1   1   1   1   1   1   1   1   1   1   1   0   0
 11T   1   1   1   1   1   0   0   0   0   0   0   0   0   0   0
 12T   0   0   0   0   1   1   1   1   1   1   0   0   0   0   0
 13T   1   1   1   1   1   1   1   1   1   1   1   1   1   1   1
 14T   1   1   1   1   1   1   0   0   0   0   0   0   0   0   0
 15T   1   1   1   1   1   1   1   0   0   0   0   0   0   0   0
