Number of Tool Switches: 33 

Time elapsed: 0.699444 
Tool Sequence:
      9J  2J 10J 12J  7J 11J 14J  8J  6J 13J  3J  1J 15J  5J  4J
  1T   0   0   0   0   0   0   0   0   0   0   0   1   1   0   0
  2T   0   0   0   0   0   0   0   1   0   0   0   0   0   0   0
  3T   0   0   0   0   0   0   0   0   0   0   0   0   0   0   1
  4T   1   1   1   1   1   1   1   0   1   0   0   0   0   0   0
  5T   0   0   0   0   0   0   0   0   0   0   0   0   1   1   0
  6T   0   0   0   0   0   0   1   0   0   0   1   0   0   0   0
  7T   0   0   0   0   0   0   0   0   0   1   1   1   1   0   0
  8T   0   0   0   0   0   0   0   0   1   0   0   0   0   0   0
  9T   0   1   1   0   0   0   0   0   0   0   0   0   0   0   0
 10T   0   0   0   1   0   0   0   0   0   0   0   1   0   0   0
 11T   1   0   0   0   0   0   0   0   0   0   0   0   0   0   0
 12T   1   1   0   0   0   0   0   0   0   0   0   0   0   0   1
 13T   0   0   0   1   1   1   1   1   0   0   0   0   0   0   0
 14T   0   0   0   0   0   0   0   1   1   1   0   0   0   0   0
 15T   0   0   1   1   1   0   0   0   0   1   1   0   0   0   0
 16T   0   0   0   0   0   0   0   0   0   1   0   0   0   0   0
 17T   0   0   1   0   0   0   0   0   0   0   0   0   0   1   1
 18T   0   0   0   0   0   0   0   0   1   1   1   1   1   1   1
 19T   0   0   0   0   1   1   0   0   0   0   0   0   0   0   0
 20T   1   1   0   0   0   1   1   1   0   0   0   0   0   0   0
 21T   0   0   0   0   1   0   0   0   0   0   1   1   1   1   1
 22T   0   0   0   0   0   0   1   1   1   0   0   0   0   0   0
 23T   0   0   0   0   0   1   0   0   0   0   0   0   0   0   0
 24T   0   0   1   1   0   0   0   0   0   0   0   0   0   0   0
 25T   1   1   0   0   0   0   0   0   0   0   0   0   0   0   0
