Number of Tool Switches: 42 

Time elapsed: 3.419390 
Tool Sequence:
     15J 11J  2J  7J 14J 13J  3J  4J 12J  9J 10J  1J  5J  8J  6J
  1T   1   1   1   0   0   0   0   0   0   0   0   0   0   0   1
  2T   0   0   0   0   0   0   1   1   1   0   0   1   0   0   0
  3T   0   0   0   0   0   0   0   0   0   0   0   0   0   1   1
  4T   1   1   1   1   1   1   1   1   0   0   0   0   0   0   0
  5T   1   1   1   1   1   1   1   1   1   1   1   1   1   0   1
  6T   0   0   0   0   1   1   1   0   0   1   1   0   1   0   0
  7T   1   1   1   1   0   0   0   0   0   1   0   0   0   0   0
  8T   1   1   1   1   1   1   1   1   1   0   0   0   0   0   0
  9T   0   0   0   0   0   0   0   1   1   1   1   1   1   0   1
 10T   1   1   1   1   1   1   1   0   0   0   0   0   0   1   1
 11T   0   0   1   1   1   1   0   0   0   0   0   0   0   0   0
 12T   0   0   0   0   0   0   0   0   1   1   0   0   0   1   0
 13T   0   1   0   0   0   0   0   0   0   0   0   1   1   0   0
 14T   0   0   1   1   1   0   0   0   0   0   0   0   0   0   0
 15T   0   0   0   1   1   1   1   1   1   0   0   0   1   1   1
 16T   0   0   0   0   0   0   0   1   0   0   0   0   0   1   1
 17T   1   1   1   1   0   0   0   0   0   0   0   1   1   1   0
 18T   1   0   0   0   0   0   0   1   1   1   1   0   0   0   0
 19T   0   1   0   0   0   0   0   0   0   0   0   0   0   0   0
 20T   0   0   0   0   0   0   0   0   0   1   1   1   1   1   1
 21T   1   0   0   0   0   0   0   0   1   1   1   0   0   0   0
 22T   1   0   0   0   0   0   0   0   0   0   1   1   0   0   0
 23T   0   1   1   1   0   0   0   0   0   0   1   1   1   1   1
 24T   0   0   0   0   1   1   1   1   1   1   1   1   1   1   0
 25T   0   0   0   0   1   1   1   1   1   1   1   1   1   1   1
