Number of Tool Switches: 45 

Time elapsed: 5.610939 
Tool Sequence:
      9J  8J 12J 14J  1J  5J  3J  6J 15J  4J  7J  2J 13J 10J 11J
  1T   1   0   0   0   1   1   1   1   1   1   1   1   1   1   1
  2T   0   0   0   1   1   1   1   1   1   1   1   1   1   1   1
  3T   1   1   1   1   1   1   1   1   0   0   0   0   1   1   1
  4T   0   0   1   1   1   1   1   1   1   0   0   0   0   0   1
  5T   1   1   1   1   1   1   1   1   1   1   1   1   0   0   0
  6T   1   1   1   1   1   1   1   1   0   1   1   1   1   1   1
  7T   0   0   0   1   0   0   1   1   1   1   1   1   1   1   1
  8T   1   1   1   1   1   1   1   1   1   1   1   1   1   1   1
  9T   1   1   1   1   1   1   1   1   1   1   0   0   1   0   0
 10T   0   1   1   1   1   1   0   0   0   1   1   1   1   1   1
 11T   1   0   0   0   1   1   1   1   1   1   1   0   0   1   1
 12T   1   1   1   1   1   1   1   1   1   1   1   1   1   1   1
 13T   1   1   1   1   1   1   1   0   0   0   1   1   1   1   1
 14T   1   1   1   1   1   1   1   1   1   1   1   1   0   0   1
 15T   1   1   1   1   1   1   0   0   1   0   0   1   1   1   0
 16T   1   1   1   1   1   1   1   1   1   1   1   1   1   1   0
 17T   1   1   1   1   1   1   1   1   1   1   1   1   1   1   1
 18T   1   1   1   0   0   0   0   0   1   1   1   1   1   1   1
 19T   1   1   1   1   0   0   1   0   0   0   0   0   0   1   1
 20T   1   1   1   1   1   1   1   1   1   1   1   1   1   1   1
 21T   1   1   1   0   1   1   1   1   1   1   1   1   1   1   1
 22T   1   1   0   0   0   0   0   1   1   1   1   1   1   1   1
 23T   0   1   1   1   1   1   1   1   1   1   1   1   1   1   0
 24T   1   1   1   1   0   0   0   1   1   1   1   1   1   1   1
 25T   1   1   1   1   1   1   1   1   1   1   1   1   1   0   1
