Number of Tool Switches: 21 

Time elapsed: 1.537050 
Tool Sequence:
      5J 15J  2J 11J  6J 10J  4J  8J 14J  7J  1J 13J 12J  9J  3J
  1T   1   1   1   1   1   1   1   1   1   1   1   1   1   0   0
  2T   0   0   0   0   0   0   1   1   1   1   1   1   1   0   0
  3T   0   0   0   0   0   0   0   0   0   0   1   1   1   1   1
  4T   1   1   1   1   1   1   1   1   1   1   1   1   1   1   1
  5T   1   1   1   1   1   1   1   0   0   0   0   0   0   0   0
  6T   1   1   1   1   1   1   1   1   1   1   1   1   1   1   0
  7T   1   1   1   1   1   1   1   1   1   1   1   1   1   1   1
  8T   1   1   1   1   0   0   0   0   0   0   0   0   0   0   0
  9T   1   1   1   1   1   0   0   0   1   1   1   1   1   1   1
 10T   1   1   1   1   1   1   1   1   1   1   1   1   1   1   1
 11T   1   1   1   1   1   1   1   1   1   1   1   1   1   1   1
 12T   1   1   1   1   1   1   1   1   1   0   0   0   0   0   0
 13T   1   1   1   1   1   1   1   1   1   1   1   1   1   1   0
 14T   1   1   1   1   1   1   1   1   1   1   1   0   0   0   0
 15T   0   0   0   0   0   0   0   0   1   1   1   0   0   0   0
 16T   0   0   0   0   0   1   1   1   1   1   1   1   1   0   0
 17T   1   1   1   1   1   1   1   1   1   1   1   1   1   1   1
 18T   1   1   1   1   1   1   0   0   0   0   0   0   0   0   0
 19T   1   1   1   1   1   1   1   1   1   1   1   1   1   1   0
 20T   0   0   0   0   1   1   1   1   0   0   0   0   0   0   0
