Number of Tool Switches: 20 

Time elapsed: 0.513802 
Tool Sequence:
     10J  3J  1J  8J  7J 12J 15J  4J 11J 13J  2J  9J  5J 14J  6J
  1T   1   1   1   1   1   1   1   1   1   1   1   1   1   1   1
  2T   0   0   0   0   0   1   1   1   1   1   1   0   0   0   0
  3T   0   0   0   0   0   0   0   0   0   0   0   0   0   0   1
  4T   1   1   1   1   1   1   1   1   1   1   1   0   0   0   0
  5T   1   1   1   1   1   1   1   1   1   1   1   1   1   0   0
  6T   0   0   0   0   1   1   1   1   0   0   0   0   0   0   0
  7T   1   1   1   0   0   0   0   0   0   0   0   0   0   0   0
  8T   0   0   0   0   0   0   0   0   0   0   0   1   1   0   0
  9T   1   1   1   1   0   0   0   0   0   0   0   0   0   0   0
 10T   1   1   1   1   1   1   1   1   1   1   1   0   0   0   0
 11T   0   0   0   0   0   0   0   0   0   1   1   1   1   1   0
 12T   1   1   1   1   1   0   0   0   0   0   0   0   0   0   0
 13T   0   0   0   1   1   1   1   1   1   1   1   1   0   0   0
 14T   0   0   0   0   0   0   0   0   0   0   0   0   0   1   0
 15T   0   0   0   0   0   0   0   0   0   0   1   0   0   0   0
 16T   1   1   1   1   1   1   1   1   1   1   1   1   1   0   0
 17T   0   0   0   0   1   1   1   0   0   0   0   0   0   0   0
 18T   1   1   1   1   0   0   0   0   0   0   0   0   0   0   0
 19T   0   0   0   0   0   0   0   1   1   1   1   1   1   1   1
 20T   1   1   1   1   1   1   1   1   1   1   0   0   0   0   0
