Number of Tool Switches: 25 

Time elapsed: 0.023084 
Tool Sequence:
     15J  7J  3J 10J 12J  6J  2J 11J  1J  5J  8J  9J  4J 14J 13J
  1T   1   1   1   1   0   0   0   0   0   0   0   0   0   0   0
  2T   1   1   1   1   1   1   1   1   1   1   1   1   0   0   0
  3T   1   1   1   1   1   1   1   1   1   1   1   1   0   0   0
  4T   1   0   0   0   0   0   0   0   0   0   0   0   0   0   0
  5T   1   1   1   1   1   1   1   1   1   1   1   1   0   0   0
  6T   1   1   1   1   1   1   1   1   1   1   1   1   1   1   0
  7T   0   0   0   0   0   0   0   0   0   0   0   0   0   1   0
  8T   1   1   1   1   1   1   1   1   1   1   1   1   1   1   0
  9T   0   0   0   0   0   0   0   0   1   1   1   1   1   1   0
 10T   1   1   1   1   1   1   1   1   1   1   1   1   1   1   1
 11T   1   1   1   1   1   1   1   1   1   1   1   1   1   0   0
 12T   1   1   1   1   1   1   1   1   1   1   1   1   0   0   0
 13T   1   1   0   0   0   0   0   0   0   0   0   0   0   0   0
 14T   1   1   1   1   1   1   1   1   1   1   1   0   0   0   0
 15T   1   1   1   1   1   1   1   1   0   0   0   0   0   0   0
 16T   1   1   1   1   1   1   1   1   1   1   1   1   1   1   0
 17T   1   1   1   1   1   1   1   0   0   0   0   0   0   0   0
 18T   0   0   0   0   0   0   0   1   1   0   0   0   0   0   0
 19T   1   1   1   1   1   1   1   1   1   1   0   0   0   0   0
 20T   0   0   0   0   0   0   0   0   0   0   0   0   1   0   0
 21T   1   1   1   1   1   1   1   1   0   0   0   0   0   0   0
 22T   0   0   0   0   0   0   0   0   0   0   0   1   0   0   0
 23T   1   1   1   1   1   0   0   0   0   0   0   0   0   0   0
 24T   1   1   1   1   1   1   1   1   1   1   1   1   1   1   1
 25T   1   1   1   0   0   0   0   0   0   0   0   0   0   0   0
