Number of Tool Switches: 20 

Time elapsed: 0.224428 
Tool Sequence:
      6J  1J  8J  2J 13J  9J 15J  7J 14J 10J  4J  3J 12J  5J 11J
  1T   1   1   1   1   0   0   0   0   0   0   0   0   0   0   0
  2T   1   1   1   1   1   1   1   1   1   1   1   1   1   1   1
  3T   0   0   0   0   0   0   0   0   0   0   0   1   1   1   1
  4T   1   1   1   1   1   1   1   1   1   1   1   1   0   0   0
  5T   1   1   1   1   0   0   0   0   0   0   0   0   0   0   0
  6T   1   1   1   0   0   0   0   0   0   0   0   0   0   0   0
  7T   0   0   0   0   0   0   0   0   0   1   1   1   1   1   1
  8T   1   1   1   1   1   1   0   0   0   0   0   0   0   0   0
  9T   1   1   1   1   1   1   0   0   0   0   0   0   0   0   0
 10T   0   0   0   0   0   1   1   1   1   1   1   0   0   0   0
 11T   1   1   1   1   1   1   1   1   1   1   1   1   1   1   1
 12T   0   0   0   0   0   0   0   0   0   0   0   0   0   1   0
 13T   0   0   0   0   0   0   0   0   0   1   1   1   1   1   0
 14T   0   0   0   0   0   0   1   1   0   0   0   0   0   0   0
 15T   0   0   0   0   0   0   1   1   1   1   1   1   1   0   0
 16T   0   0   0   1   1   1   1   1   1   1   1   1   0   0   0
 17T   1   1   1   1   1   1   1   1   1   0   0   0   0   0   0
 18T   0   0   0   0   0   0   0   1   1   1   0   0   0   0   0
 19T   0   0   0   0   0   0   0   0   0   0   0   0   1   1   0
 20T   1   1   1   1   1   1   1   1   1   1   0   0   0   0   0
