Number of Tool Switches: 50 

Time elapsed: 5.537858 
Tool Sequence:
      5J 12J  6J 13J  2J 15J  1J  9J  8J 10J 11J  7J 14J  3J  4J
  1T   1   1   1   1   1   1   1   0   1   1   1   1   1   0   0
  2T   1   1   1   1   1   1   1   1   1   1   1   0   0   0   0
  3T   1   1   0   0   1   1   1   1   1   1   1   0   0   0   0
  4T   1   1   1   0   0   1   0   0   0   0   0   0   1   1   0
  5T   0   0   0   0   0   0   0   1   0   0   0   1   1   1   1
  6T   0   1   1   1   1   1   1   1   0   0   1   1   1   1   1
  7T   1   0   0   0   1   0   0   0   0   0   0   1   1   1   0
  8T   1   0   0   1   1   1   1   1   1   1   0   0   0   0   0
  9T   0   1   1   1   1   1   1   1   1   1   1   1   1   1   1
 10T   1   1   1   1   1   0   0   0   1   1   1   1   1   1   1
 11T   1   1   1   1   0   0   1   0   0   0   0   0   1   1   1
 12T   1   1   1   1   1   1   1   1   1   1   1   1   1   1   1
 13T   0   0   0   0   0   0   0   0   0   0   1   1   1   1   1
 14T   1   1   1   1   1   0   0   0   0   0   0   0   0   0   1
 15T   1   0   0   0   0   1   1   1   1   1   1   1   0   0   0
 16T   1   0   0   0   0   1   1   0   0   0   0   0   0   1   1
 17T   1   1   0   0   0   0   0   1   1   1   1   1   0   0   1
 18T   0   0   1   1   1   1   1   1   1   0   0   1   1   1   1
 19T   1   1   1   1   1   1   1   1   1   1   0   0   0   0   0
 20T   0   1   1   1   1   1   0   0   0   0   1   1   1   1   1
 21T   0   0   0   1   0   0   0   0   0   1   1   1   1   1   1
 22T   1   1   1   0   0   0   1   1   1   1   1   0   0   0   1
 23T   0   0   0   1   1   1   1   1   1   1   1   1   1   1   0
 24T   0   0   1   1   0   0   0   1   1   1   0   0   0   0   0
 25T   0   1   1   0   1   1   1   1   1   1   1   1   1   1   1
