Number of Tool Switches: 28 

Time elapsed: 3.232047 
Tool Sequence:
      5J  2J  7J 14J  3J 12J  6J 10J  4J 13J  9J 11J 15J  1J  8J
  1T   1   1   1   1   1   1   1   1   1   1   1   1   1   1   0
  2T   1   0   0   0   0   0   0   0   0   0   1   1   1   1   1
  3T   1   1   1   1   1   1   1   1   1   1   1   1   1   1   1
  4T   1   1   1   0   0   0   0   0   0   0   0   0   0   1   1
  5T   0   0   0   1   1   1   1   1   1   1   1   1   1   0   0
  6T   1   1   1   1   1   1   1   1   1   1   1   0   0   0   0
  7T   1   1   1   1   1   1   1   1   1   1   1   1   1   1   1
  8T   0   1   1   1   1   1   1   1   1   1   1   1   1   1   1
  9T   1   0   0   0   0   0   0   1   1   1   1   1   1   0   0
 10T   1   1   1   1   0   0   0   0   0   0   1   1   1   1   1
 11T   1   1   1   1   1   1   1   1   1   1   0   0   0   1   1
 12T   1   1   1   1   1   1   1   1   1   1   1   1   1   1   1
 13T   0   0   0   0   1   1   1   1   1   1   1   1   1   1   1
 14T   1   1   1   1   1   1   1   1   1   1   1   1   1   1   1
 15T   0   1   1   1   1   1   1   1   1   1   1   1   1   1   0
 16T   1   1   1   1   1   1   1   0   0   0   0   1   1   1   1
 17T   1   1   1   1   1   1   1   1   1   1   1   1   1   1   1
 18T   0   0   0   0   0   0   1   1   1   1   1   1   1   1   1
 19T   1   1   1   1   1   1   1   1   1   1   0   0   0   0   1
 20T   1   1   1   1   1   1   0   0   0   0   0   0   0   0   1
