Number of Tool Switches: 20 

Time elapsed: 1.442532 
Tool Sequence:
      8J  5J  9J  3J  2J 15J 12J  7J 14J  4J  1J 10J  6J 11J 13J
  1T   1   1   0   1   1   1   1   1   1   1   0   0   0   0   0
  2T   0   0   1   1   1   1   1   1   1   1   1   1   1   1   0
  3T   1   1   1   1   1   1   1   1   1   1   1   1   1   0   0
  4T   0   0   0   0   0   0   0   0   0   0   0   0   1   1   1
  5T   1   1   1   1   1   1   1   0   0   0   0   0   0   0   0
  6T   1   1   1   1   1   1   1   1   1   1   1   1   1   1   1
  7T   1   1   1   1   1   1   1   1   1   0   0   0   0   0   1
  8T   1   1   1   0   0   0   0   1   1   1   1   1   0   0   0
  9T   1   1   1   1   1   0   0   0   0   0   0   0   0   1   1
 10T   1   1   1   1   1   1   1   1   1   1   1   1   1   1   0
 11T   0   0   0   0   0   1   1   1   1   1   1   1   1   1   1
 12T   0   0   0   0   0   0   0   0   0   1   1   1   1   1   1
 13T   1   0   0   0   0   0   0   0   0   0   0   1   1   1   0
 14T   0   1   1   1   1   1   1   1   1   1   1   1   1   0   0
 15T   1   1   1   1   1   1   1   1   1   1   1   1   1   0   0
