Number of Tool Switches: 37 

Time elapsed: 2.750999 
Tool Sequence:
      5J  9J  8J 14J  7J 13J  6J 10J  3J  1J 11J  2J  4J 15J 12J
  1T   0   0   0   1   1   1   1   1   1   1   1   1   0   0   0
  2T   0   0   1   1   1   1   0   0   0   0   1   1   1   0   0
  3T   0   0   0   1   0   0   0   0   1   1   1   1   1   1   1
  4T   1   1   0   0   0   1   1   1   1   0   0   0   0   0   0
  5T   1   1   1   1   1   1   0   0   0   0   0   1   1   1   1
  6T   0   0   0   0   1   1   1   1   1   1   1   1   0   0   0
  7T   0   0   1   0   0   0   1   1   1   1   1   0   0   0   0
  8T   1   1   1   1   1   1   1   1   1   0   0   0   0   1   1
  9T   1   1   1   1   1   0   0   0   0   0   1   0   0   0   0
 10T   1   1   1   1   1   1   0   0   0   1   0   0   1   1   1
 11T   0   0   1   1   1   1   1   1   1   0   0   0   0   0   0
 12T   1   1   0   0   0   0   1   1   1   1   1   1   0   0   0
 13T   1   1   1   1   1   1   1   1   1   1   0   0   0   0   0
 14T   1   1   0   0   0   0   0   0   0   1   1   1   1   1   1
 15T   1   1   1   0   0   1   1   1   0   0   0   0   0   0   1
 16T   0   0   0   0   0   0   1   1   0   0   1   1   1   1   0
 17T   0   0   0   0   0   0   0   0   1   1   1   1   1   1   0
 18T   0   0   0   0   1   0   0   0   0   0   0   0   1   1   0
 19T   0   0   0   0   0   0   0   0   0   0   0   1   1   1   1
 20T   1   1   1   1   0   0   0   0   0   1   0   0   0   1   1
