Number of Tool Switches: 42 

Time elapsed: 3.544055 
Tool Sequence:
      1J 11J  6J 10J 12J  9J  7J  2J  8J  4J 14J  3J 15J 13J  5J
  1T   0   0   0   0   0   0   1   1   0   0   0   0   0   0   0
  2T   1   1   1   0   0   0   0   0   0   1   1   1   1   1   1
  3T   0   0   0   0   0   1   1   0   0   0   0   0   0   0   0
  4T   0   0   0   0   0   0   0   0   0   1   1   1   1   1   1
  5T   1   1   1   1   1   0   1   1   1   1   0   0   0   0   0
  6T   0   0   1   1   0   0   0   0   0   1   1   1   1   0   0
  7T   0   0   0   1   0   0   0   1   1   0   0   0   0   0   0
  8T   0   0   0   0   0   0   0   0   1   1   1   1   1   1   1
  9T   1   1   1   1   0   0   1   1   0   0   0   0   0   0   1
 10T   0   0   0   0   0   1   1   1   1   1   1   1   1   0   0
 11T   0   0   0   0   0   0   0   0   0   0   1   1   0   0   0
 12T   0   0   0   1   1   1   0   0   0   0   0   0   0   1   0
 13T   1   0   0   0   0   0   0   0   0   0   0   0   0   1   1
 14T   0   0   0   0   0   0   0   0   1   1   1   1   1   1   0
 15T   0   0   0   0   1   1   1   1   1   0   0   0   0   0   1
 16T   0   0   0   0   0   1   1   1   1   1   1   1   1   0   1
 17T   1   1   1   0   1   1   0   0   1   0   0   0   0   0   0
 18T   0   1   1   1   0   0   0   0   0   0   0   0   0   1   1
 19T   0   0   0   0   1   0   0   0   0   0   0   0   0   0   1
 20T   1   1   1   1   1   1   1   0   0   0   0   0   0   0   0
 21T   0   0   0   1   1   0   0   0   0   0   0   0   0   1   0
 22T   1   1   0   0   0   0   0   0   0   0   0   0   0   0   0
 23T   1   1   1   0   1   1   1   1   1   1   0   0   0   0   0
 24T   1   1   1   1   1   1   0   0   0   0   0   0   1   1   1
 25T   1   1   1   1   1   1   1   1   1   1   1   1   1   1   0
