Number of Tool Switches: 30 

Time elapsed: 4.156777 
Tool Sequence:
     12J 13J  9J  4J  7J 10J 11J 15J 14J  8J  5J  2J  3J  1J  6J
  1T   1   1   1   1   1   1   1   1   0   0   0   0   0   0   0
  2T   0   0   0   0   0   1   1   1   1   1   1   1   1   0   0
  3T   1   1   1   1   1   1   0   0   0   0   0   0   0   1   1
  4T   0   0   0   0   0   0   1   1   1   1   1   1   1   1   0
  5T   0   0   0   0   0   0   0   0   0   0   1   1   1   1   1
  6T   1   1   1   1   1   1   1   1   1   1   1   1   0   0   0
  7T   1   1   1   1   1   1   1   1   1   1   1   1   1   1   1
  8T   1   1   1   1   1   1   1   1   1   1   1   0   0   0   0
  9T   1   1   1   1   1   1   1   1   1   1   1   1   1   1   1
 10T   1   1   1   1   1   1   1   1   1   1   1   1   0   0   0
 11T   1   1   1   1   1   1   1   1   1   1   1   0   0   0   0
 12T   1   1   1   0   0   0   0   0   0   0   0   1   0   0   0
 13T   1   1   1   1   1   1   1   1   1   1   1   1   0   0   0
 14T   1   1   1   1   1   1   1   1   1   1   1   1   1   1   1
 15T   0   0   0   0   0   0   1   1   1   1   1   1   1   1   1
 16T   1   1   1   1   1   1   1   1   1   1   0   0   0   0   0
 17T   0   0   0   0   0   0   0   0   0   0   1   1   1   0   0
 18T   0   0   0   0   0   0   0   0   0   0   0   1   1   1   1
 19T   0   0   1   1   1   0   0   0   0   0   0   0   1   0   0
 20T   0   0   0   0   1   1   1   1   0   0   0   0   0   0   0
 21T   1   1   1   1   1   1   0   0   0   0   0   0   0   0   0
 22T   0   0   0   0   0   0   0   0   1   1   1   0   0   0   0
 23T   0   0   0   1   1   1   1   1   1   1   1   1   0   0   0
 24T   1   1   1   1   0   0   0   0   0   0   0   0   0   1   0
 25T   1   1   0   0   0   0   0   0   1   1   0   0   0   0   0
