Number of Tool Switches: 27 

Time elapsed: 0.688691 
Tool Sequence:
      1J  8J 15J 11J 14J  6J 10J  3J  7J  2J 12J 13J  5J  9J  4J
  1T   0   0   0   0   0   0   0   0   1   1   1   1   1   1   0
  2T   0   0   0   0   1   1   1   1   1   1   1   1   1   1   1
  3T   0   0   0   0   0   0   0   0   0   1   1   0   0   0   0
  4T   0   0   0   0   0   0   0   0   0   0   0   0   0   1   1
  5T   0   0   0   0   0   0   0   0   0   0   0   1   0   0   0
  6T   0   0   0   0   0   0   0   0   0   0   1   1   1   0   0
  7T   0   1   1   1   1   0   0   0   0   0   0   0   0   0   0
  8T   0   0   0   0   0   0   1   1   0   0   0   0   0   0   0
  9T   0   1   0   0   0   0   0   1   1   1   0   0   0   0   0
 10T   0   0   0   0   0   0   0   0   0   0   0   1   0   0   0
 11T   0   0   1   1   0   0   0   0   0   0   0   0   1   1   1
 12T   1   0   0   0   1   0   0   0   0   0   0   0   0   0   0
 13T   0   1   0   0   0   0   0   0   0   0   0   0   0   0   0
 14T   1   0   0   0   0   0   0   0   0   0   0   0   0   0   1
 15T   0   0   0   1   1   1   0   0   0   0   0   0   0   0   0
 16T   1   1   1   1   0   0   0   0   0   1   0   0   0   0   0
 17T   0   0   0   0   0   1   1   1   1   0   0   0   0   0   1
 18T   0   0   1   1   1   1   1   1   1   0   0   0   0   0   0
 19T   1   1   1   0   0   0   0   0   0   0   0   0   1   0   0
 20T   1   0   0   0   0   0   0   0   0   0   0   0   0   0   0
