Number of Tool Switches: 29 

Time elapsed: 4.089032 
Tool Sequence:
      2J 14J  1J 13J  4J  7J  6J  5J  3J 15J 10J 11J  8J 12J  9J
  1T   0   0   1   1   1   1   1   1   1   1   1   1   1   1   1
  2T   1   1   1   1   1   1   1   1   1   1   1   1   1   0   0
  3T   1   1   1   1   1   1   1   1   1   1   1   1   1   1   1
  4T   0   0   0   0   0   0   0   0   1   1   1   1   1   1   1
  5T   1   1   1   1   1   1   1   1   1   1   1   1   1   1   1
  6T   1   1   1   1   1   1   1   1   1   1   1   1   0   0   0
  7T   1   1   1   1   1   1   1   1   1   1   1   1   1   1   0
  8T   0   0   0   0   1   1   1   1   1   1   1   1   1   1   1
  9T   1   1   1   1   1   1   1   1   1   1   0   0   0   0   0
 10T   1   1   1   1   0   0   0   0   0   0   1   1   1   1   1
 11T   0   0   0   0   1   1   1   1   1   1   1   1   1   1   1
 12T   1   1   1   1   1   1   1   1   1   1   1   1   1   0   0
 13T   1   1   1   1   1   1   1   0   0   0   0   0   0   0   0
 14T   1   1   1   1   0   0   0   0   0   1   1   1   1   1   1
 15T   0   0   0   1   1   1   1   1   1   1   1   1   0   0   0
 16T   1   1   1   1   1   1   1   1   1   1   1   1   1   1   1
 17T   1   1   1   1   1   1   1   1   1   1   1   1   1   1   1
 18T   1   1   1   1   1   1   1   1   1   1   1   1   1   1   0
 19T   1   1   1   1   1   1   0   0   0   0   0   0   0   0   0
 20T   1   1   1   1   1   1   1   1   1   1   1   0   0   0   0
 21T   1   1   0   0   0   0   0   0   0   0   0   1   1   1   1
 22T   1   1   1   0   0   0   0   1   1   1   0   0   0   0   0
 23T   1   1   1   1   1   1   1   1   1   1   1   1   1   1   1
 24T   1   1   1   1   1   1   1   1   0   0   0   0   0   0   0
 25T   1   1   1   1   1   1   1   1   1   1   0   0   0   0   0
