Number of Tool Switches: 21 

Time elapsed: 1.926187 
Tool Sequence:
      5J  3J  2J 12J  8J  1J 14J  4J  7J 15J  9J 10J 13J  6J 11J
  1T   1   1   1   1   1   1   1   1   1   1   1   1   1   1   1
  2T   0   0   0   0   0   0   0   0   1   1   1   1   1   1   0
  3T   1   1   1   1   1   1   1   1   1   1   1   1   1   1   1
  4T   1   1   1   1   1   1   0   0   0   0   0   0   0   0   0
  5T   1   1   1   1   1   1   1   1   1   1   1   0   0   0   0
  6T   0   0   0   0   0   0   0   0   0   0   1   1   1   1   1
  7T   1   1   1   1   1   1   1   1   1   1   1   1   1   0   0
  8T   1   1   1   1   1   1   1   1   1   1   1   1   1   1   1
  9T   1   1   1   1   1   1   1   1   1   1   0   0   0   0   0
 10T   1   1   1   1   1   1   1   1   1   1   1   1   1   1   1
 11T   1   1   1   1   1   1   1   1   1   1   1   1   1   0   0
 12T   1   1   1   1   1   1   1   1   1   1   1   1   1   1   1
 13T   1   1   1   1   1   1   1   1   1   0   0   0   0   0   0
 14T   0   0   0   0   0   1   1   1   1   1   1   1   1   0   0
 15T   0   0   0   0   0   0   0   0   0   1   1   1   1   1   1
 16T   1   1   1   1   1   1   1   1   0   0   0   0   0   0   0
 17T   1   1   1   1   1   1   1   1   1   1   1   1   0   0   0
 18T   0   0   0   0   0   0   1   1   1   1   1   1   1   1   1
 19T   1   1   1   1   1   0   0   0   0   0   0   0   0   0   1
 20T   1   1   1   1   1   1   1   1   1   1   1   1   1   0   0
