Number of Tool Switches: 51 

Time elapsed: 5.652422 
Tool Sequence:
     10J  4J 14J  7J 15J  6J  9J 11J  8J  3J  1J 13J 12J  5J  2J
  1T   0   0   0   0   0   1   0   0   0   0   0   1   1   1   1
  2T   1   1   1   1   0   0   0   0   0   1   1   1   1   1   1
  3T   0   0   0   1   1   1   1   1   1   1   1   0   0   0   0
  4T   1   1   1   1   1   1   1   1   1   1   1   1   1   1   1
  5T   0   0   0   0   1   1   1   0   0   0   0   0   0   1   1
  6T   1   1   1   1   1   1   1   1   0   0   0   0   0   0   1
  7T   1   1   1   1   1   1   1   1   1   1   1   1   0   0   0
  8T   1   1   0   0   0   1   1   1   1   1   0   0   0   0   0
  9T   1   1   1   1   1   1   1   0   0   0   0   1   1   0   1
 10T   0   1   1   1   1   0   0   1   1   1   1   1   1   1   0
 11T   1   1   1   0   0   0   0   0   1   1   0   0   0   1   1
 12T   1   0   1   1   1   0   0   0   0   1   1   1   1   0   0
 13T   1   0   0   1   1   1   1   1   1   0   0   0   0   1   1
 14T   0   1   1   1   1   1   1   1   1   1   1   0   0   0   0
 15T   1   1   1   1   1   1   1   0   0   0   0   0   1   1   0
 16T   1   1   1   1   1   0   0   0   0   0   1   1   1   1   1
 17T   0   0   0   0   0   1   1   1   1   1   1   1   1   1   1
 18T   0   0   0   0   0   0   1   1   1   1   1   1   1   0   0
 19T   1   0   0   0   1   1   0   0   0   0   1   1   0   0   0
 20T   1   1   0   0   0   1   1   1   1   1   1   1   1   1   0
 21T   0   0   1   0   0   0   1   1   1   1   1   1   1   1   0
 22T   1   1   0   0   1   0   0   1   1   1   1   0   0   0   0
 23T   0   0   1   1   0   0   0   1   1   1   1   1   1   1   1
 24T   1   1   1   1   0   0   0   0   1   0   0   0   1   1   1
 25T   0   1   1   1   1   1   1   1   0   0   0   1   1   1   1
