Number of Tool Switches: 29 

Time elapsed: 3.011670 
Tool Sequence:
      9J 15J 12J  4J 10J  2J  1J 13J  8J  6J  7J  3J  5J 14J 11J
  1T   1   1   1   1   1   1   1   1   1   1   1   1   1   1   1
  2T   0   0   0   0   0   0   0   0   0   0   1   1   0   0   0
  3T   1   1   1   1   1   1   1   1   1   1   1   1   1   1   0
  4T   1   1   1   1   1   1   1   1   1   1   1   1   1   0   0
  5T   0   0   0   0   0   0   1   1   1   1   1   0   0   0   0
  6T   1   1   1   1   1   1   1   1   1   1   1   1   0   0   0
  7T   1   1   1   1   1   1   1   1   1   1   1   1   1   1   1
  8T   1   1   1   1   1   1   1   1   1   1   1   1   1   1   1
  9T   1   1   1   1   1   1   1   1   1   1   1   1   1   1   1
 10T   1   1   1   1   1   1   1   1   0   0   0   0   0   0   0
 11T   1   1   1   1   1   1   1   1   1   1   1   1   1   1   0
 12T   1   1   1   0   0   0   0   0   0   0   0   0   1   1   1
 13T   1   1   1   1   1   1   1   1   1   1   1   1   1   1   1
 14T   1   1   1   1   1   1   1   1   1   1   1   1   1   1   1
 15T   1   1   1   1   1   1   1   1   1   1   1   1   1   1   1
 16T   1   1   1   1   1   1   1   1   1   1   1   1   1   1   1
 17T   1   1   1   1   1   1   1   1   1   1   1   1   1   1   0
 18T   1   1   1   1   1   1   0   0   0   0   0   1   1   1   1
 19T   1   1   1   1   1   1   1   1   1   1   1   1   1   1   1
 20T   0   0   0   0   0   1   1   1   1   1   1   1   1   1   1
 21T   1   1   1   1   1   0   0   0   1   1   0   0   0   0   0
 22T   0   0   0   1   1   1   1   1   1   1   1   1   1   1   0
 23T   0   0   0   1   1   1   1   1   1   1   1   1   1   1   1
 24T   1   1   1   0   0   0   0   0   0   1   1   1   0   0   0
 25T   1   1   1   1   1   1   1   1   1   0   0   0   0   0   0
