Number of Tool Switches: 29 

Time elapsed: 3.535975 
Tool Sequence:
     15J 12J 10J  8J 14J 11J  2J  7J  5J  6J 13J  1J  4J  9J  3J
  1T   0   0   0   0   0   0   1   1   1   1   1   1   1   1   0
  2T   1   1   1   1   0   0   0   0   0   0   0   1   1   1   1
  3T   1   1   1   1   1   1   1   1   1   1   1   1   1   1   1
  4T   1   1   1   1   1   1   1   1   1   1   1   1   1   1   1
  5T   1   1   1   1   1   1   1   1   1   1   1   1   1   0   0
  6T   1   1   1   1   1   1   1   1   1   1   1   1   1   1   1
  7T   1   1   1   1   1   1   1   1   1   1   1   1   1   1   0
  8T   0   0   0   0   0   0   0   0   1   1   1   1   1   1   0
  9T   1   1   1   1   1   1   1   1   1   1   1   1   1   1   1
 10T   1   1   1   1   1   1   1   1   1   1   1   1   1   1   1
 11T   0   0   0   0   0   0   0   0   0   0   0   0   1   1   1
 12T   1   1   1   1   1   1   0   0   0   0   1   0   0   0   0
 13T   1   1   1   1   1   1   1   1   1   1   1   1   0   0   0
 14T   1   1   1   1   1   1   1   0   0   0   0   0   0   1   1
 15T   1   1   1   1   1   1   1   1   1   1   1   1   1   0   0
 16T   1   1   1   1   1   1   1   1   1   1   1   1   1   1   1
 17T   1   1   1   1   1   1   1   1   1   1   1   1   1   1   0
 18T   1   1   1   1   1   1   1   1   0   0   0   0   0   0   0
 19T   1   1   1   1   1   1   1   1   1   1   1   1   1   1   0
 20T   1   1   1   1   1   1   1   1   1   1   0   0   0   0   1
 21T   0   0   0   0   1   1   1   1   1   1   1   1   1   1   1
 22T   0   0   0   0   0   0   0   1   1   1   1   1   1   1   1
 23T   1   1   1   1   1   1   1   1   1   1   1   1   1   1   0
 24T   1   1   1   1   1   1   1   1   1   1   1   1   1   1   1
 25T   1   1   1   1   1   1   1   1   1   1   1   1   1   1   0
