Number of Tool Switches: 27 

Time elapsed: 2.255858 
Tool Sequence:
      4J  5J 15J  9J 13J  3J  8J 10J  2J 11J  7J  6J 14J  1J 12J
  1T   1   1   1   1   1   1   1   1   1   1   1   1   1   1   0
  2T   1   1   1   1   1   1   1   1   1   1   1   1   1   1   0
  3T   1   1   1   1   1   1   1   1   1   1   1   1   1   1   0
  4T   1   1   1   1   1   1   1   1   1   1   1   0   0   0   0
  5T   0   0   0   0   0   0   0   1   1   1   1   1   1   0   0
  6T   1   1   1   1   1   1   1   1   1   1   1   1   1   1   0
  7T   0   0   0   0   0   0   0   0   0   0   0   0   1   1   1
  8T   1   1   1   1   1   1   1   1   1   1   1   1   1   1   1
  9T   1   1   1   1   1   1   1   1   1   1   1   1   1   1   1
 10T   1   1   1   1   1   1   1   1   1   1   1   1   1   1   1
 11T   1   1   1   1   1   1   0   0   0   0   0   0   0   1   0
 12T   0   0   0   0   0   0   0   0   1   1   1   1   1   1   0
 13T   1   1   1   1   1   1   0   0   0   0   0   1   1   1   1
 14T   1   1   1   1   1   1   1   1   1   1   1   1   1   1   0
 15T   1   1   1   1   1   1   1   0   0   0   0   0   0   0   0
 16T   1   1   1   1   1   1   1   1   1   1   1   1   1   1   0
 17T   1   1   1   1   1   1   1   1   1   1   1   1   0   0   0
 18T   1   1   1   1   1   1   1   1   1   1   1   1   1   1   1
 19T   1   1   1   1   1   1   1   1   1   1   1   1   1   1   1
 20T   0   0   0   0   0   0   1   1   1   1   1   1   1   1   0
 21T   1   1   1   1   1   1   1   1   1   1   1   1   1   1   0
 22T   1   1   1   1   1   1   1   1   0   0   0   0   0   0   0
 23T   1   1   1   1   1   1   1   1   1   1   1   1   1   1   1
 24T   1   1   1   1   1   1   1   1   1   1   1   1   1   1   0
 25T   0   0   0   0   0   0   1   1   1   1   1   1   1   0   0
