Number of Tool Switches: 30 

Time elapsed: 4.134922 
Tool Sequence:
     12J  1J  9J  5J  8J  3J 11J 10J  4J  6J 14J  2J  7J 15J 13J
  1T   1   1   1   1   1   1   0   0   0   0   0   0   0   1   0
  2T   1   1   1   1   0   0   0   0   0   0   0   1   1   1   0
  3T   1   1   1   1   1   1   1   1   1   1   1   1   1   1   0
  4T   0   0   0   0   1   1   1   1   1   1   1   1   1   1   0
  5T   1   1   1   1   1   1   1   1   1   1   1   1   1   0   0
  6T   0   0   0   0   1   1   1   1   1   1   1   1   1   1   0
  7T   1   1   1   1   1   1   1   1   1   1   1   1   1   1   0
  8T   1   1   1   1   1   1   1   1   1   1   1   1   1   0   0
  9T   1   1   1   1   1   1   1   1   1   1   1   1   1   1   0
 10T   1   1   1   1   1   1   1   1   1   1   1   1   1   1   0
 11T   1   1   1   0   0   0   0   0   0   0   0   0   1   1   1
 12T   0   0   0   0   0   0   0   1   1   1   1   1   1   1   1
 13T   1   1   1   1   1   1   1   1   1   1   1   1   0   0   0
 14T   1   1   1   1   1   1   1   1   1   1   1   1   1   0   0
 15T   1   1   1   1   1   1   1   1   1   1   1   1   1   1   0
 16T   0   0   0   0   0   0   1   1   1   1   1   1   1   1   0
 17T   1   1   1   1   1   1   1   1   1   0   0   0   0   0   0
 18T   0   0   0   1   1   1   1   1   1   1   1   1   1   0   0
 19T   1   1   1   1   0   0   0   0   0   0   1   1   1   1   0
 20T   1   1   1   1   1   1   1   1   1   1   1   0   0   0   0
 21T   1   1   1   1   1   1   1   1   1   1   1   1   1   1   0
 22T   1   1   1   1   1   1   1   0   0   0   0   0   0   1   1
 23T   1   1   1   1   1   1   1   1   1   1   1   1   1   1   0
 24T   1   1   1   1   1   1   1   1   1   1   1   1   1   1   1
 25T   1   1   1   1   1   1   1   1   1   1   1   1   1   0   0
