Number of Tool Switches: 31 

Time elapsed: 0.618275 
Tool Sequence:
     11J  8J  7J  5J  1J  4J  3J 13J 12J  2J 14J 10J 15J  9J  6J
  1T   0   0   0   0   1   1   1   1   1   0   0   0   0   0   0
  2T   0   0   0   0   0   0   0   0   0   1   0   0   0   0   0
  3T   0   0   0   0   0   0   0   0   0   0   1   1   0   0   0
  4T   0   0   0   0   0   0   0   0   0   0   0   0   0   0   1
  5T   0   0   1   1   1   1   0   0   0   0   0   0   0   0   0
  6T   0   0   0   0   0   0   0   1   0   0   0   0   0   0   0
  7T   1   1   0   0   0   0   1   1   1   1   0   0   0   0   0
  8T   0   0   0   0   0   0   0   0   0   0   1   0   0   0   0
  9T   0   0   0   0   0   0   0   0   0   0   1   1   1   0   0
 10T   0   0   0   0   0   1   1   0   0   0   0   0   0   0   0
 11T   1   1   1   1   1   0   0   0   0   0   0   0   0   0   0
 12T   0   0   0   0   0   0   0   0   0   1   1   0   0   0   0
 13T   0   0   0   0   0   0   0   0   1   1   0   0   0   0   0
 14T   0   0   0   0   0   0   0   0   0   1   0   0   1   1   1
 15T   1   0   0   0   0   0   0   0   0   0   0   0   0   0   0
 16T   1   0   0   0   0   0   0   0   0   0   0   0   0   0   1
 17T   0   0   0   0   0   0   0   0   0   0   0   1   1   0   0
 18T   0   0   0   0   0   0   0   0   1   0   0   0   0   0   0
 19T   1   1   1   1   1   1   0   0   0   0   0   0   0   0   0
 20T   0   0   0   0   0   0   0   0   0   0   0   0   1   1   0
 21T   0   1   1   1   1   1   1   0   0   0   0   1   0   0   0
 22T   0   1   1   1   0   0   0   1   0   0   1   0   0   0   0
 23T   0   0   0   0   0   0   0   0   0   0   0   0   0   1   1
 24T   0   0   0   0   0   0   0   0   0   0   0   0   0   0   1
 25T   0   0   0   0   0   0   1   1   1   0   0   0   0   0   0
