Number of Tool Switches: 23 

Time elapsed: 2.852697 
Tool Sequence:
     11J 14J 13J  8J 12J  9J  2J  3J  5J  1J  7J 10J  4J  6J 15J
  1T   1   1   1   1   1   0   0   0   0   0   0   1   1   1   1
  2T   1   1   1   1   1   1   1   1   1   1   1   1   1   0   0
  3T   0   0   0   0   1   1   1   1   1   1   1   1   1   1   0
  4T   1   1   1   1   1   1   1   1   1   1   0   0   0   0   0
  5T   1   1   1   1   0   0   0   0   0   0   1   1   1   1   1
  6T   1   1   1   1   1   1   1   1   1   1   1   1   1   0   0
  7T   1   1   1   1   1   1   1   1   1   1   1   1   1   1   1
  8T   0   0   0   0   0   1   1   1   1   1   1   0   0   0   0
  9T   1   1   1   1   1   1   1   1   1   1   1   1   1   1   1
 10T   1   1   1   1   1   1   1   1   1   1   0   0   0   0   0
 11T   1   1   1   1   1   1   1   1   1   1   1   1   1   1   1
 12T   1   1   1   1   1   1   1   1   1   1   1   1   1   1   1
 13T   1   1   1   1   1   1   1   0   0   0   0   0   0   0   0
 14T   0   0   0   0   1   1   1   1   1   1   1   1   1   1   1
 15T   0   0   0   0   0   0   1   1   1   1   1   1   1   1   0
 16T   1   1   1   1   1   1   0   0   0   0   0   0   0   0   0
 17T   1   1   1   1   1   1   1   1   1   1   1   1   1   1   1
 18T   1   1   1   1   0   0   0   0   0   0   1   1   1   1   1
 19T   0   0   0   0   0   0   0   1   1   1   1   1   1   1   1
 20T   1   1   1   1   1   1   1   1   1   1   1   1   1   0   0
