Number of Tool Switches: 45 

Time elapsed: 5.638850 
Tool Sequence:
      6J  3J  7J 15J 10J  8J  1J  4J 13J  9J  5J 14J  2J 11J 12J
  1T   0   0   0   0   1   1   1   0   0   0   0   0   0   1   1
  2T   1   1   1   0   0   0   0   0   0   0   0   0   0   1   1
  3T   1   1   1   1   1   1   1   1   0   1   1   1   1   0   0
  4T   0   0   0   0   1   1   1   0   0   1   1   1   1   1   1
  5T   1   1   1   1   1   1   1   1   0   0   1   1   1   0   0
  6T   0   0   0   0   0   0   0   0   0   1   1   1   1   1   0
  7T   0   0   1   1   1   1   1   1   1   1   1   1   1   1   0
  8T   0   0   1   1   0   0   0   0   0   0   0   0   1   0   0
  9T   0   0   0   0   0   1   1   1   1   1   0   0   1   1   0
 10T   1   1   1   1   1   1   1   1   1   1   1   1   1   1   0
 11T   0   0   0   1   1   0   0   0   0   0   1   1   1   0   0
 12T   1   1   0   0   0   0   0   0   1   0   0   0   1   1   1
 13T   1   1   1   1   1   1   1   1   1   0   0   0   0   0   0
 14T   1   1   1   1   0   0   0   1   1   1   1   1   1   1   1
 15T   1   1   1   1   0   0   0   0   1   1   1   1   1   1   0
 16T   1   1   1   1   1   1   1   1   1   1   1   1   0   0   0
 17T   0   0   0   0   1   1   1   1   1   0   0   0   1   1   0
 18T   1   0   0   0   0   0   0   1   1   1   1   1   1   1   1
 19T   1   1   0   0   0   0   0   0   0   0   0   1   0   1   0
 20T   1   1   1   1   1   0   0   0   1   1   1   0   0   1   0
 21T   1   1   1   1   1   1   1   1   1   1   1   1   1   0   0
 22T   1   1   1   1   1   1   1   1   0   0   0   0   0   1   0
 23T   0   0   1   1   1   1   1   1   1   1   0   0   0   0   0
 24T   1   1   0   0   0   1   1   1   1   1   1   1   0   0   0
 25T   0   1   1   1   1   1   1   1   1   1   1   1   0   0   0
