                            A1/1.txt                          	    14 	 0.074974697000 0.001145286000 2
                            A1/2.txt                          	    11 	 0.044752206000 0.000584689000 2
                            A1/3.txt                          	    12 	 0.050602056000 0.001295091000 1
                            A1/4.txt                          	    13 	 0.073457620000 0.001354622000 2
                            A1/5.txt                          	    13 	 0.062671229000 0.001927743000 4
                            A1/6.txt                          	    14 	 0.076405576000 0.000829586000 1
                            A1/7.txt                          	    12 	 0.062942759000 0.000688139000 1
                            A1/8.txt                          	    11 	 0.048882579000 0.000626883000 1
                            A1/9.txt                          	    13 	 0.089825709000 0.001005873000 1
                            A1/10.txt                         	    12 	 0.063627909000 0.000802434000 1
