Instancias/A1/1.txt                                          	    14 	 0.098458170000 0.000893232000 1
Instancias/A1/2.txt                                          	    11 	 0.063677514000 0.000629470000 1
Instancias/A1/3.txt                                          	    12 	 0.085877306000 0.000780000000 1
Instancias/A1/4.txt                                          	    13 	 0.101386163000 0.001089754000 1
Instancias/A1/5.txt                                          	    13 	 0.061454734000 0.000813211000 1
Instancias/A1/6.txt                                          	    14 	 0.088666149000 0.000786844000 1
Instancias/A1/7.txt                                          	    12 	 0.093779592000 0.000912258000 1
Instancias/A1/8.txt                                          	    11 	 0.084897513000 0.000915952000 1
Instancias/A1/9.txt                                          	    13 	 0.052396011000 0.001244498000 2
Instancias/A1/10.txt                                         	    12 	 0.080736918000 0.000623371000 1
