Instancias/A1/1.txt                                          	    14 	 0.098698846000 0.001211632000 1
Instancias/A1/2.txt                                          	    11 	 0.065376148000 0.000649546000 1
Instancias/A1/3.txt                                          	    12 	 0.083117541000 0.000693440000 1
Instancias/A1/4.txt                                          	    13 	 0.096696543000 0.001071368000 1
Instancias/A1/5.txt                                          	    13 	 0.102110823000 0.000934852000 1
Instancias/A1/6.txt                                          	    14 	 0.108837240000 0.001061385000 1
Instancias/A1/7.txt                                          	    12 	 0.096831931000 0.001160217000 1
Instancias/A1/8.txt                                          	    11 	 0.080187334000 0.000713733000 1
Instancias/A1/9.txt                                          	    13 	 0.094890499000 0.001314989000 1
Instancias/A1/10.txt                                         	    12 	 0.101535797000 0.001105330000 1
