                            A1/1.txt                          	    14 	 0.065711089000 0.001263293000 1
                            A1/2.txt                          	    11 	 0.033178490000 0.000647336000 2
                            A1/3.txt                          	    12 	 0.048199613000 0.000528223000 1
                            A1/4.txt                          	    13 	 0.071414806000 0.000685377000 1
                            A1/5.txt                          	    13 	 0.058070790000 0.000559803000 1
                            A1/6.txt                          	    14 	 0.066868190000 0.000827934000 1
                            A1/7.txt                          	    12 	 0.065932484000 0.000752922000 1
                            A1/8.txt                          	    11 	 0.048074736000 0.000628318000 1
                            A1/9.txt                          	    13 	 0.072436384000 0.000910229000 1
                            A1/10.txt                         	    12 	 0.068685254000 0.001006725000 2
