Instancias/A1/1.txt                                          	    14 	 0.056363369000 0.000578243000 1
Instancias/A1/2.txt                                          	    11 	 0.037871356000 0.000454587000 1
Instancias/A1/3.txt                                          	    12 	 0.048868186000 0.000398932000 1
Instancias/A1/4.txt                                          	    13 	 0.055336092000 0.000561672000 1
Instancias/A1/5.txt                                          	    13 	 0.058176585000 0.000594747000 1
Instancias/A1/6.txt                                          	    14 	 0.061383967000 0.000682810000 1
Instancias/A1/7.txt                                          	    12 	 0.054036978000 0.000620237000 1
Instancias/A1/8.txt                                          	    11 	 0.049603870000 0.000633475000 1
Instancias/A1/9.txt                                          	    13 	 0.053070504000 0.000529969000 1
Instancias/A1/10.txt                                         	    12 	 0.055595787000 0.000726138000 1
