Instancias/A1/1.txt                                          	    14 	 0.098753677000 0.000869472000 1
Instancias/A1/2.txt                                          	    11 	 0.066515479000 0.000895785000 1
Instancias/A1/3.txt                                          	    12 	 0.086678678000 0.000837397000 1
Instancias/A1/4.txt                                          	    13 	 0.101382932000 0.001177021000 1
Instancias/A1/5.txt                                          	    13 	 0.101378586000 0.001116705000 1
Instancias/A1/6.txt                                          	    14 	 0.117747941000 0.001225535000 1
Instancias/A1/7.txt                                          	    12 	 0.099582728000 0.001102491000 1
Instancias/A1/8.txt                                          	    11 	 0.085089079000 0.000909839000 1
Instancias/A1/9.txt                                          	    13 	 0.092656716000 0.000876044000 1
Instancias/A1/10.txt                                         	    12 	 0.098380321000 0.001644059000 2
