Instancias/A1/1.txt                                          	    14 	 0.096937220000 0.000894672000 1
Instancias/A1/2.txt                                          	    11 	 0.066100031000 0.000719836000 1
Instancias/A1/3.txt                                          	    12 	 0.085888132000 0.000777730000 1
Instancias/A1/4.txt                                          	    13 	 0.099505963000 0.001130824000 1
Instancias/A1/5.txt                                          	    13 	 0.101722263000 0.001116070000 1
Instancias/A1/6.txt                                          	    14 	 0.103638507000 0.000956304000 1
Instancias/A1/7.txt                                          	    12 	 0.096334302000 0.001205277000 1
Instancias/A1/8.txt                                          	    11 	 0.085675430000 0.000844756000 1
Instancias/A1/9.txt                                          	    13 	 0.090480616000 0.001319288000 2
Instancias/A1/10.txt                                         	    12 	 0.099143263000 0.001460995000 2
