Number of Tool Switches: 24 

Time elapsed: 0.185053 
Tool Sequence:
     11J  5J  3J  7J  8J  6J  2J 13J 14J  1J 15J  4J 10J 12J  9J
  1T   0   0   0   0   0   0   0   0   1   0   0   0   0   0   0
  2T   1   1   1   1   1   0   0   0   0   0   0   0   0   0   0
  3T   0   0   0   0   0   0   0   0   0   0   0   0   1   1   1
  4T   1   1   0   0   0   0   0   0   0   0   0   0   0   0   1
  5T   0   0   1   1   1   1   0   0   0   0   0   0   0   1   1
  6T   1   1   1   1   1   1   1   1   1   0   0   0   0   0   1
  7T   1   1   1   1   1   1   1   0   0   0   0   0   0   0   0
  8T   0   0   0   0   0   1   1   1   1   1   1   1   1   0   0
  9T   0   0   0   0   0   0   1   1   1   1   1   1   0   0   0
 10T   0   0   1   0   0   0   0   0   0   0   0   1   1   1   1
 11T   0   0   0   1   1   1   1   1   1   1   1   1   0   0   0
 12T   0   0   0   0   0   0   0   0   0   1   1   1   1   1   0
 13T   0   0   0   0   0   0   0   1   1   1   1   1   1   1   1
 14T   0   0   0   0   0   0   0   0   0   1   1   1   1   1   0
 15T   0   0   0   0   1   1   1   1   1   1   1   1   1   1   1
 16T   1   1   0   0   0   0   0   0   0   0   0   0   0   0   0
 17T   0   0   0   0   0   0   0   0   0   0   0   0   1   1   1
 18T   1   1   1   1   0   0   0   0   0   0   0   0   0   0   0
 19T   1   1   1   1   1   1   1   1   0   0   0   0   0   0   0
 20T   1   1   1   1   1   1   1   1   1   1   1   0   0   0   0
