Number of Tool Switches: 20 

Time elapsed: 0.204102 
Tool Sequence:
      3J  1J  4J  7J 13J 11J 15J 12J  5J 14J  8J  9J  2J  6J 10J
  1T   1   1   1   1   1   1   1   1   1   1   1   1   0   0   0
  2T   1   1   1   1   1   1   1   1   1   1   0   0   0   0   0
  3T   1   1   1   1   1   0   0   0   0   0   0   0   0   0   0
  4T   0   0   0   0   0   0   0   0   1   1   0   0   0   0   0
  5T   0   0   0   0   0   0   0   0   0   0   0   0   1   1   1
  6T   1   1   1   1   1   1   1   1   1   1   1   1   1   1   1
  7T   1   1   1   1   1   1   1   1   1   0   0   0   0   0   0
  8T   1   1   1   1   1   1   1   1   1   1   1   0   0   0   0
  9T   1   1   1   1   1   1   1   1   0   0   0   0   0   0   0
 10T   0   0   0   0   0   0   0   0   0   0   0   0   0   0   1
 11T   1   1   1   1   1   1   1   1   1   1   1   1   1   1   1
 12T   1   1   1   1   1   1   1   1   1   1   1   1   1   1   1
 13T   0   0   0   0   0   0   0   0   0   0   0   1   1   1   1
 14T   0   0   0   0   0   0   0   0   0   0   1   1   1   1   1
 15T   0   0   0   0   0   0   0   0   0   1   1   1   1   1   1
 16T   0   0   0   0   0   1   1   0   0   0   0   0   0   0   0
 17T   0   0   0   0   0   0   0   0   0   0   0   0   0   1   1
 18T   0   0   0   0   0   0   0   1   1   1   1   1   1   1   0
 19T   0   0   0   0   0   0   0   0   0   0   1   1   1   0   0
 20T   1   1   1   1   1   1   1   1   1   1   1   1   1   1   1
