Number of Tool Switches: 20 

Time elapsed: 0.194217 
Tool Sequence:
      1J  2J  3J  6J 11J 13J  4J 14J 15J  5J  7J  8J 10J 12J  9J
  1T   1   1   1   1   1   1   1   1   1   1   1   1   1   1   1
  2T   0   0   0   0   0   0   0   1   1   1   1   1   1   1   1
  3T   1   1   1   1   1   1   1   1   1   0   0   0   0   0   0
  4T   1   1   1   1   1   1   1   1   1   1   0   0   0   0   0
  5T   0   0   0   0   0   0   0   0   0   0   0   0   0   0   1
  6T   0   0   0   0   0   0   0   0   0   0   0   0   0   1   1
  7T   0   0   0   0   0   1   1   1   1   1   1   1   1   1   1
  8T   1   1   1   1   1   1   1   1   1   0   0   0   0   0   0
  9T   0   0   0   0   0   0   0   0   0   1   1   1   1   0   0
 10T   1   1   1   1   1   1   1   1   1   1   1   1   1   1   1
 11T   1   1   1   1   1   1   1   0   0   0   0   0   0   0   0
 12T   1   1   1   1   1   1   0   0   0   0   0   0   0   0   0
 13T   0   0   0   0   0   0   1   1   1   1   1   1   1   1   1
 14T   0   0   0   0   1   1   1   1   1   1   1   1   1   1   1
 15T   0   0   0   0   0   0   0   0   0   0   0   1   1   1   1
 16T   1   1   1   1   1   1   1   1   1   1   1   0   0   0   0
 17T   1   1   1   1   1   0   0   0   0   0   0   0   0   0   0
 18T   1   1   1   1   0   0   0   0   0   0   0   0   0   0   0
 19T   0   0   0   0   0   0   0   0   0   0   1   1   1   1   1
 20T   0   0   0   0   0   0   0   0   0   1   1   1   1   1   0
