Number of Tool Switches: 20 

Time elapsed: 0.199831 
Tool Sequence:
      1J  2J  3J  4J  9J 13J 15J  8J  7J 10J 12J 14J  5J 11J  6J
  1T   1   1   1   1   1   1   1   1   1   1   1   1   1   1   1
  2T   0   0   0   0   0   0   0   0   0   0   0   1   1   1   1
  3T   1   1   1   1   1   1   1   1   1   1   1   1   1   1   1
  4T   1   1   1   1   1   1   1   1   1   1   1   1   1   1   1
  5T   1   1   1   1   1   1   1   1   1   1   1   1   0   0   0
  6T   0   0   0   0   0   0   0   0   1   1   1   1   1   1   1
  7T   1   1   1   1   1   1   1   1   1   1   1   1   1   1   1
  8T   1   1   1   1   1   1   1   1   1   1   1   1   0   0   0
  9T   0   0   0   0   0   0   0   1   1   1   0   0   0   0   0
 10T   0   0   0   0   0   0   0   0   0   0   1   1   1   1   1
 11T   1   1   1   1   1   1   1   0   0   0   0   0   0   0   0
 12T   1   1   1   1   1   1   1   1   1   1   1   1   1   1   1
 13T   0   0   0   0   0   0   0   0   0   0   0   0   1   1   0
 14T   1   1   1   1   1   1   1   1   1   1   1   0   0   0   0
 15T   1   1   1   1   1   1   1   1   0   0   0   0   0   0   0
 16T   1   1   1   1   1   1   1   1   1   1   1   1   1   0   0
 17T   0   0   0   0   0   0   0   0   0   0   0   0   1   1   1
 18T   1   1   1   1   1   1   1   1   1   1   1   1   1   1   1
 19T   0   0   0   0   0   0   0   0   0   0   0   0   0   0   1
 20T   0   0   0   0   0   0   0   0   0   0   0   0   0   1   1
