Instancias/B3/1.txt                                          	    20 	 0.810496693000 0.004757575000 1
Instancias/B3/2.txt                                          	    22 	 1.673962714000 0.020269898000 2
Instancias/B3/3.txt                                          	    20 	 1.445804085000 0.007801957000 1
Instancias/B3/4.txt                                          	    18 	 0.914982397000 0.010702962000 1
Instancias/B3/5.txt                                          	    21 	 1.273468500000 0.010196004000 1
Instancias/B3/6.txt                                          	    20 	 1.432075542000 0.014873945000 1
Instancias/B3/7.txt                                          	    18 	 0.704537564000 0.003627695000 1
Instancias/B3/8.txt                                          	    19 	 1.124410772000 0.006653715000 1
Instancias/B3/9.txt                                          	    19 	 0.916835953000 0.005524251000 1
Instancias/B3/10.txt                                         	    20 	 1.079361941000 0.159935073000 31
