Instancias/B3/1.txt                                          	    20 	 0.783480892000 0.006954833000 1
Instancias/B3/2.txt                                          	    22 	 1.654679556000 0.015741128000 1
Instancias/B3/3.txt                                          	    20 	 1.378797138000 0.017249917000 2
Instancias/B3/4.txt                                          	    18 	 0.889165747000 0.005391218000 1
Instancias/B3/5.txt                                          	    21 	 1.249467569000 0.011800132000 1
Instancias/B3/6.txt                                          	    20 	 1.441276367000 0.022027676000 2
Instancias/B3/7.txt                                          	    18 	 0.695262480000 0.003314191000 1
Instancias/B3/8.txt                                          	    19 	 1.126435020000 0.013283584000 2
Instancias/B3/9.txt                                          	    19 	 0.891299436000 0.006590139000 1
Instancias/B3/10.txt                                         	    20 	 1.247540080000 0.027376064000 3
