Instancias/B3/1.txt                                          	    20 	 0.929310421000 0.006443692000 1
Instancias/B3/2.txt                                          	    22 	 1.590801618000 0.012710413000 1
Instancias/B3/3.txt                                          	    20 	 1.817291548000 0.025446287000 2
Instancias/B3/4.txt                                          	    18 	 1.236256692000 0.007029850000 1
Instancias/B3/5.txt                                          	    21 	 1.584616298000 0.012821559000 1
Instancias/B3/6.txt                                          	    20 	 1.871949935000 0.016436289000 1
Instancias/B3/7.txt                                          	    18 	 0.763265355000 0.004113204000 1
Instancias/B3/8.txt                                          	    19 	 1.073444052000 0.005762702000 1
Instancias/B3/9.txt                                          	    19 	 1.088617231000 0.008273819000 1
Instancias/B3/10.txt                                         	    20 	 1.392636774000 0.038292556000 5
