Instancias/B3/1.txt                                          	    20 	 0.774908679000 0.017222945000 3
Instancias/B3/2.txt                                          	    22 	 1.636356913000 0.012713574000 1
Instancias/B3/3.txt                                          	    20 	 1.568993501000 0.014376162000 1
Instancias/B3/4.txt                                          	    18 	 0.904035483000 0.010372225000 2
Instancias/B3/5.txt                                          	    21 	 1.273206832000 0.011890103000 1
Instancias/B3/6.txt                                          	    20 	 1.503526438000 0.015993345000 1
Instancias/B3/7.txt                                          	    18 	 0.664235742000 0.004586203000 1
Instancias/B3/8.txt                                          	    19 	 1.180762055000 0.006452649000 1
Instancias/B3/9.txt                                          	    19 	 0.902259337000 0.005716852000 1
Instancias/B3/10.txt                                         	    20 	 1.303900456000 0.024402341000 3
