Instancias/B3/1.txt                                          	    20 	 0.764882645000 0.005685225000 1
Instancias/B3/2.txt                                          	    22 	 1.637236518000 0.011190169000 1
Instancias/B3/3.txt                                          	    20 	 1.362733759000 0.020836513000 3
Instancias/B3/4.txt                                          	    18 	 0.929611307000 0.005483464000 1
Instancias/B3/5.txt                                          	    21 	 1.269812578000 0.010938530000 1
Instancias/B3/6.txt                                          	    20 	 1.460009862000 0.013710657000 1
Instancias/B3/7.txt                                          	    18 	 0.654987160000 0.004342081000 1
Instancias/B3/8.txt                                          	    19 	 1.116142632000 0.004342622000 1
Instancias/B3/9.txt                                          	    19 	 0.908807415000 0.026920553000 4
Instancias/B3/10.txt                                         	    20 	 1.317809369000 0.173967967000 26
