Instancias/D3/1.txt                                          	   147 	 1099.893317970000 36.375071114000 5
Instancias/D3/2.txt                                          	   129 	 1104.690668718000 100.180133576000 17
Instancias/D3/3.txt                                          	   151 	 1075.384095188000 571.634334363000 102
Instancias/D3/4.txt                                          	   153 	 994.649778555000 117.128092533000 21
Instancias/D3/5.txt                                          	   141 	 1053.504025647000 255.872660763000 42
Instancias/D3/6.txt                                          	   160 	 940.596686876000 828.712492858000 176
Instancias/D3/7.txt                                          	   143 	 1176.193772503000 103.027433461000 18
Instancias/D3/8.txt                                          	   135 	 1277.268149526000 186.522275282000 29
Instancias/D3/9.txt                                          	   150 	 1039.445964070000 212.640792107000 43
Instancias/D3/10.txt                                         	   159 	 1101.499727164000 253.249239038000 46
