Number of Tool Switches: 102 

Time elapsed: 153.809684 
Tool Sequence:
     17J  8J 30J 25J 14J  3J  1J 22J 20J  6J  9J  7J 19J 12J 18J 21J 11J  2J 29J 10J 24J 13J 28J  5J 16J 26J 23J 27J 15J  4J
  1T   0   0   0   0   0   0   0   0   0   0   0   0   0   1   1   1   1   1   1   0   0   0   0   0   0   0   0   0   0   0
  2T   0   1   0   0   0   0   0   0   0   0   0   0   0   0   1   1   0   0   0   0   0   0   1   1   1   1   1   1   1   1
  3T   1   1   1   1   1   0   0   0   0   0   0   0   0   0   0   0   0   0   0   0   1   0   0   0   0   1   0   0   0   1
  4T   0   0   0   1   1   1   0   0   0   0   1   1   1   1   1   1   1   1   1   1   0   1   1   1   0   0   0   0   1   1
  5T   0   0   0   0   0   0   1   1   1   1   1   1   1   0   0   0   0   1   1   1   1   0   0   0   0   0   1   1   1   1
  6T   1   0   0   0   0   0   0   0   0   0   0   0   0   1   1   1   0   0   0   0   0   0   1   1   1   0   1   0   0   0
  7T   0   0   0   0   0   1   1   1   1   0   0   0   0   0   0   0   0   0   1   1   1   1   1   1   1   1   0   0   0   0
  8T   1   1   1   1   1   1   1   1   1   1   1   1   1   0   0   0   0   0   0   0   0   1   0   0   0   0   0   0   0   0
  9T   0   0   0   1   0   0   0   0   0   0   0   1   1   1   1   1   1   1   0   0   0   0   0   0   1   1   1   1   1   1
 10T   1   1   1   1   1   1   0   0   0   0   0   0   0   1   1   1   1   1   1   1   1   1   0   0   0   0   0   1   1   1
 11T   1   1   0   0   0   0   0   0   0   1   1   1   1   1   1   1   0   0   0   0   0   0   0   0   1   0   1   1   0   0
 12T   0   0   0   0   0   0   0   0   1   1   1   1   1   1   0   0   1   1   0   0   1   1   0   0   0   0   0   0   0   0
 13T   1   1   1   1   1   1   1   1   1   1   1   0   0   0   0   0   0   0   0   0   0   0   1   1   1   1   0   0   0   0
 14T   0   1   1   1   1   0   0   0   0   0   0   0   0   0   0   0   0   0   0   1   1   1   1   0   0   0   1   0   0   0
 15T   0   0   0   0   0   0   0   0   0   0   0   0   0   0   0   1   1   1   1   1   0   0   0   0   0   1   1   1   1   1
 16T   1   1   1   0   0   0   1   1   0   0   0   0   0   0   0   0   0   0   0   0   0   0   0   0   0   0   0   0   0   1
 17T   1   1   0   0   0   0   0   0   0   0   0   0   0   0   0   0   0   0   0   0   1   1   1   1   0   0   0   0   0   0
 18T   0   0   0   0   1   1   1   1   0   0   0   0   0   0   0   0   0   0   1   1   1   0   0   1   1   1   1   1   1   0
 19T   1   1   1   1   1   1   1   1   1   1   1   1   1   1   0   0   0   0   0   0   0   0   0   0   0   0   0   1   1   0
 20T   1   1   1   1   1   0   0   0   0   0   0   0   0   0   0   0   0   0   1   1   0   1   1   1   1   1   1   1   1   1
 21T   0   0   0   0   1   1   1   1   1   1   0   0   0   0   0   0   0   1   1   1   1   1   1   0   0   0   0   0   0   1
 22T   0   0   1   1   1   1   1   0   0   0   0   0   0   0   0   0   0   0   0   0   1   0   0   0   0   1   0   0   1   1
 23T   0   0   1   1   1   1   0   0   0   0   0   0   0   0   1   1   1   0   0   0   0   0   0   1   1   1   0   0   0   0
 24T   0   0   0   0   0   0   0   1   1   1   1   1   1   0   0   0   0   0   0   1   1   1   1   1   0   0   0   0   0   0
 25T   0   0   0   0   0   1   1   0   0   0   0   0   0   0   1   1   1   0   0   0   1   1   1   1   0   0   0   0   0   0
 26T   0   0   0   0   0   0   0   0   0   0   0   0   0   0   0   0   0   1   1   1   1   1   1   1   1   1   1   0   0   0
 27T   0   0   0   0   0   0   1   1   1   1   1   1   1   1   1   1   1   1   0   0   0   0   0   0   0   0   1   1   0   0
 28T   0   0   0   0   0   0   0   0   1   1   1   1   1   1   1   1   1   1   1   1   0   0   0   1   1   1   0   0   0   0
 29T   0   0   1   1   1   1   1   1   1   1   1   1   1   1   1   0   0   0   0   0   0   0   0   0   0   1   1   0   0   0
 30T   1   1   1   0   0   0   0   0   0   0   0   0   0   0   0   1   1   1   1   1   0   1   1   0   0   0   0   0   0   0
 31T   0   0   0   0   0   0   0   1   1   1   1   1   0   0   0   0   0   0   0   0   0   0   0   0   0   0   0   1   1   0
 32T   1   1   1   1   1   1   1   1   1   1   1   1   1   1   1   0   0   0   0   0   0   0   0   0   0   0   0   0   0   0
 33T   0   0   0   0   0   0   0   0   0   0   0   0   0   0   0   0   0   0   1   1   1   1   1   1   1   0   0   0   0   0
 34T   1   0   0   0   0   0   0   0   0   0   0   0   1   1   0   1   1   1   0   0   0   0   0   0   0   0   0   1   0   0
 35T   0   0   0   0   0   1   0   0   0   0   0   0   0   0   0   0   0   0   0   0   0   1   0   0   1   0   0   0   0   1
 36T   1   1   1   1   0   0   0   0   0   0   0   0   0   0   0   0   1   1   1   0   0   0   0   0   0   0   0   0   0   0
 37T   0   0   0   0   0   0   0   0   0   0   0   0   0   0   0   0   1   0   0   0   0   0   0   0   0   0   1   1   1   1
 38T   0   0   0   0   0   0   0   0   0   0   0   0   0   0   0   0   0   0   0   0   0   0   1   1   1   1   1   1   1   1
 39T   0   0   0   0   0   0   1   1   1   1   1   1   1   1   1   0   0   0   0   0   0   0   0   0   0   0   0   0   0   1
 40T   1   1   1   1   1   1   1   1   1   1   1   1   1   1   1   1   1   1   1   1   1   0   0   0   1   1   1   1   0   0
