Number of Tool Switches: 101 

Time elapsed: 87.466296 
Tool Sequence:
     13J 11J 19J 18J  9J 17J 30J  2J 26J 16J 20J  1J 27J 22J  6J 23J 21J 29J  8J  3J  4J 10J 12J 24J 28J 15J  5J 25J 14J  7J
  1T   0   0   0   0   0   0   0   1   1   1   1   1   1   1   0   0   0   0   0   0   0   0   0   0   0   0   0   0   0   1
  2T   0   0   0   0   0   0   0   0   1   1   0   0   0   0   0   0   1   1   1   1   0   0   0   0   0   0   0   0   0   0
  3T   1   1   1   1   1   1   1   1   1   1   1   1   0   0   0   0   0   1   1   1   0   0   0   0   0   0   0   0   0   1
  4T   1   1   0   0   0   0   0   0   0   0   0   0   0   0   0   0   0   0   0   0   0   0   0   0   0   1   1   1   1   1
  5T   0   0   0   0   1   1   1   1   0   0   0   0   0   1   1   1   0   0   1   0   0   0   0   0   0   1   1   1   1   1
  6T   0   0   0   0   0   0   0   0   0   0   1   1   1   1   1   1   0   0   0   0   0   0   0   0   0   0   1   0   0   0
  7T   0   0   0   0   0   0   0   0   1   1   1   1   0   0   1   1   1   1   1   1   1   1   1   1   1   1   1   0   0   0
  8T   1   0   0   0   0   0   0   0   0   0   0   0   1   1   1   1   1   1   0   0   0   1   0   0   0   0   0   0   0   0
  9T   0   0   0   0   0   0   1   1   1   1   1   1   1   1   1   1   1   1   0   0   0   0   0   0   0   0   0   0   0   0
 10T   1   1   1   1   1   1   1   0   0   0   0   0   0   0   0   0   0   0   0   0   0   0   0   0   0   0   1   1   1   1
 11T   1   1   1   1   1   1   1   1   1   1   1   1   0   0   0   0   0   0   0   1   1   1   0   0   0   0   0   0   0   0
 12T   0   0   0   1   1   1   1   1   1   1   1   1   1   1   1   1   1   0   0   0   0   0   0   0   0   0   0   0   0   1
 13T   1   1   1   0   0   0   1   1   1   0   0   0   0   0   0   0   0   0   0   0   0   0   0   0   1   1   1   1   1   1
 14T   0   0   0   0   0   0   0   0   0   0   0   0   0   1   0   0   0   1   0   0   0   0   0   1   1   1   0   0   0   0
 15T   0   0   0   0   0   0   1   1   1   0   1   1   1   0   0   0   0   0   0   0   0   1   1   1   1   1   1   1   1   1
 16T   0   0   0   0   1   1   1   1   0   0   0   0   0   0   0   0   0   0   0   0   0   0   1   1   0   0   0   0   0   0
 17T   1   1   1   0   0   0   0   0   0   1   1   1   1   1   1   1   0   1   1   0   0   0   0   0   0   0   0   0   0   0
 18T   0   0   0   1   1   1   1   1   1   0   0   0   1   0   0   0   0   0   0   0   1   1   1   1   0   0   0   0   0   0
 19T   1   1   1   0   0   0   0   0   0   1   1   1   1   0   0   0   0   0   1   1   1   1   1   1   1   1   1   1   1   1
 20T   1   1   1   1   1   1   0   0   0   0   0   0   0   0   0   0   0   0   0   0   0   0   0   1   1   1   0   0   0   0
 21T   0   0   0   0   0   1   0   0   0   0   0   0   0   0   0   0   1   1   1   1   1   1   0   0   0   0   0   0   0   0
 22T   0   0   0   0   0   0   0   0   0   0   0   0   0   0   0   1   1   0   0   0   0   0   1   1   1   1   1   1   0   0
 23T   1   1   1   1   1   1   0   0   0   0   0   0   0   1   0   0   0   0   1   1   0   0   0   0   0   0   0   0   0   0
 24T   0   0   0   0   1   1   1   1   1   1   1   1   0   0   0   0   0   1   1   1   1   0   0   0   0   0   0   0   0   0
 25T   1   1   1   0   0   0   0   0   1   1   0   0   0   1   0   0   0   0   0   0   0   0   1   1   1   1   1   1   0   0
 26T   1   1   1   1   1   1   1   1   1   0   0   0   1   1   1   1   1   1   0   0   0   1   1   1   1   1   1   1   1   0
 27T   0   0   0   0   0   0   0   0   0   0   0   0   0   0   1   1   0   0   0   0   1   1   1   1   1   1   1   1   0   0
 28T   0   0   0   0   0   0   0   0   0   1   1   1   1   0   0   0   0   0   0   0   0   0   0   0   0   0   0   1   1   0
 29T   0   0   1   1   0   1   0   0   0   0   1   1   0   0   0   0   0   0   1   1   1   0   0   0   0   0   0   1   1   1
 30T   0   0   0   1   0   0   0   0   0   1   1   1   0   0   0   0   0   0   0   0   0   0   0   0   1   1   1   1   1   1
 31T   0   0   0   0   0   0   0   0   0   0   0   0   0   0   1   1   0   0   0   1   1   1   1   1   1   0   0   0   0   0
 32T   0   0   0   0   0   0   0   0   0   0   0   0   0   0   0   0   1   1   1   1   1   0   0   0   0   0   0   0   0   0
 33T   1   1   0   0   0   0   0   0   0   1   1   1   1   0   0   0   1   0   0   0   0   0   0   0   0   0   0   0   0   1
 34T   1   1   1   1   1   0   0   0   0   0   0   0   0   1   1   1   1   1   1   1   1   1   1   1   1   1   1   0   0   0
 35T   0   0   0   0   0   0   0   0   0   0   0   0   0   0   0   0   1   1   1   1   1   1   1   1   1   1   1   1   1   1
 36T   1   1   1   1   1   0   0   0   1   0   0   0   1   1   1   1   1   0   0   0   1   1   0   0   0   0   0   0   0   0
 37T   0   0   0   1   0   0   0   0   0   0   0   0   1   1   1   1   1   1   1   1   1   0   0   0   0   0   0   0   1   1
 38T   0   0   1   1   1   1   1   1   1   1   0   0   0   1   1   0   0   0   0   0   0   0   0   0   0   0   0   0   0   0
 39T   0   1   1   1   1   1   1   1   0   0   0   0   1   0   0   0   0   0   0   0   0   1   1   1   1   0   0   0   0   0
 40T   0   0   0   0   0   0   1   1   0   0   0   0   0   0   1   1   1   1   1   1   1   1   1   0   0   0   0   0   0   0
