Number of Tool Switches: 103 

Time elapsed: 107.320598 
Tool Sequence:
      3J 29J  2J 11J 15J  8J  9J 16J  1J  6J 14J 23J 18J  7J 28J 27J 22J 17J 19J 26J 25J 24J 12J  5J 20J  4J 30J 21J 13J 10J
  1T   0   0   0   0   0   0   0   1   1   1   1   1   0   0   0   0   0   0   0   0   0   0   0   0   0   0   0   0   0   1
  2T   0   0   1   1   0   0   0   0   0   0   0   0   0   0   1   1   0   0   0   0   0   0   0   1   1   1   1   0   0   0
  3T   1   1   1   0   0   0   0   0   0   1   1   1   0   0   1   0   0   0   1   1   1   1   0   0   0   0   0   0   0   0
  4T   0   0   0   1   1   1   1   1   1   0   0   0   0   0   0   1   1   1   1   1   1   0   0   0   0   0   0   0   0   0
  5T   0   1   1   1   1   1   1   1   1   1   1   1   1   1   1   1   1   1   1   1   1   1   0   0   0   0   0   0   0   0
  6T   0   0   0   1   1   1   1   1   1   1   1   1   1   1   1   1   1   0   0   0   0   1   1   0   0   0   0   0   0   0
  7T   1   1   0   0   0   0   0   0   1   1   1   1   1   1   1   1   1   1   0   0   0   0   0   0   0   0   0   0   0   1
  8T   1   1   0   0   0   0   1   1   0   0   0   0   0   0   0   0   0   0   0   1   0   0   0   0   0   0   0   0   0   0
  9T   0   0   0   0   0   0   0   0   0   0   0   0   1   1   1   1   1   1   1   1   1   1   1   0   0   0   0   1   0   0
 10T   1   0   0   0   0   0   0   0   0   1   1   0   0   0   0   0   0   0   0   1   1   1   1   1   1   1   1   1   1   1
 11T   0   0   0   1   1   1   1   1   1   1   0   0   0   0   0   0   0   0   0   0   0   0   0   0   0   0   0   0   0   0
 12T   0   0   0   0   0   0   0   1   1   1   1   1   1   1   1   0   0   0   0   0   0   0   0   1   1   1   1   1   1   1
 13T   1   1   1   1   0   0   0   0   0   0   0   0   0   0   0   0   0   0   0   0   1   1   1   1   1   0   0   0   0   0
 14T   0   0   0   0   1   1   1   0   0   0   0   0   0   0   0   0   0   1   1   1   1   0   0   0   0   0   0   0   0   1
 15T   0   0   1   0   0   0   0   0   0   0   0   0   0   1   1   1   1   1   0   0   0   0   0   0   0   0   0   0   1   0
 16T   1   0   0   0   0   0   0   1   0   0   0   0   0   0   0   1   1   1   1   1   1   1   1   1   1   1   1   1   1   1
 17T   0   0   0   0   0   0   0   0   0   0   0   0   0   0   1   1   1   0   1   1   1   1   1   1   1   1   1   1   1   1
 18T   0   0   0   0   0   0   0   0   0   0   1   1   1   0   0   0   0   0   0   0   0   0   0   0   0   0   1   1   0   0
 19T   1   1   1   1   0   0   0   0   0   0   0   0   1   1   1   0   0   0   0   0   0   0   1   1   1   1   1   0   0   0
 20T   0   0   1   0   0   0   0   1   1   1   0   0   0   0   0   0   0   0   0   0   0   1   1   1   0   0   0   0   0   0
 21T   1   1   1   0   0   1   1   1   1   0   0   0   0   0   0   0   0   0   0   0   0   0   0   0   0   0   0   0   0   0
 22T   1   1   0   0   0   0   0   0   0   0   0   1   1   1   0   0   0   0   0   1   1   1   0   0   0   0   0   0   0   0
 23T   1   1   0   0   0   0   1   1   1   1   1   1   1   1   1   1   1   0   0   0   0   0   0   0   0   0   0   0   0   0
 24T   1   1   1   1   1   1   1   1   1   1   1   1   1   0   0   0   0   0   0   0   0   0   0   0   0   0   0   0   0   0
 25T   0   0   0   1   1   1   0   0   0   0   0   1   0   1   1   1   1   0   1   0   0   0   0   0   0   0   1   1   0   0
 26T   0   0   0   0   0   0   0   0   1   1   1   0   0   0   0   0   0   0   0   0   0   0   0   0   0   1   1   1   1   1
 27T   0   0   1   1   1   1   1   1   1   1   1   1   1   1   0   0   0   0   0   1   1   0   0   0   0   0   0   1   1   1
 28T   0   0   0   0   1   1   0   0   0   0   0   0   0   0   1   1   0   0   0   0   0   0   1   1   0   0   0   0   0   0
 29T   0   0   0   1   1   1   1   0   0   1   1   1   1   1   0   0   1   1   1   0   0   0   0   0   1   1   1   1   1   1
 30T   1   1   1   0   0   0   1   0   0   0   0   0   1   1   0   0   0   1   0   0   0   0   0   0   0   0   0   0   0   0
 31T   1   1   1   1   1   1   1   1   1   0   0   0   0   0   0   0   0   0   0   0   1   1   1   1   1   1   1   1   1   0
 32T   0   0   0   1   1   0   0   0   0   0   0   0   0   0   1   1   1   1   1   0   0   0   0   0   0   0   0   0   0   0
 33T   0   0   0   0   1   1   0   0   0   0   1   0   0   0   0   0   0   0   1   0   0   0   0   0   0   0   0   0   0   0
 34T   0   0   0   0   0   0   0   0   0   0   0   0   0   0   0   1   1   1   1   1   1   1   1   1   1   1   1   1   1   1
 35T   0   1   1   1   1   0   0   0   0   0   0   0   1   1   0   0   0   1   1   1   1   1   1   1   1   1   1   1   1   1
 36T   0   1   1   1   0   0   0   0   0   0   0   0   0   0   0   0   0   0   1   1   0   0   0   0   0   0   0   0   0   0
 37T   0   0   1   0   0   0   0   0   0   0   0   1   1   1   1   1   1   1   0   0   0   0   0   0   0   0   0   0   1   1
 38T   1   0   0   0   0   0   0   0   0   0   0   0   0   0   0   0   1   1   0   0   0   1   1   1   1   1   1   1   1   1
 39T   0   0   0   0   0   1   1   1   1   1   1   1   0   0   0   0   0   0   1   1   1   1   1   1   1   1   1   1   1   1
 40T   1   1   0   0   1   1   1   0   0   0   0   0   0   0   0   0   0   1   0   0   0   0   0   1   0   0   0   0   0   0
