                            C2/1.txt                          	    84 	 205.838649597000 33.918645261000 27
                            C2/2.txt                          	    89 	 190.094962731000 76.646710559000 75
                            C2/3.txt                          	    81 	 215.347301581000 21.331933069000 14
                            C2/4.txt                          	    81 	 200.991141807000 130.869234274000 128
                            C2/5.txt                          	    80 	 200.132964826000 65.882626189000 63
                            C2/6.txt                          	    90 	 184.061016250000 142.783046107000 154
                            C2/7.txt                          	    83 	 232.210462904000 132.064351167000 108
                            C2/8.txt                          	    83 	 225.213545365000 125.724261413000 110
                            C2/9.txt                          	    86 	 220.911143708000 29.398302715000 21
                            C2/10.txt                         	    72 	 219.606298319000 150.561811418000 136
