Instancias/C2/1.txt                                          	    83 	 148.061287181000 15.341519649000 17
Instancias/C2/2.txt                                          	    88 	 137.169780068000 35.102599170000 50
Instancias/C2/3.txt                                          	    81 	 144.077793519000 98.070236816000 137
Instancias/C2/4.txt                                          	    80 	 130.457281840000 94.513595688000 141
Instancias/C2/5.txt                                          	    81 	 138.740253677000 3.486755317000 5
Instancias/C2/6.txt                                          	    90 	 134.032516032000 6.702035781000 10
Instancias/C2/7.txt                                          	    83 	 154.513530657000 105.543513903000 129
Instancias/C2/8.txt                                          	    83 	 135.033240180000 20.485254376000 31
Instancias/C2/9.txt                                          	    85 	 137.990933627000 73.917262360000 102
Instancias/C2/10.txt                                         	    72 	 129.535056314000 79.757440040000 115
