Instancias/C2/1.txt                                          	    83 	 124.993480397000 60.589016412000 88
Instancias/C2/2.txt                                          	    88 	 136.811646856000 26.433770594000 34
Instancias/C2/3.txt                                          	    82 	 138.162812957000 51.845180561000 73
Instancias/C2/4.txt                                          	    80 	 123.862645248000 35.559421916000 55
Instancias/C2/5.txt                                          	    80 	 142.809063040000 10.151202979000 12
Instancias/C2/6.txt                                          	    91 	 125.202587668000 15.390778103000 21
Instancias/C2/7.txt                                          	    84 	 134.643691593000 21.247230446000 29
Instancias/C2/8.txt                                          	    83 	 137.853855503000 56.580227806000 70
Instancias/C2/9.txt                                          	    85 	 136.529972556000 92.301113240000 135
Instancias/C2/10.txt                                         	    72 	 128.079123695000 26.723183751000 35
