Instancias/C2/1.txt                                          	    84 	 126.722967151000 26.704296009000 39
Instancias/C2/2.txt                                          	    88 	 136.002243021000 65.116495112000 84
Instancias/C2/3.txt                                          	    81 	 129.792275604000 16.758191685000 21
Instancias/C2/4.txt                                          	    81 	 124.773003717000 48.422951581000 78
Instancias/C2/5.txt                                          	    79 	 138.000548726000 41.902156825000 64
Instancias/C2/6.txt                                          	    90 	 131.504143246000 46.495132791000 64
Instancias/C2/7.txt                                          	    84 	 142.626629330000 17.649954092000 22
Instancias/C2/8.txt                                          	    84 	 137.352809627000 60.895225859000 94
Instancias/C2/9.txt                                          	    85 	 132.292859617000 17.652814675000 23
Instancias/C2/10.txt                                         	    73 	 123.671713254000 32.839845772000 48
