Instancias/C2/1.txt                                          	    83 	 121.398428244000 16.059217660000 23
Instancias/C2/2.txt                                          	    89 	 140.539814445000 1.426958277000 1
Instancias/C2/3.txt                                          	    81 	 131.318497043000 3.592599015000 3
Instancias/C2/4.txt                                          	    81 	 137.513852352000 13.920489609000 16
Instancias/C2/5.txt                                          	    79 	 137.270681524000 82.038556061000 120
Instancias/C2/6.txt                                          	    91 	 132.127725195000 21.926930046000 32
Instancias/C2/7.txt                                          	    84 	 148.863793953000 3.185885974000 2
Instancias/C2/8.txt                                          	    83 	 128.979408750000 17.449906553000 24
Instancias/C2/9.txt                                          	    86 	 132.382519029000 5.920132676000 9
Instancias/C2/10.txt                                         	    72 	 142.845589671000 6.287851869000 7
