Instancias/C2/1.txt                                          	    84 	 145.071429886000 4.641376768000 6
Instancias/C2/2.txt                                          	    88 	 138.423152327000 9.038097388000 12
Instancias/C2/3.txt                                          	    82 	 142.856458846000 88.061627564000 125
Instancias/C2/4.txt                                          	    82 	 148.724171664000 2.592422794000 2
Instancias/C2/5.txt                                          	    80 	 145.769564129000 15.831171212000 19
Instancias/C2/6.txt                                          	    91 	 121.884974512000 23.100660950000 36
Instancias/C2/7.txt                                          	    83 	 148.140157404000 15.624553424000 21
Instancias/C2/8.txt                                          	    83 	 130.477660396000 74.558917828000 105
Instancias/C2/9.txt                                          	    85 	 139.037489591000 9.341565506000 12
Instancias/C2/10.txt                                         	    72 	 137.670328338000 2.172016999000 2
