Number of Tool Switches: 20 

Time elapsed: 0.178520 
Tool Sequence:
     12J 17J  8J 10J  5J  4J  9J 13J  2J 14J  3J 15J 20J  1J 18J  6J 16J 19J 11J  7J
  1T   1   1   1   1   1   1   1   1   0   0   0   0   0   0   0   0   0   0   0   0
  2T   0   0   0   0   0   0   0   0   0   0   0   1   1   1   1   1   1   1   1   1
  3T   1   1   1   1   1   1   1   1   1   1   1   1   1   1   1   1   1   1   1   1
  4T   1   1   1   1   1   1   1   1   0   0   0   0   0   0   0   0   0   0   0   0
  5T   1   1   1   1   1   1   1   1   1   1   1   1   1   1   1   1   1   1   1   0
  6T   1   1   1   1   1   1   1   1   1   1   1   0   0   0   0   0   0   0   0   0
  7T   0   0   0   0   0   0   0   0   1   1   1   1   1   1   1   1   1   1   1   1
  8T   0   0   0   0   0   1   1   1   1   1   1   1   1   1   1   1   1   1   1   0
  9T   1   1   1   1   1   1   1   1   1   1   1   1   1   1   1   1   1   1   0   0
 10T   0   0   0   0   0   0   0   0   0   0   0   0   0   0   0   0   0   1   0   0
 11T   0   0   0   0   0   0   0   0   0   0   1   1   1   1   1   1   1   1   1   0
 12T   1   1   1   1   1   1   1   1   1   1   1   1   1   1   1   1   1   1   0   0
 13T   1   1   1   1   1   1   1   1   1   1   1   1   1   1   1   1   1   0   0   0
 14T   1   1   1   1   1   0   0   0   0   0   0   0   0   0   0   0   0   0   0   0
 15T   1   1   1   1   1   1   1   1   1   1   1   1   1   1   1   1   1   1   1   0
 16T   1   1   1   1   1   1   1   1   1   1   1   1   1   1   1   1   1   0   0   0
 17T   1   1   1   1   1   1   1   1   1   1   1   1   1   1   1   1   1   1   1   0
 18T   1   1   1   1   1   1   1   1   1   1   1   1   1   1   0   0   0   0   0   0
 19T   1   1   1   1   1   1   1   1   1   1   1   1   1   1   1   0   0   0   0   0
 20T   1   1   1   1   1   1   1   1   1   1   1   1   1   1   1   1   0   0   0   0
