Number of Tool Switches: 22 

Time elapsed: 4.217091 
Tool Sequence:
      9J 11J  2J 20J 19J  3J 13J  6J 18J  7J 12J 15J 17J 10J 14J 16J  4J  1J  8J  5J
  1T   1   1   1   1   1   1   1   1   1   1   1   1   1   1   1   1   1   1   1   0
  2T   1   1   1   1   1   1   1   1   1   1   1   1   1   1   1   1   1   1   1   1
  3T   1   1   1   1   1   1   1   0   0   0   0   0   0   0   0   0   1   1   1   0
  4T   1   1   1   1   1   1   1   1   1   0   0   0   0   0   0   0   0   0   0   0
  5T   1   1   1   1   1   1   1   1   1   1   1   1   1   1   1   1   1   1   0   0
  6T   1   1   1   1   1   1   1   0   0   0   0   0   0   0   0   1   1   1   1   0
  7T   1   1   1   1   1   1   1   1   0   0   0   0   0   0   0   0   0   0   0   0
  8T   1   1   1   1   1   1   1   1   1   1   1   1   1   1   1   1   1   1   1   0
  9T   0   0   0   0   0   0   0   1   1   1   1   1   1   1   1   1   1   1   1   1
 10T   0   0   0   0   0   0   0   0   0   1   1   1   1   1   1   1   1   0   0   0
 11T   0   0   0   0   0   0   0   0   0   1   1   1   1   1   1   1   1   1   1   1
 12T   1   1   1   1   1   1   1   1   1   1   1   1   1   1   1   1   1   1   1   1
 13T   1   1   1   1   1   1   1   1   1   0   0   0   0   0   0   0   0   0   0   0
 14T   1   1   1   1   1   1   1   1   1   1   1   1   1   1   1   1   1   1   0   0
 15T   0   0   0   0   0   0   0   1   1   1   1   1   1   1   1   1   1   1   0   0
 16T   0   0   0   0   0   0   0   0   1   1   1   1   1   1   1   1   1   1   0   0
 17T   1   1   1   1   1   1   1   1   1   1   1   1   1   1   1   1   1   1   1   0
 18T   1   1   1   1   1   1   1   1   1   1   1   1   1   1   1   1   0   0   0   0
 19T   1   1   1   1   1   1   1   1   1   1   1   1   1   1   1   1   1   1   1   0
 20T   1   1   1   1   1   1   1   1   1   1   1   1   1   0   0   0   0   0   0   0
