Number of Tool Switches: 54 

Time elapsed: 16.649057 
Tool Sequence:
      2J  3J  8J 11J 16J  6J 15J  5J 17J 18J 13J 12J  7J  9J 14J  1J 19J 10J  4J 20J
  1T   0   0   1   1   1   1   1   1   1   1   1   1   1   1   1   1   1   1   0   0
  2T   1   1   1   1   1   1   1   1   1   1   1   0   0   0   0   0   0   0   0   0
  3T   1   1   1   1   0   0   0   0   0   0   0   1   1   1   1   1   1   1   0   0
  4T   0   0   0   0   0   1   1   1   1   0   0   0   0   0   1   1   1   1   1   1
  5T   0   1   1   1   1   1   1   1   1   1   1   1   0   0   0   0   0   1   1   1
  6T   0   1   1   1   1   1   1   0   0   1   0   0   0   0   0   1   1   1   1   0
  7T   0   0   0   0   0   0   0   0   0   0   0   0   1   1   1   1   1   1   1   1
  8T   1   0   0   1   1   1   1   1   1   1   1   1   1   0   0   0   0   0   0   0
  9T   1   0   0   0   1   1   1   1   1   1   1   1   1   1   0   0   0   0   0   0
 10T   0   1   1   1   1   1   1   1   0   0   0   0   0   0   0   1   0   0   0   0
 11T   1   0   1   1   1   1   1   1   1   1   1   0   0   0   0   0   1   1   1   0
 12T   0   1   1   0   0   0   0   1   1   1   1   1   1   1   1   0   0   0   0   0
 13T   1   1   1   1   1   1   0   0   0   0   0   0   1   1   0   0   0   1   1   1
 14T   1   1   1   1   1   1   1   0   0   1   1   1   1   0   0   0   1   1   1   0
 15T   1   1   1   0   0   0   0   0   0   0   1   1   0   0   1   0   0   0   1   1
 16T   1   1   0   0   0   0   1   1   1   1   1   1   1   1   1   1   1   0   0   0
 17T   0   0   0   1   0   0   0   0   0   1   1   1   1   1   1   1   1   1   1   1
 18T   1   1   0   0   0   0   0   0   1   1   1   1   1   1   1   1   1   0   0   0
 19T   1   0   1   1   1   1   0   0   0   0   0   0   0   1   1   1   0   0   0   0
 20T   0   0   0   0   0   0   0   1   1   0   0   0   0   1   1   1   1   1   1   1
 21T   1   1   0   0   1   1   1   1   1   0   0   1   1   1   1   1   1   1   0   0
 22T   1   1   0   0   0   0   1   1   1   1   1   1   1   1   1   1   1   1   1   1
 23T   0   0   1   1   1   1   1   1   1   1   1   1   1   1   0   0   0   0   1   1
 24T   1   1   1   1   1   0   0   0   0   0   0   0   0   0   1   1   1   1   0   0
 25T   1   1   1   1   1   1   1   1   1   1   1   1   1   1   1   1   1   1   1   1
