Number of Tool Switches: 29 

Time elapsed: 11.406495 
Tool Sequence:
      3J 14J 19J 18J 20J  9J 10J  7J  1J 12J  5J 13J  4J 16J  8J  2J 15J  6J 11J 17J
  1T   1   1   1   1   1   1   1   1   1   1   1   1   1   1   1   1   1   1   1   0
  2T   1   1   1   1   1   1   1   1   1   1   1   1   1   1   1   1   1   1   0   0
  3T   1   1   1   1   1   1   1   1   1   1   1   1   1   1   1   1   1   1   1   1
  4T   0   0   0   0   0   0   1   1   1   1   1   1   1   1   1   1   1   1   1   0
  5T   1   1   1   1   1   1   1   1   1   1   1   1   1   1   1   1   1   1   1   1
  6T   0   0   0   0   0   0   0   0   0   0   1   1   1   1   1   1   1   1   1   0
  7T   1   1   1   1   1   1   1   1   1   1   1   1   1   1   1   0   0   0   0   0
  8T   1   1   1   1   1   1   1   1   1   1   1   1   1   1   1   1   1   1   1   0
  9T   1   1   1   1   1   1   1   1   1   1   1   1   1   1   1   1   1   1   1   0
 10T   1   1   1   1   1   1   1   1   1   1   1   1   1   1   1   1   1   1   1   0
 11T   1   1   1   1   1   1   1   1   1   1   1   1   1   1   1   1   1   0   0   0
 12T   1   1   1   1   1   1   1   1   1   1   1   1   1   1   1   1   1   1   1   0
 13T   0   0   0   0   0   1   1   1   1   1   1   1   1   1   1   1   1   1   0   0
 14T   1   1   1   1   1   1   1   1   1   1   1   1   1   1   1   1   1   1   1   0
 15T   0   0   0   0   0   0   0   0   1   1   1   1   1   1   1   1   1   1   1   1
 16T   0   0   0   0   1   1   1   1   1   1   1   1   1   1   1   1   1   1   1   0
 17T   1   1   1   1   1   1   1   1   0   0   0   0   0   0   0   1   1   1   1   1
 18T   1   1   1   1   1   1   1   1   1   1   1   1   0   0   0   0   0   0   0   0
 19T   1   1   1   1   1   1   1   1   1   1   1   1   1   1   1   1   1   1   1   1
 20T   1   1   1   1   0   0   0   0   0   0   0   0   0   0   0   0   1   1   1   0
 21T   1   1   1   1   1   1   1   1   1   0   0   0   0   0   0   0   0   0   0   0
 22T   1   1   1   1   1   1   1   1   1   1   1   1   1   1   1   1   1   1   1   1
 23T   1   1   1   1   1   1   1   1   1   1   0   0   0   0   0   0   0   0   0   0
 24T   1   1   1   1   1   0   0   0   0   0   0   0   1   1   1   1   0   0   0   0
 25T   1   1   1   1   1   1   0   0   0   0   0   1   1   1   1   1   1   0   0   0
