Number of Tool Switches: 23 

Time elapsed: 4.458504 
Tool Sequence:
     14J  2J 18J  3J  6J  4J 16J 20J 11J 13J 15J 10J  9J 19J  5J  8J 17J 12J  7J  1J
  1T   1   1   1   1   1   1   1   1   1   1   0   0   0   0   0   0   0   0   1   1
  2T   1   1   1   1   1   1   1   1   1   1   1   1   1   1   1   1   1   1   1   1
  3T   1   1   1   1   1   1   1   1   1   1   1   1   1   1   1   1   1   1   1   1
  4T   0   0   0   0   0   0   1   1   1   1   1   1   1   1   1   1   1   1   1   0
  5T   1   1   1   1   1   1   1   1   1   1   1   1   1   1   1   1   1   1   1   1
  6T   0   0   0   0   0   0   0   0   0   0   1   1   1   1   1   1   1   1   1   0
  7T   0   0   0   0   0   0   0   1   1   1   1   1   1   1   1   1   1   1   1   1
  8T   0   0   0   0   0   0   0   0   0   0   0   0   0   1   1   1   1   1   1   0
  9T   1   1   1   1   1   1   1   1   1   1   1   1   1   1   1   1   1   0   0   0
 10T   1   1   1   1   1   1   1   1   1   1   1   1   1   1   1   1   1   1   1   1
 11T   1   1   1   1   1   1   1   1   1   1   1   1   1   1   1   1   1   1   1   1
 12T   1   1   1   1   1   1   1   1   1   1   1   1   1   0   0   0   0   0   0   0
 13T   1   1   1   1   1   1   1   1   1   1   1   1   1   1   1   1   1   1   1   0
 14T   1   1   1   1   1   1   1   1   1   1   1   1   1   1   1   1   0   0   0   0
 15T   1   1   1   1   1   1   1   1   1   1   1   1   1   1   1   1   1   1   1   0
 16T   1   1   1   1   1   1   1   1   1   1   1   1   1   1   1   1   1   1   1   1
 17T   1   1   1   1   1   1   1   0   0   0   0   0   0   0   0   0   0   1   1   1
 18T   1   1   1   1   1   1   1   1   1   1   1   1   1   1   1   1   1   1   0   0
 19T   1   1   1   1   1   1   0   0   0   0   0   0   0   0   0   0   1   0   0   0
 20T   0   0   0   0   0   0   0   0   0   0   0   0   0   0   0   0   0   0   0   1
