Number of Tool Switches: 23 

Time elapsed: 4.674321 
Tool Sequence:
      3J 20J  2J 15J  9J 12J 16J 10J  6J  1J  4J 18J 17J 11J 13J  5J 19J 14J  8J  7J
  1T   1   1   1   1   1   1   1   1   1   1   1   1   1   1   1   1   1   0   0   0
  2T   1   1   1   1   1   1   1   1   1   1   1   0   0   0   0   0   0   0   0   0
  3T   1   1   1   0   0   0   0   0   0   0   0   1   1   1   1   1   1   1   1   1
  4T   1   1   1   1   1   1   1   1   0   0   0   0   1   1   1   1   1   1   1   1
  5T   1   1   1   1   1   1   0   0   0   0   0   0   0   1   1   0   0   0   0   0
  6T   1   1   0   0   0   0   0   0   0   0   1   1   1   1   1   1   0   0   0   0
  7T   1   1   1   1   0   0   0   0   0   1   0   0   0   0   0   0   1   1   1   1
  8T   1   1   1   1   1   1   1   1   1   1   1   1   0   0   0   0   0   1   1   1
  9T   1   1   1   1   1   1   1   1   1   1   1   1   1   1   1   1   1   1   0   0
 10T   0   0   0   0   0   0   1   1   1   1   1   1   1   1   1   1   1   1   1   1
 11T   0   0   0   0   1   1   1   1   1   1   1   1   1   0   0   0   0   0   0   0
 12T   1   1   1   1   1   1   1   1   1   0   0   0   0   0   0   1   1   1   1   1
 13T   0   0   1   1   1   1   1   1   1   1   1   1   1   1   1   1   1   1   1   1
 14T   0   0   0   1   1   1   1   1   1   1   1   1   1   1   1   1   1   1   0   0
 15T   0   0   0   0   0   0   0   0   1   1   1   1   1   1   1   1   1   1   1   0
