Number of Tool Switches: 20 

Time elapsed: 0.140696 
Tool Sequence:
      8J 16J 17J  1J 13J  2J  4J  3J 18J 19J 20J  9J 15J  7J 12J  5J 10J 11J 14J  6J
  1T   1   1   1   1   1   1   1   1   1   1   1   1   1   1   0   0   0   0   0   0
  2T   0   0   0   0   0   0   0   0   1   1   1   1   1   1   1   1   1   1   1   1
  3T   1   1   1   1   1   1   1   1   1   1   1   1   0   0   0   0   0   0   0   0
  4T   0   0   0   0   0   0   0   1   1   1   1   1   1   1   1   1   1   1   1   0
  5T   0   0   0   0   0   0   0   0   0   1   1   1   1   1   1   0   0   0   0   0
  6T   1   1   1   1   1   1   1   1   1   1   1   1   1   1   1   1   1   0   0   0
  7T   1   1   1   1   1   1   1   1   1   1   1   1   1   1   1   1   1   1   1   0
  8T   1   1   1   1   1   1   1   1   1   1   0   0   0   0   0   0   0   0   0   0
  9T   0   0   0   0   0   0   0   0   0   0   1   1   1   1   1   1   1   1   1   0
 10T   1   1   1   1   1   0   0   0   0   0   0   0   0   0   0   0   0   0   0   0
 11T   1   1   1   1   1   1   1   1   1   1   1   1   1   1   1   1   0   0   0   0
 12T   1   1   1   1   1   1   1   1   1   0   0   0   0   0   0   0   0   0   0   0
 13T   1   1   1   1   1   1   1   1   0   0   0   0   0   0   0   0   0   0   0   0
 14T   1   1   1   1   1   1   1   1   1   1   1   1   1   1   1   1   1   1   0   0
 15T   1   1   1   1   1   1   1   1   1   1   1   1   1   1   1   1   1   1   1   1
 16T   1   1   1   1   1   1   1   1   1   1   1   1   1   1   1   1   1   1   1   0
 17T   1   1   1   1   1   1   1   1   1   1   1   1   1   1   1   1   1   1   1   0
 18T   1   1   1   1   1   1   1   1   1   1   1   1   1   1   1   1   0   0   0   0
 19T   0   0   0   0   0   0   0   0   0   0   1   1   1   1   1   1   1   1   1   1
 20T   1   1   1   1   1   1   1   0   0   0   0   0   0   0   0   0   0   0   0   0
