Number of Tool Switches: 24 

Time elapsed: 6.617958 
Tool Sequence:
     18J  6J  9J 14J  1J 12J  3J 15J  7J  8J 11J 13J  2J 19J 20J 16J 17J  5J  4J 10J
  1T   1   1   1   1   1   1   1   1   1   1   1   1   1   1   1   1   1   1   1   0
  2T   0   0   0   0   0   0   0   0   0   1   1   1   1   1   1   1   1   1   1   1
  3T   0   0   0   0   0   1   1   0   0   0   0   0   0   1   1   1   0   0   0   0
  4T   1   1   1   1   1   1   1   1   1   1   1   1   1   1   1   1   1   1   1   0
  5T   1   1   1   1   1   1   1   1   1   1   1   1   1   1   1   1   1   1   1   1
  6T   1   1   1   1   1   1   1   1   1   1   1   1   1   1   1   1   1   1   1   0
  7T   1   1   1   1   1   1   1   1   1   1   1   1   1   1   1   1   1   1   1   1
  8T   1   1   1   1   1   1   1   1   1   1   1   1   0   0   0   0   0   0   0   0
  9T   1   1   1   1   1   1   1   1   1   1   1   1   1   1   0   0   0   0   0   0
 10T   1   1   1   1   1   1   1   1   1   1   1   1   1   1   1   1   1   1   1   0
 11T   1   1   1   1   0   0   0   0   0   0   0   0   0   0   0   0   0   1   1   1
 12T   0   0   0   0   0   0   0   1   1   1   1   1   1   1   1   1   1   1   0   0
 13T   1   1   1   1   1   1   1   1   1   1   1   1   1   1   1   0   0   0   0   0
 14T   1   1   1   1   1   1   1   1   1   1   1   1   1   1   1   1   1   1   1   1
 15T   0   0   0   0   0   0   0   1   1   1   1   1   1   1   1   1   1   1   0   0
 16T   1   1   1   1   1   0   0   0   0   0   0   0   0   1   1   1   1   1   0   0
 17T   1   1   1   1   1   1   1   0   0   0   0   0   0   0   0   1   1   1   1   0
 18T   1   1   1   1   1   1   1   1   1   1   1   1   1   1   1   1   0   0   0   0
 19T   1   1   1   1   1   1   1   1   0   0   0   0   0   0   0   0   0   0   0   0
 20T   0   0   0   0   1   1   1   1   1   1   1   1   1   0   0   0   0   0   0   0
