Number of Tool Switches: 33 

Time elapsed: 1.770777 
Tool Sequence:
      2J 10J 14J 20J 12J  9J  8J  4J 17J  6J 16J  7J 15J 19J 11J  3J 13J  5J 18J  1J
  1T   0   0   0   0   0   0   0   0   0   0   0   0   0   1   1   1   1   0   0   0
  2T   0   0   0   0   0   0   0   1   1   1   0   0   0   0   0   0   0   0   0   1
  3T   0   0   0   0   0   0   0   0   0   0   0   0   0   0   0   0   1   1   0   0
  4T   0   0   1   0   0   0   0   0   0   1   0   0   0   0   0   0   0   0   0   0
  5T   0   0   0   0   0   0   1   1   1   1   1   1   1   0   0   0   0   0   0   0
  6T   0   0   0   0   1   1   1   0   0   0   0   0   0   0   0   0   0   0   0   1
  7T   0   0   0   0   0   0   0   0   0   0   0   0   0   0   0   0   0   0   0   1
  8T   1   1   1   0   0   0   0   0   0   0   0   0   0   0   1   0   0   0   0   0
  9T   0   0   0   1   0   0   0   0   0   0   0   0   0   1   1   0   0   0   0   0
 10T   1   1   1   1   1   0   0   0   0   0   0   0   0   0   0   0   0   0   0   0
 11T   0   0   0   0   0   0   0   0   0   0   0   0   0   0   0   1   1   0   0   0
 12T   0   0   0   0   0   0   0   0   0   0   0   0   0   0   0   1   1   1   1   0
 13T   0   0   0   0   0   0   0   0   0   0   0   0   1   1   1   0   0   0   0   1
 14T   0   0   0   0   0   0   0   0   0   0   0   0   0   0   0   0   0   0   1   1
 15T   0   0   0   1   1   1   0   0   0   0   0   0   0   0   0   0   0   0   0   0
 16T   0   0   0   0   0   0   0   0   0   1   1   1   1   1   1   1   0   0   0   0
 17T   0   0   0   0   1   1   1   1   1   1   1   0   0   0   0   0   0   0   0   0
 18T   0   0   0   0   0   0   0   0   0   0   0   0   1   0   0   0   0   0   0   0
 19T   1   1   1   1   0   0   0   0   0   0   0   0   0   0   0   0   1   1   0   0
 20T   1   0   0   0   0   0   0   0   0   0   0   0   0   0   0   0   0   0   0   0
 21T   0   0   0   0   0   1   1   1   1   0   0   0   0   0   0   1   0   0   0   0
 22T   0   0   0   0   0   0   0   0   0   0   1   0   0   0   0   0   0   0   0   0
 23T   0   0   0   0   0   0   0   0   0   0   0   1   1   0   0   0   0   0   0   0
 24T   1   1   1   1   1   1   1   1   0   0   0   0   0   0   0   0   0   0   0   0
 25T   0   0   0   0   0   0   0   0   0   0   1   1   0   0   0   0   0   0   0   0
