Number of Tool Switches: 36 

Time elapsed: 1.869683 
Tool Sequence:
      6J 16J 18J  4J 20J 19J 17J  8J 13J  7J  9J 15J 12J  2J  3J 11J  1J 10J  5J 14J
  1T   0   1   1   1   1   1   1   0   0   0   0   0   0   0   0   0   0   0   0   0
  2T   1   0   0   0   0   0   0   0   0   0   0   0   0   0   1   1   1   1   1   1
  3T   0   0   0   0   0   0   0   0   0   0   1   1   1   1   0   1   0   0   0   0
  4T   0   0   0   0   0   0   0   0   0   1   1   1   0   0   0   0   0   0   0   0
  5T   0   0   0   0   1   1   1   1   0   0   0   0   0   0   0   0   0   0   0   0
  6T   0   0   0   0   1   0   0   0   0   0   0   0   0   0   0   0   0   0   1   1
  7T   0   0   0   0   0   0   0   0   0   0   0   0   0   0   0   0   0   0   0   1
  8T   0   0   0   0   0   0   0   0   1   0   0   0   0   0   0   0   0   0   0   0
  9T   0   0   0   0   0   0   0   0   1   1   0   0   0   0   0   0   0   0   0   0
 10T   0   0   0   0   0   1   1   1   1   1   1   1   1   1   1   0   0   0   0   0
 11T   0   0   0   0   0   0   0   0   0   0   0   1   1   1   0   1   1   1   1   0
 12T   0   0   0   0   0   0   0   0   0   0   0   0   0   0   0   0   0   1   0   0
 13T   0   1   1   1   0   0   0   0   0   0   0   0   0   0   0   0   0   0   0   0
 14T   0   0   0   1   0   0   0   1   1   1   1   0   0   0   0   0   0   0   0   0
 15T   0   0   0   1   1   1   1   0   0   0   0   0   0   0   0   0   0   0   0   1
 16T   0   0   1   1   1   1   0   0   0   0   0   0   0   0   0   1   1   0   0   0
 17T   1   1   1   0   0   0   0   1   1   1   1   0   0   0   0   0   0   0   0   0
 18T   0   0   0   0   0   0   0   0   0   0   0   0   0   0   1   1   0   0   0   0
 19T   0   0   0   0   0   0   0   0   0   0   0   0   0   0   1   0   0   0   0   0
 20T   0   1   0   0   0   0   0   0   0   0   0   1   1   1   1   0   0   0   0   0
 21T   0   0   0   0   0   0   1   1   0   0   0   0   0   0   0   0   0   0   0   0
 22T   0   0   0   0   0   0   0   0   0   0   0   0   0   0   0   0   1   1   1   1
 23T   1   0   0   0   0   0   0   0   0   0   0   0   0   0   0   0   1   1   0   0
 24T   1   0   0   0   0   0   0   0   0   0   0   0   0   0   0   0   0   0   0   0
 25T   1   1   1   0   0   0   0   0   0   0   0   0   1   0   0   0   0   0   0   0
