Number of Tool Switches: 25 

Time elapsed: 2.993132 
Tool Sequence:
     10J 14J 18J 13J  7J 11J 16J  1J  6J  9J  2J 12J  4J 20J 17J  8J  3J 19J  5J 15J
  1T   1   1   1   1   1   1   1   1   1   0   0   0   0   0   0   0   0   0   0   0
  2T   0   0   0   0   0   0   0   1   1   1   1   1   1   1   1   1   1   0   0   0
  3T   1   1   1   1   1   1   1   1   1   1   1   1   1   1   1   1   1   1   1   0
  4T   1   1   1   1   1   1   1   1   1   1   0   0   0   0   0   0   0   0   0   0
  5T   0   0   0   1   1   1   1   1   1   1   1   1   1   0   0   0   0   0   0   0
  6T   1   1   0   0   0   0   0   0   0   0   0   0   0   0   0   0   0   0   0   0
  7T   0   0   0   0   0   0   0   0   0   0   0   0   0   1   1   0   0   0   0   0
  8T   0   0   0   0   0   0   0   0   0   0   1   0   0   0   0   0   0   0   0   0
  9T   0   0   0   0   1   1   1   1   1   0   0   0   0   0   0   0   0   0   0   0
 10T   0   0   0   1   1   1   1   1   1   1   1   1   1   1   1   1   1   1   1   1
 11T   1   1   1   1   0   0   0   0   0   0   0   0   0   0   0   0   0   0   0   0
 12T   0   0   0   0   0   0   0   0   1   1   1   1   1   0   0   0   0   0   0   0
 13T   0   0   0   0   0   0   0   0   0   0   0   0   0   0   0   0   0   1   1   0
 14T   1   1   1   1   1   1   1   0   0   0   0   0   0   0   0   0   0   0   0   0
 15T   1   1   1   1   1   1   1   1   1   1   1   1   1   1   1   1   1   1   1   1
 16T   1   1   1   1   1   1   1   1   1   1   1   1   0   0   0   0   0   0   0   0
 17T   1   1   1   1   1   0   0   0   0   0   0   0   0   0   0   0   0   0   0   0
 18T   0   0   0   0   0   0   0   0   0   0   0   0   0   0   0   1   1   1   1   1
 19T   0   0   0   0   0   0   0   0   0   0   0   0   0   1   0   0   0   0   0   0
 20T   0   0   0   0   0   0   0   0   0   1   1   1   1   0   0   0   0   0   0   0
 21T   0   0   0   0   0   0   0   0   0   0   0   0   0   0   1   1   1   1   0   0
 22T   1   1   0   0   0   0   0   0   0   0   0   0   0   0   0   0   0   0   0   0
 23T   0   0   0   0   0   0   0   0   0   0   0   1   1   1   1   1   1   0   0   0
 24T   0   0   0   0   0   0   0   0   0   0   0   0   1   1   1   1   1   1   1   0
 25T   0   0   0   0   0   0   0   0   0   1   1   1   1   1   1   1   1   0   0   0
