Number of Tool Switches: 30 

Time elapsed: 1.513281 
Tool Sequence:
      7J  4J 19J  9J  8J 13J  6J 12J  5J  2J 14J  1J 17J 11J 15J 10J 16J  3J 20J 18J
  1T   1   1   1   1   0   0   0   0   0   0   0   0   0   0   0   0   0   0   0   0
  2T   1   1   0   0   0   0   0   0   0   0   0   0   0   0   0   0   1   1   1   0
  3T   0   0   0   0   0   0   0   0   0   0   0   0   0   0   0   1   1   1   0   0
  4T   0   0   0   0   1   1   0   0   0   0   0   0   0   1   1   0   0   0   0   0
  5T   0   0   0   0   0   0   0   0   1   1   1   1   1   1   0   0   0   0   0   1
  6T   0   0   0   0   0   0   0   0   0   0   0   0   0   0   0   0   0   1   1   1
  7T   0   0   0   1   1   1   1   1   1   1   1   1   1   0   0   0   0   0   0   0
  8T   0   0   0   0   0   0   0   1   0   0   0   0   0   0   0   1   0   0   0   0
  9T   1   1   1   1   1   0   0   0   0   0   0   0   0   0   0   0   0   0   0   0
 10T   0   0   0   0   0   0   0   0   0   0   0   1   1   1   1   1   1   1   1   0
 11T   1   1   1   0   0   0   0   0   0   0   0   0   0   0   0   0   0   0   0   0
 12T   0   0   0   0   0   0   0   0   0   1   1   1   1   1   1   1   1   0   0   0
 13T   0   0   0   0   0   1   1   0   0   0   0   0   0   0   0   0   0   0   0   0
 14T   0   0   1   1   0   0   0   0   0   0   0   0   0   0   1   1   0   0   0   0
 15T   0   0   0   0   1   1   1   1   1   1   0   0   0   0   0   0   0   0   1   0
 16T   1   0   0   0   0   0   0   0   0   0   0   0   0   0   0   0   0   0   1   1
 17T   0   1   0   0   0   0   0   1   1   0   0   0   0   0   0   0   0   0   0   0
 18T   0   0   1   1   1   1   1   0   0   0   1   1   1   0   0   0   0   0   0   0
 19T   0   0   0   0   0   0   1   1   1   1   1   0   0   0   0   0   1   0   0   0
 20T   0   0   0   0   0   0   0   0   0   0   0   0   0   0   1   0   0   0   0   0
