Number of Tool Switches: 29 

Time elapsed: 10.219285 
Tool Sequence:
     14J  9J 12J 13J  5J 10J  3J 15J  7J 19J  4J  6J  1J  2J 17J 16J 18J 20J  8J 11J
  1T   1   1   1   1   1   1   1   1   1   1   1   1   1   0   0   0   0   0   0   0
  2T   0   0   0   0   1   1   1   1   1   1   1   1   1   1   1   1   1   1   1   0
  3T   1   1   1   1   1   1   1   1   1   1   1   1   1   1   1   1   0   0   0   0
  4T   1   1   1   1   1   1   1   1   1   1   1   1   1   1   1   1   1   1   1   0
  5T   1   1   1   1   1   1   0   0   0   0   0   0   0   0   0   1   1   1   1   1
  6T   0   0   0   0   0   0   0   0   0   1   1   1   1   1   1   1   1   1   1   1
  7T   1   1   1   1   1   1   1   1   1   1   1   1   1   1   1   1   1   1   1   0
  8T   1   1   1   1   0   0   0   0   0   0   0   0   0   1   1   1   1   1   1   0
  9T   1   1   1   1   1   1   1   1   1   1   1   1   1   1   1   1   1   1   1   0
 10T   1   1   1   1   1   1   1   1   1   1   1   1   1   1   1   1   1   1   1   1
 11T   1   1   1   1   1   1   1   1   1   0   0   0   0   0   0   0   0   1   1   0
 12T   1   1   1   1   1   1   1   1   1   1   1   1   1   1   1   1   1   1   1   1
 13T   1   1   1   1   1   1   1   1   1   1   1   1   1   1   1   1   1   1   1   1
 14T   1   1   1   1   1   1   1   1   1   1   1   1   1   1   1   0   0   0   0   0
 15T   1   1   1   1   1   1   1   1   1   1   1   1   1   1   1   1   1   1   1   1
 16T   1   1   1   1   1   1   1   1   1   1   1   1   1   1   1   1   0   0   0   0
 17T   1   1   1   1   1   1   1   1   0   0   0   0   0   0   0   0   1   1   1   1
 18T   1   1   1   1   1   1   1   1   1   1   1   1   1   1   1   1   1   1   1   0
 19T   1   1   1   1   1   1   1   1   1   1   0   0   0   0   0   0   0   0   0   0
 20T   1   1   1   1   1   1   1   1   1   1   1   1   1   1   1   1   1   1   1   1
 21T   0   0   0   0   0   0   0   0   0   0   1   1   1   1   1   1   1   0   0   0
 22T   0   0   0   0   0   0   0   0   1   1   1   1   1   1   1   1   0   0   0   0
 23T   1   1   1   1   1   1   1   1   1   1   1   1   1   1   1   1   1   1   1   0
 24T   1   1   1   1   1   1   1   1   1   1   1   1   1   1   1   1   1   1   1   1
 25T   0   0   0   0   0   0   1   1   1   1   1   1   1   1   1   1   1   1   1   0
