Number of Tool Switches: 25 

Time elapsed: 0.410637 
Tool Sequence:
     12J 11J  1J  9J 20J 18J 17J  7J 14J 15J  3J  5J 13J  8J 19J 10J  4J  6J  2J 16J
  1T   0   0   0   0   0   0   0   0   0   0   0   0   0   0   0   0   0   0   0   1
  2T   0   0   0   0   0   0   0   0   0   0   0   0   0   0   0   1   0   0   0   0
  3T   0   0   0   0   0   1   1   1   1   0   0   0   0   0   0   0   0   0   0   0
  4T   1   1   1   1   1   1   1   1   1   1   1   1   1   1   0   0   0   0   0   0
  5T   0   0   0   0   0   0   0   0   0   0   0   0   0   0   1   1   1   0   0   0
  6T   1   1   1   1   0   0   0   0   0   0   0   0   0   0   0   0   0   0   0   0
  7T   1   1   1   0   0   0   0   0   0   0   0   0   0   0   0   0   0   0   0   0
  8T   1   1   1   1   1   1   1   1   0   0   0   0   0   0   0   0   0   0   0   0
  9T   0   0   0   0   0   0   0   0   0   1   1   1   1   1   1   1   1   1   1   1
 10T   1   1   1   0   0   0   0   0   0   0   0   0   0   0   0   0   0   0   0   0
 11T   0   0   0   0   1   1   1   1   1   1   1   1   1   1   1   0   0   0   0   0
 12T   0   0   0   0   0   0   0   0   1   1   0   0   0   0   0   0   0   0   0   0
 13T   0   0   0   0   0   0   0   1   1   1   1   1   0   0   0   0   0   0   0   0
 14T   0   0   0   0   0   0   0   0   0   0   0   0   1   1   1   1   0   0   0   0
 15T   1   1   1   1   1   1   1   1   1   1   1   1   1   0   0   0   0   0   0   0
 16T   0   0   0   0   0   0   0   0   0   0   0   0   0   0   0   0   1   0   0   0
 17T   1   1   1   1   1   1   1   1   1   1   1   1   1   1   0   0   0   0   0   0
 18T   0   0   0   0   0   0   0   0   0   0   0   0   0   0   0   0   0   1   0   0
 19T   0   0   0   0   0   0   1   1   1   1   1   1   1   0   0   0   0   0   0   0
 20T   0   0   0   0   0   0   1   1   1   1   1   1   1   1   1   1   1   1   1   0
 21T   1   1   0   0   0   0   0   0   0   0   0   0   0   0   0   0   0   0   0   0
 22T   0   0   0   0   0   0   0   0   0   0   0   0   1   1   1   1   1   1   1   1
 23T   1   1   1   1   1   1   1   1   1   1   1   1   1   1   0   0   0   0   0   0
 24T   1   1   1   1   1   0   0   0   0   0   0   0   0   0   0   0   0   0   0   0
 25T   0   0   0   0   0   0   0   0   0   0   0   0   0   0   0   0   1   1   1   0
