Number of Tool Switches: 29 

Time elapsed: 9.732150 
Tool Sequence:
     15J  3J 10J  1J 13J 18J  4J  7J  2J 17J 11J 16J  8J  9J 20J 14J 12J  6J  5J 19J
  1T   0   0   0   0   0   0   0   1   1   1   1   1   1   1   1   1   1   1   0   0
  2T   1   1   1   1   1   1   1   1   1   1   1   1   0   0   0   0   0   0   0   0
  3T   1   1   1   1   1   0   0   0   0   0   0   0   0   0   0   1   1   1   1   1
  4T   1   1   1   1   1   1   1   1   1   1   1   1   1   1   1   1   1   1   0   0
  5T   1   1   1   1   1   1   1   1   1   1   1   0   0   0   0   0   0   0   0   0
  6T   1   1   1   1   1   1   1   1   1   1   1   1   1   1   1   1   1   1   0   0
  7T   1   1   1   1   1   1   1   1   1   1   1   1   0   0   0   0   0   0   0   0
  8T   1   1   1   1   1   1   1   1   1   1   1   1   1   1   1   1   1   1   0   0
  9T   1   1   1   1   1   1   1   1   1   1   1   1   1   1   1   1   1   1   1   0
 10T   1   1   1   1   1   1   0   0   0   0   0   0   1   1   1   1   1   1   1   0
 11T   1   1   1   1   1   1   1   1   1   1   1   1   1   1   1   1   1   1   0   0
 12T   1   1   1   1   1   1   1   1   1   1   1   1   1   1   1   1   1   1   1   1
 13T   1   1   1   1   1   1   1   1   1   1   1   1   1   1   1   1   0   0   0   0
 14T   1   1   1   1   1   1   1   1   1   1   1   1   1   1   0   0   0   0   0   0
 15T   0   0   0   0   0   0   0   0   0   0   0   1   1   1   1   1   1   1   1   1
 16T   1   1   1   1   1   1   1   1   1   1   1   1   1   1   1   1   1   1   1   0
 17T   1   1   1   1   1   1   1   1   1   1   1   1   1   1   1   1   1   1   1   1
 18T   0   0   0   0   0   0   0   0   0   1   1   1   1   1   1   1   1   1   1   1
 19T   1   1   1   1   1   1   1   1   1   1   1   1   1   1   1   1   1   1   1   0
 20T   1   1   1   1   1   1   1   1   1   0   0   0   0   0   1   1   1   1   1   1
 21T   0   0   0   0   0   1   1   1   1   1   1   1   1   1   1   1   1   1   1   1
 22T   1   1   1   1   1   1   1   0   0   0   0   0   0   1   0   0   0   0   0   0
 23T   0   0   0   0   0   0   1   1   1   1   1   1   1   1   1   1   1   1   0   0
 24T   1   1   1   1   1   1   1   1   1   1   1   1   1   1   1   1   1   0   0   0
 25T   1   1   1   1   1   1   1   1   1   1   1   1   1   1   1   1   1   0   0   0
