Number of Tool Switches: 21 

Time elapsed: 4.171802 
Tool Sequence:
      8J  6J 20J 16J  9J  4J 14J 15J  7J 10J  5J 17J  1J  3J  2J 11J 19J 13J 12J 18J
  1T   1   1   1   1   1   1   1   1   1   1   1   1   1   1   1   1   0   0   0   0
  2T   0   0   0   0   0   0   0   0   0   0   1   1   1   1   1   1   1   1   1   1
  3T   0   0   0   0   0   0   0   1   1   1   1   1   1   1   1   1   1   1   0   0
  4T   0   0   0   0   0   0   0   0   0   1   1   1   1   1   1   1   1   1   1   1
  5T   1   1   1   1   1   1   1   1   1   1   0   0   0   0   0   0   1   1   1   1
  6T   1   1   1   1   1   1   1   0   0   0   0   0   0   1   1   1   1   1   1   1
  7T   0   0   0   0   0   1   1   1   1   1   1   1   1   1   1   1   1   1   1   1
  8T   1   1   1   1   1   1   0   0   0   0   0   0   0   0   0   0   0   0   1   1
  9T   1   1   1   1   1   1   1   1   1   1   1   1   1   0   0   0   0   0   1   1
 10T   1   1   1   1   1   0   0   0   0   0   0   1   1   1   1   1   1   1   1   0
 11T   1   1   1   1   1   1   1   1   1   1   1   1   1   1   0   0   0   0   0   0
 12T   1   1   1   1   1   1   1   1   1   1   1   0   0   0   1   1   1   1   0   0
 13T   0   0   0   0   0   0   1   1   1   1   1   1   1   1   1   1   1   1   1   0
 14T   1   1   1   1   1   1   1   1   1   1   1   1   1   1   1   0   0   0   0   0
 15T   1   1   1   1   1   1   1   1   1   0   0   0   0   0   0   0   0   0   0   0
