Number of Tool Switches: 28 

Time elapsed: 1.565011 
Tool Sequence:
     18J 11J  4J 10J  7J  2J 17J  6J 13J  1J  9J 15J 14J  5J 16J 20J 12J  8J  3J 19J
  1T   0   0   0   0   0   1   1   1   0   0   0   0   0   0   0   0   0   0   0   0
  2T   0   0   0   0   0   0   0   0   0   0   0   0   0   0   0   0   1   1   1   1
  3T   0   0   0   0   0   0   0   0   1   1   1   1   1   1   0   0   0   0   0   0
  4T   1   1   1   1   1   1   1   1   1   1   1   1   1   0   0   0   0   0   0   0
  5T   0   0   0   0   1   1   1   1   1   0   0   0   0   0   1   1   0   1   1   0
  6T   0   0   0   0   0   0   0   0   0   1   1   1   0   0   0   1   1   0   0   0
  7T   1   0   0   0   0   0   0   0   0   0   0   0   0   0   0   0   0   1   1   0
  8T   1   1   1   0   0   0   1   1   1   0   0   0   0   0   0   1   1   1   1   1
  9T   0   0   1   1   0   0   0   0   0   0   0   0   0   0   0   0   0   0   0   1
 10T   0   1   1   1   1   1   1   1   1   1   1   0   0   0   1   0   0   0   0   0
 11T   0   0   0   1   1   1   0   0   0   0   0   1   1   1   0   0   0   0   1   1
 12T   0   0   0   0   0   0   0   0   0   1   1   1   1   1   1   1   1   1   0   0
 13T   1   1   1   1   1   0   0   0   0   0   0   0   0   0   0   0   1   0   0   0
 14T   0   0   0   0   0   0   0   0   0   0   0   0   1   1   1   1   0   0   0   0
 15T   1   1   0   0   0   0   0   0   0   0   0   0   0   1   1   0   0   0   0   1
