Instancias/C-2/s2n001.txt                                    	    28 	 0.788773984000 0.014574972000 2
Instancias/C-2/s2n001_1.txt                                  	    22 	 1.180920390000 0.046664371000 6
Instancias/C-2/s2n001_2.txt                                  	    20 	 0.938953614000 0.012286933000 2
Instancias/C-2/s2n001_3.txt                                  	    20 	 0.668677930000 0.004599542000 1
Instancias/C-2/s2n002.txt                                    	    25 	 0.911517357000 0.025488047000 5
Instancias/C-2/s2n002_1.txt                                  	    20 	 0.942014663000 0.005695237000 1
Instancias/C-2/s2n002_2.txt                                  	    20 	 0.659333852000 0.004609829000 1
Instancias/C-2/s2n002_3.txt                                  	    20 	 0.599303031000 0.003707477000 1
Instancias/C-2/s2n003.txt                                    	    28 	 0.732811372000 0.033889655000 8
Instancias/C-2/s2n003_1.txt                                  	    23 	 1.115108826000 0.010020055000 1
Instancias/C-2/s2n003_2.txt                                  	    21 	 1.184249642000 0.005936555000 1
Instancias/C-2/s2n003_3.txt                                  	    20 	 0.636617992000 0.003208066000 1
Instancias/C-2/s2n004.txt                                    	    28 	 0.770331819000 0.017595878000 5
Instancias/C-2/s2n004_1.txt                                  	    23 	 1.278074630000 0.019074074000 3
Instancias/C-2/s2n004_2.txt                                  	    21 	 1.031744806000 0.015738381000 1
Instancias/C-2/s2n004_3.txt                                  	    20 	 0.687921639000 0.004511941000 1
Instancias/C-2/s2n005.txt                                    	    26 	 0.756890650000 0.020345910000 5
Instancias/C-2/s2n005_1.txt                                  	    22 	 1.104360653000 0.010663197000 1
Instancias/C-2/s2n005_2.txt                                  	    20 	 0.734809338000 0.006791975000 1
Instancias/C-2/s2n005_3.txt                                  	    20 	 0.569629762000 0.003156576000 1
Instancias/C-2/s2n006.txt                                    	    30 	 0.827068362000 0.013228512000 2
Instancias/C-2/s2n006_1.txt                                  	    24 	 1.149132754000 0.025609822000 1
Instancias/C-2/s2n006_2.txt                                  	    22 	 1.156282011000 0.010569985000 1
Instancias/C-2/s2n006_3.txt                                  	    20 	 0.696060368000 0.005593605000 1
Instancias/C-2/s2n007.txt                                    	    25 	 0.979156279000 0.654024127000 140
Instancias/C-2/s2n007_1.txt                                  	    20 	 0.924202265000 0.012049931000 1
Instancias/C-2/s2n007_2.txt                                  	    19 	 0.627599302000 0.008329238000 1
Instancias/C-2/s2n007_3.txt                                  	    19 	 0.524916071000 0.004104333000 1
Instancias/C-2/s2n008.txt                                    	    30 	 0.772194152000 0.008316451000 1
Instancias/C-2/s2n008_1.txt                                  	    24 	 1.560674801000 0.018784846000 1
Instancias/C-2/s2n008_2.txt                                  	    21 	 1.146154341000 0.021643969000 2
Instancias/C-2/s2n008_3.txt                                  	    20 	 0.626509711000 0.003630292000 1
Instancias/C-2/s2n009.txt                                    	    22 	 0.820266768000 0.012518179000 2
Instancias/C-2/s2n009_1.txt                                  	    18 	 0.873070373000 0.007653025000 1
Instancias/C-2/s2n009_2.txt                                  	    17 	 0.545321579000 0.002862447000 1
Instancias/C-2/s2n009_3.txt                                  	    17 	 0.423028299000 0.003429522000 1
Instancias/C-2/s2n010.txt                                    	    24 	 0.896314899000 0.009543530000 1
Instancias/C-2/s2n010_1.txt                                  	    21 	 0.863689045000 0.007795718000 1
Instancias/C-2/s2n010_2.txt                                  	    20 	 0.550196838000 0.004981133000 1
Instancias/C-2/s2n010_3.txt                                  	    20 	 0.473278258000 0.005307409000 1
