Instancias/C-2/s2n001.txt                                    	    28 	 0.769554922000 0.008737830000 1
Instancias/C-2/s2n001_1.txt                                  	    22 	 1.239916766000 0.039596345000 5
Instancias/C-2/s2n001_2.txt                                  	    20 	 0.947153803000 0.011389299000 1
Instancias/C-2/s2n001_3.txt                                  	    20 	 0.718196353000 0.006633183000 1
Instancias/C-2/s2n002.txt                                    	    25 	 1.044121449000 0.010283973000 1
Instancias/C-2/s2n002_1.txt                                  	    20 	 0.847398523000 0.006628632000 1
Instancias/C-2/s2n002_2.txt                                  	    20 	 0.686696182000 0.006329404000 1
Instancias/C-2/s2n002_3.txt                                  	    20 	 0.586199517000 0.005480159000 1
Instancias/C-2/s2n003.txt                                    	    28 	 0.900164002000 0.005228178000 1
Instancias/C-2/s2n003_1.txt                                  	    23 	 1.302841986000 0.024228537000 3
Instancias/C-2/s2n003_2.txt                                  	    21 	 1.135457172000 0.028931417000 1
Instancias/C-2/s2n003_3.txt                                  	    20 	 0.724006203000 0.004721469000 1
Instancias/C-2/s2n004.txt                                    	    28 	 0.835342266000 0.009214259000 1
Instancias/C-2/s2n004_1.txt                                  	    23 	 1.189843107000 0.021267818000 2
Instancias/C-2/s2n004_2.txt                                  	    21 	 1.047578542000 0.011702637000 1
Instancias/C-2/s2n004_3.txt                                  	    20 	 0.646070695000 0.003332528000 1
Instancias/C-2/s2n005.txt                                    	    26 	 0.720824455000 0.092133643000 22
Instancias/C-2/s2n005_1.txt                                  	    22 	 1.133791222000 0.012450447000 1
Instancias/C-2/s2n005_2.txt                                  	    20 	 0.835204224000 0.008719305000 1
Instancias/C-2/s2n005_3.txt                                  	    20 	 0.575536067000 0.008016142000 1
Instancias/C-2/s2n006.txt                                    	    30 	 0.781428314000 0.012626692000 2
Instancias/C-2/s2n006_1.txt                                  	    24 	 1.181342068000 0.013363480000 1
Instancias/C-2/s2n006_2.txt                                  	    22 	 1.190604960000 0.011457468000 1
Instancias/C-2/s2n006_3.txt                                  	    20 	 0.658663205000 0.004398041000 1
Instancias/C-2/s2n007.txt                                    	    26 	 0.940981468000 0.009353197000 1
Instancias/C-2/s2n007_1.txt                                  	    20 	 1.032590981000 0.023878010000 4
Instancias/C-2/s2n007_2.txt                                  	    19 	 0.560487455000 0.006333845000 1
Instancias/C-2/s2n007_3.txt                                  	    19 	 0.515543578000 0.004832631000 1
Instancias/C-2/s2n008.txt                                    	    30 	 0.797773849000 0.016387049000 2
Instancias/C-2/s2n008_1.txt                                  	    24 	 1.350340436000 0.013036840000 1
Instancias/C-2/s2n008_2.txt                                  	    21 	 1.071773239000 0.041665273000 5
Instancias/C-2/s2n008_3.txt                                  	    20 	 0.729675147000 0.010812440000 1
Instancias/C-2/s2n009.txt                                    	    22 	 0.819954830000 0.013525168000 2
Instancias/C-2/s2n009_1.txt                                  	    18 	 0.895019865000 0.013663497000 2
Instancias/C-2/s2n009_2.txt                                  	    17 	 0.511642519000 0.003388587000 1
Instancias/C-2/s2n009_3.txt                                  	    17 	 0.394794739000 0.003593347000 1
Instancias/C-2/s2n010.txt                                    	    24 	 0.954492301000 0.010791006000 1
Instancias/C-2/s2n010_1.txt                                  	    21 	 0.967235047000 0.013253315000 1
Instancias/C-2/s2n010_2.txt                                  	    20 	 0.599680827000 0.009173581000 1
Instancias/C-2/s2n010_3.txt                                  	    20 	 0.458938469000 0.009587059000 1
