Instancias/C-2/s2n001.txt                                    	    28 	 0.830076965000 0.007192151000 1
Instancias/C-2/s2n001_1.txt                                  	    22 	 1.289804128000 0.019720757000 2
Instancias/C-2/s2n001_2.txt                                  	    20 	 0.975946464000 0.009925696000 1
Instancias/C-2/s2n001_3.txt                                  	    20 	 0.730364876000 0.007056273000 1
Instancias/C-2/s2n002.txt                                    	    25 	 0.781568681000 0.008273722000 2
Instancias/C-2/s2n002_1.txt                                  	    20 	 0.868833455000 0.007835901000 1
Instancias/C-2/s2n002_2.txt                                  	    20 	 0.740382939000 0.005383344000 1
Instancias/C-2/s2n002_3.txt                                  	    20 	 0.549907026000 0.009320425000 1
Instancias/C-2/s2n003.txt                                    	    28 	 0.699499243000 0.010377481000 1
Instancias/C-2/s2n003_1.txt                                  	    23 	 1.185941251000 0.015818704000 1
Instancias/C-2/s2n003_2.txt                                  	    21 	 1.140659288000 0.024021132000 1
Instancias/C-2/s2n003_3.txt                                  	    20 	 0.654096562000 0.005220564000 1
Instancias/C-2/s2n004.txt                                    	    28 	 0.760858872000 0.011140948000 2
Instancias/C-2/s2n004_1.txt                                  	    23 	 1.208367606000 0.021435850000 3
Instancias/C-2/s2n004_2.txt                                  	    21 	 1.094749622000 0.009729499000 1
Instancias/C-2/s2n004_3.txt                                  	    20 	 0.593424690000 0.003298582000 1
Instancias/C-2/s2n005.txt                                    	    26 	 0.737853864000 0.018301400000 3
Instancias/C-2/s2n005_1.txt                                  	    22 	 1.090580968000 0.014770550000 2
Instancias/C-2/s2n005_2.txt                                  	    20 	 0.816460097000 0.006846224000 1
Instancias/C-2/s2n005_3.txt                                  	    20 	 0.561262056000 0.006611174000 1
Instancias/C-2/s2n006.txt                                    	    30 	 0.797016268000 0.013481933000 2
Instancias/C-2/s2n006_1.txt                                  	    24 	 1.134890595000 0.011264497000 1
Instancias/C-2/s2n006_2.txt                                  	    22 	 1.203183786000 0.011542489000 1
Instancias/C-2/s2n006_3.txt                                  	    20 	 0.706530098000 0.005582519000 1
Instancias/C-2/s2n007.txt                                    	    26 	 0.895678859000 0.008380445000 1
Instancias/C-2/s2n007_1.txt                                  	    20 	 0.981249650000 0.013823545000 2
Instancias/C-2/s2n007_2.txt                                  	    19 	 0.658262289000 0.012602801000 1
Instancias/C-2/s2n007_3.txt                                  	    19 	 0.485249221000 0.004715961000 1
Instancias/C-2/s2n008.txt                                    	    30 	 0.779875992000 0.013260148000 2
Instancias/C-2/s2n008_1.txt                                  	    24 	 1.344895472000 0.018015748000 2
Instancias/C-2/s2n008_2.txt                                  	    21 	 0.982557781000 0.017424680000 2
Instancias/C-2/s2n008_3.txt                                  	    20 	 0.706770015000 0.003413173000 1
Instancias/C-2/s2n009.txt                                    	    22 	 0.882802951000 0.008278450000 1
Instancias/C-2/s2n009_1.txt                                  	    18 	 1.027529201000 0.018898255000 1
Instancias/C-2/s2n009_2.txt                                  	    17 	 0.607613466000 0.003240933000 1
Instancias/C-2/s2n009_3.txt                                  	    17 	 0.505572853000 0.008472906000 1
Instancias/C-2/s2n010.txt                                    	    24 	 0.958219639000 0.019368515000 2
Instancias/C-2/s2n010_1.txt                                  	    21 	 0.927261135000 0.014980224000 1
Instancias/C-2/s2n010_2.txt                                  	    20 	 0.548863308000 0.004563459000 1
Instancias/C-2/s2n010_3.txt                                  	    20 	 0.478505769000 0.004425603000 1
