Instancias/C-2/s2n001.txt                                    	    28 	 0.819975127000 0.018548352000 3
Instancias/C-2/s2n001_1.txt                                  	    22 	 1.202545764000 0.028084537000 4
Instancias/C-2/s2n001_2.txt                                  	    20 	 1.016933110000 0.006010041000 1
Instancias/C-2/s2n001_3.txt                                  	    20 	 0.643738738000 0.007471606000 1
Instancias/C-2/s2n002.txt                                    	    25 	 0.895690113000 0.051448563000 11
Instancias/C-2/s2n002_1.txt                                  	    20 	 0.866187263000 0.006723170000 1
Instancias/C-2/s2n002_2.txt                                  	    20 	 0.767967182000 0.005083040000 1
Instancias/C-2/s2n002_3.txt                                  	    20 	 0.593469379000 0.007980426000 1
Instancias/C-2/s2n003.txt                                    	    28 	 0.756630498000 0.006109696000 1
Instancias/C-2/s2n003_1.txt                                  	    23 	 1.123882566000 0.017042508000 1
Instancias/C-2/s2n003_2.txt                                  	    21 	 1.127816127000 0.013116461000 1
Instancias/C-2/s2n003_3.txt                                  	    20 	 0.718252993000 0.008253721000 1
Instancias/C-2/s2n004.txt                                    	    28 	 0.736831243000 0.020433468000 3
Instancias/C-2/s2n004_1.txt                                  	    23 	 1.119321613000 0.013441874000 1
Instancias/C-2/s2n004_2.txt                                  	    21 	 1.038458489000 0.009153189000 1
Instancias/C-2/s2n004_3.txt                                  	    20 	 0.646068566000 0.006460045000 1
Instancias/C-2/s2n005.txt                                    	    26 	 0.731414014000 0.025934290000 6
Instancias/C-2/s2n005_1.txt                                  	    22 	 1.079952111000 0.019723519000 2
Instancias/C-2/s2n005_2.txt                                  	    20 	 0.875604071000 0.009467137000 1
Instancias/C-2/s2n005_3.txt                                  	    20 	 0.570909540000 0.007455289000 1
Instancias/C-2/s2n006.txt                                    	    30 	 0.900621545000 0.010535759000 1
Instancias/C-2/s2n006_1.txt                                  	    24 	 1.250800848000 0.014835461000 1
Instancias/C-2/s2n006_2.txt                                  	    22 	 1.154233435000 0.014125594000 1
Instancias/C-2/s2n006_3.txt                                  	    20 	 0.697075209000 0.014911103000 2
Instancias/C-2/s2n007.txt                                    	    26 	 1.038918970000 0.011663928000 1
Instancias/C-2/s2n007_1.txt                                  	    20 	 1.048453779000 0.009741739000 1
Instancias/C-2/s2n007_2.txt                                  	    19 	 0.565978667000 0.005482184000 1
Instancias/C-2/s2n007_3.txt                                  	    19 	 0.510137295000 0.003814159000 1
Instancias/C-2/s2n008.txt                                    	    30 	 0.904168490000 0.012914464000 1
Instancias/C-2/s2n008_1.txt                                  	    24 	 1.360992824000 0.011804579000 1
Instancias/C-2/s2n008_2.txt                                  	    21 	 0.991426011000 0.025407565000 3
Instancias/C-2/s2n008_3.txt                                  	    20 	 0.636094135000 0.009127691000 1
Instancias/C-2/s2n009.txt                                    	    22 	 0.795133366000 0.010667010000 1
Instancias/C-2/s2n009_1.txt                                  	    18 	 0.883286534000 0.010327063000 1
Instancias/C-2/s2n009_2.txt                                  	    17 	 0.532062812000 0.006402266000 1
Instancias/C-2/s2n009_3.txt                                  	    17 	 0.404430755000 0.007926803000 1
Instancias/C-2/s2n010.txt                                    	    24 	 0.895778512000 0.011454065000 1
Instancias/C-2/s2n010_1.txt                                  	    21 	 0.894412370000 0.009191340000 1
Instancias/C-2/s2n010_2.txt                                  	    20 	 0.611997590000 0.007910117000 1
Instancias/C-2/s2n010_3.txt                                  	    20 	 0.553217654000 0.005136788000 1
