Instancias/C-2/s2n001.txt                                    	    28 	 0.792125617000 0.022938633000 1
Instancias/C-2/s2n001_1.txt                                  	    22 	 1.181359729000 0.010730905000 1
Instancias/C-2/s2n001_2.txt                                  	    20 	 0.809785331000 0.015542512000 2
Instancias/C-2/s2n001_3.txt                                  	    20 	 0.609540868000 0.004606086000 1
Instancias/C-2/s2n002.txt                                    	    25 	 1.028052143000 0.008501837000 1
Instancias/C-2/s2n002_1.txt                                  	    20 	 0.825191262000 0.016626228000 3
Instancias/C-2/s2n002_2.txt                                  	    20 	 0.707070321000 0.004223468000 1
Instancias/C-2/s2n002_3.txt                                  	    20 	 0.613248354000 0.005276204000 1
Instancias/C-2/s2n003.txt                                    	    28 	 0.863238203000 0.017031123000 1
Instancias/C-2/s2n003_1.txt                                  	    23 	 1.220864140000 0.014464377000 1
Instancias/C-2/s2n003_2.txt                                  	    21 	 1.165897908000 0.006646115000 1
Instancias/C-2/s2n003_3.txt                                  	    20 	 0.634468301000 0.003842379000 1
Instancias/C-2/s2n004.txt                                    	    28 	 0.722382590000 0.034478866000 8
Instancias/C-2/s2n004_1.txt                                  	    23 	 1.216714236000 0.015581679000 2
Instancias/C-2/s2n004_2.txt                                  	    21 	 1.087912793000 0.007864268000 1
Instancias/C-2/s2n004_3.txt                                  	    20 	 0.588938933000 0.003503310000 1
Instancias/C-2/s2n005.txt                                    	    26 	 0.843180704000 0.088994110000 19
Instancias/C-2/s2n005_1.txt                                  	    22 	 1.138803556000 0.035116018000 2
Instancias/C-2/s2n005_2.txt                                  	    20 	 0.956648648000 0.006823451000 1
Instancias/C-2/s2n005_3.txt                                  	    20 	 0.604635813000 0.008604352000 1
Instancias/C-2/s2n006.txt                                    	    30 	 0.888308002000 0.009376105000 1
Instancias/C-2/s2n006_1.txt                                  	    24 	 1.331035264000 0.008873946000 1
Instancias/C-2/s2n006_2.txt                                  	    22 	 1.185896506000 0.012332210000 1
Instancias/C-2/s2n006_3.txt                                  	    20 	 0.685229722000 0.008777925000 1
Instancias/C-2/s2n007.txt                                    	    25 	 0.971209118000 0.782926343000 160
Instancias/C-2/s2n007_1.txt                                  	    20 	 0.971280870000 0.023545844000 4
Instancias/C-2/s2n007_2.txt                                  	    19 	 0.669923714000 0.018994385000 2
Instancias/C-2/s2n007_3.txt                                  	    19 	 0.507100032000 0.005115869000 1
Instancias/C-2/s2n008.txt                                    	    30 	 0.836394703000 0.009713456000 1
Instancias/C-2/s2n008_1.txt                                  	    24 	 1.343295326000 0.008622073000 1
Instancias/C-2/s2n008_2.txt                                  	    21 	 1.070071012000 0.015224885000 1
Instancias/C-2/s2n008_3.txt                                  	    20 	 0.666664553000 0.006655301000 1
Instancias/C-2/s2n009.txt                                    	    22 	 0.793414322000 0.008147107000 1
Instancias/C-2/s2n009_1.txt                                  	    18 	 0.844201383000 0.006304955000 1
Instancias/C-2/s2n009_2.txt                                  	    17 	 0.522120034000 0.005457787000 1
Instancias/C-2/s2n009_3.txt                                  	    17 	 0.408779805000 0.006408380000 1
Instancias/C-2/s2n010.txt                                    	    24 	 0.894230057000 0.010730915000 1
Instancias/C-2/s2n010_1.txt                                  	    21 	 0.960804892000 0.012214974000 1
Instancias/C-2/s2n010_2.txt                                  	    20 	 0.578795629000 0.008492740000 1
Instancias/C-2/s2n010_3.txt                                  	    20 	 0.499207578000 0.007403605000 1
