Instancias/C-2/s2n001.txt                                    	    28 	 0.757513141000 0.009861973000 1
Instancias/C-2/s2n001_1.txt                                  	    22 	 1.110964276000 0.028674967000 2
Instancias/C-2/s2n001_2.txt                                  	    20 	 0.913217195000 0.022806449000 3
Instancias/C-2/s2n001_3.txt                                  	    20 	 0.700665256000 0.003510655000 1
Instancias/C-2/s2n002.txt                                    	    25 	 0.964744446000 0.027312197000 5
Instancias/C-2/s2n002_1.txt                                  	    20 	 0.812989160000 0.004286769000 1
Instancias/C-2/s2n002_2.txt                                  	    20 	 0.738947676000 0.004383517000 1
Instancias/C-2/s2n002_3.txt                                  	    20 	 0.640778808000 0.004370559000 1
Instancias/C-2/s2n003.txt                                    	    28 	 0.787414003000 0.009738165000 2
Instancias/C-2/s2n003_1.txt                                  	    23 	 1.174444308000 0.014997488000 2
Instancias/C-2/s2n003_2.txt                                  	    21 	 1.200260157000 0.027941795000 1
Instancias/C-2/s2n003_3.txt                                  	    20 	 0.652548079000 0.008954395000 1
Instancias/C-2/s2n004.txt                                    	    28 	 0.815613944000 0.007892965000 1
Instancias/C-2/s2n004_1.txt                                  	    23 	 1.121240490000 0.015947361000 2
Instancias/C-2/s2n004_2.txt                                  	    21 	 1.097104360000 0.008994273000 1
Instancias/C-2/s2n004_3.txt                                  	    20 	 0.696096201000 0.004298764000 1
Instancias/C-2/s2n005.txt                                    	    26 	 0.782281650000 0.033737983000 8
Instancias/C-2/s2n005_1.txt                                  	    22 	 1.167390003000 0.008178075000 1
Instancias/C-2/s2n005_2.txt                                  	    20 	 0.981931451000 0.021055676000 1
Instancias/C-2/s2n005_3.txt                                  	    20 	 0.633081061000 0.008119095000 1
Instancias/C-2/s2n006.txt                                    	    30 	 0.953339672000 0.013689309000 1
Instancias/C-2/s2n006_1.txt                                  	    24 	 1.251333562000 0.012791173000 1
Instancias/C-2/s2n006_2.txt                                  	    22 	 1.157585297000 0.010725792000 1
Instancias/C-2/s2n006_3.txt                                  	    20 	 0.604424514000 0.007082511000 1
Instancias/C-2/s2n007.txt                                    	    25 	 0.900834161000 0.575741433000 124
Instancias/C-2/s2n007_1.txt                                  	    20 	 0.847043930000 0.033078158000 6
Instancias/C-2/s2n007_2.txt                                  	    19 	 0.591129352000 0.005820707000 1
Instancias/C-2/s2n007_3.txt                                  	    19 	 0.508136208000 0.004771518000 1
Instancias/C-2/s2n008.txt                                    	    30 	 0.777373034000 0.007949418000 1
Instancias/C-2/s2n008_1.txt                                  	    24 	 1.334156887000 0.028047052000 4
Instancias/C-2/s2n008_2.txt                                  	    21 	 1.131844456000 0.014405873000 1
Instancias/C-2/s2n008_3.txt                                  	    20 	 0.644164424000 0.007014120000 1
Instancias/C-2/s2n009.txt                                    	    22 	 0.840046546000 0.010399173000 1
Instancias/C-2/s2n009_1.txt                                  	    18 	 0.789129786000 0.008776795000 1
Instancias/C-2/s2n009_2.txt                                  	    17 	 0.581836827000 0.003056637000 1
Instancias/C-2/s2n009_3.txt                                  	    17 	 0.423003662000 0.003536846000 1
Instancias/C-2/s2n010.txt                                    	    24 	 0.936634256000 0.007954812000 1
Instancias/C-2/s2n010_1.txt                                  	    21 	 0.861291580000 0.006424296000 1
Instancias/C-2/s2n010_2.txt                                  	    20 	 0.608938428000 0.006437377000 1
Instancias/C-2/s2n010_3.txt                                  	    20 	 0.520298323000 0.006634424000 1
