Instancias/C-2/s2n001.txt                                    	    28 	 0.844295421000 0.007064785000 1
Instancias/C-2/s2n001_1.txt                                  	    22 	 1.297203278000 0.026423911000 3
Instancias/C-2/s2n001_2.txt                                  	    20 	 0.908824009000 0.026364477000 4
Instancias/C-2/s2n001_3.txt                                  	    20 	 0.569954986000 0.005672789000 1
Instancias/C-2/s2n002.txt                                    	    25 	 0.942699207000 0.006771660000 1
Instancias/C-2/s2n002_1.txt                                  	    20 	 0.965181752000 0.009914213000 2
Instancias/C-2/s2n002_2.txt                                  	    20 	 0.759788132000 0.007509460000 1
Instancias/C-2/s2n002_3.txt                                  	    20 	 0.616330883000 0.008964224000 1
Instancias/C-2/s2n003.txt                                    	    28 	 0.849762392000 0.009544425000 1
Instancias/C-2/s2n003_1.txt                                  	    23 	 1.217253507000 0.020788916000 2
Instancias/C-2/s2n003_2.txt                                  	    21 	 1.125604381000 0.007479422000 1
Instancias/C-2/s2n003_3.txt                                  	    20 	 0.664248130000 0.006302469000 1
Instancias/C-2/s2n004.txt                                    	    28 	 0.750152796000 0.006714134000 1
Instancias/C-2/s2n004_1.txt                                  	    23 	 1.204125531000 0.011909156000 1
Instancias/C-2/s2n004_2.txt                                  	    21 	 1.183431041000 0.011816176000 2
Instancias/C-2/s2n004_3.txt                                  	    20 	 0.734222510000 0.016274099000 1
Instancias/C-2/s2n005.txt                                    	    26 	 0.872824485000 0.030119309000 6
Instancias/C-2/s2n005_1.txt                                  	    22 	 1.247443328000 0.012280789000 1
Instancias/C-2/s2n005_2.txt                                  	    20 	 0.745380770000 0.009758041000 2
Instancias/C-2/s2n005_3.txt                                  	    20 	 0.624365553000 0.008943169000 1
Instancias/C-2/s2n006.txt                                    	    30 	 0.764440183000 0.010189055000 1
Instancias/C-2/s2n006_1.txt                                  	    24 	 1.228987161000 0.012099497000 1
Instancias/C-2/s2n006_2.txt                                  	    22 	 1.281663157000 0.009202268000 1
Instancias/C-2/s2n006_3.txt                                  	    20 	 0.717143707000 0.008397228000 1
Instancias/C-2/s2n007.txt                                    	    25 	 0.977014308000 0.720850387000 148
Instancias/C-2/s2n007_1.txt                                  	    20 	 1.027433417000 0.029857457000 4
Instancias/C-2/s2n007_2.txt                                  	    19 	 0.672939435000 0.004402563000 1
Instancias/C-2/s2n007_3.txt                                  	    19 	 0.481425006000 0.007197309000 1
Instancias/C-2/s2n008.txt                                    	    30 	 0.834285173000 0.020949622000 3
Instancias/C-2/s2n008_1.txt                                  	    24 	 1.373969528000 0.010946412000 1
Instancias/C-2/s2n008_2.txt                                  	    21 	 1.126813304000 0.059271544000 7
Instancias/C-2/s2n008_3.txt                                  	    20 	 0.631968895000 0.004921008000 1
Instancias/C-2/s2n009.txt                                    	    22 	 0.828356976000 0.010567722000 2
Instancias/C-2/s2n009_1.txt                                  	    18 	 0.881096035000 0.006501553000 1
Instancias/C-2/s2n009_2.txt                                  	    17 	 0.571080408000 0.004856121000 1
Instancias/C-2/s2n009_3.txt                                  	    17 	 0.411453726000 0.004121447000 1
Instancias/C-2/s2n010.txt                                    	    24 	 0.926787008000 0.008651165000 1
Instancias/C-2/s2n010_1.txt                                  	    21 	 0.850820585000 0.011224993000 1
Instancias/C-2/s2n010_2.txt                                  	    20 	 0.643023259000 0.007959233000 1
Instancias/C-2/s2n010_3.txt                                  	    20 	 0.501232998000 0.006716993000 1
