Instancias/C-2/s2n001.txt                                    	    28 	 0.769311985000 0.008694996000 1
Instancias/C-2/s2n001_1.txt                                  	    22 	 1.268286623000 0.010845363000 1
Instancias/C-2/s2n001_2.txt                                  	    20 	 0.897119364000 0.010614652000 1
Instancias/C-2/s2n001_3.txt                                  	    20 	 0.800783051000 0.008850545000 1
Instancias/C-2/s2n002.txt                                    	    25 	 0.890490023000 0.013807537000 2
Instancias/C-2/s2n002_1.txt                                  	    20 	 0.946440447000 0.007514444000 1
Instancias/C-2/s2n002_2.txt                                  	    20 	 0.778778836000 0.005915312000 1
Instancias/C-2/s2n002_3.txt                                  	    20 	 0.565429859000 0.003299594000 1
Instancias/C-2/s2n003.txt                                    	    28 	 0.735348741000 0.007245574000 1
Instancias/C-2/s2n003_1.txt                                  	    23 	 1.171120141000 0.016356303000 2
Instancias/C-2/s2n003_2.txt                                  	    21 	 0.993577746000 0.008018577000 1
Instancias/C-2/s2n003_3.txt                                  	    20 	 0.622588871000 0.005244768000 1
Instancias/C-2/s2n004.txt                                    	    28 	 0.803054426000 0.008747097000 1
Instancias/C-2/s2n004_1.txt                                  	    23 	 1.186139337000 0.008784453000 1
Instancias/C-2/s2n004_2.txt                                  	    21 	 1.084346935000 0.009337853000 1
Instancias/C-2/s2n004_3.txt                                  	    20 	 0.736153628000 0.021833999000 1
Instancias/C-2/s2n005.txt                                    	    26 	 0.716755407000 0.007931405000 1
Instancias/C-2/s2n005_1.txt                                  	    22 	 1.124565799000 0.014567429000 1
Instancias/C-2/s2n005_2.txt                                  	    20 	 0.806253989000 0.005214976000 1
Instancias/C-2/s2n005_3.txt                                  	    20 	 0.679485358000 0.004549152000 1
Instancias/C-2/s2n006.txt                                    	    30 	 0.776521235000 0.007461352000 1
Instancias/C-2/s2n006_1.txt                                  	    24 	 1.288265856000 0.010266737000 1
Instancias/C-2/s2n006_2.txt                                  	    22 	 1.238456996000 0.021050311000 1
Instancias/C-2/s2n006_3.txt                                  	    20 	 0.723013434000 0.004104431000 1
Instancias/C-2/s2n007.txt                                    	    25 	 1.004946205000 0.009289752000 1
Instancias/C-2/s2n007_1.txt                                  	    20 	 0.980051988000 0.052539619000 10
Instancias/C-2/s2n007_2.txt                                  	    19 	 0.671456794000 0.004982941000 1
Instancias/C-2/s2n007_3.txt                                  	    19 	 0.551641707000 0.003666688000 1
Instancias/C-2/s2n008.txt                                    	    30 	 0.772619270000 0.007901326000 1
Instancias/C-2/s2n008_1.txt                                  	    24 	 1.106897046000 0.013449539000 1
Instancias/C-2/s2n008_2.txt                                  	    21 	 1.034947917000 0.013317490000 1
Instancias/C-2/s2n008_3.txt                                  	    20 	 0.710152689000 0.007651115000 1
Instancias/C-2/s2n009.txt                                    	    22 	 0.844482835000 0.007730765000 1
Instancias/C-2/s2n009_1.txt                                  	    18 	 0.898823303000 0.006308024000 1
Instancias/C-2/s2n009_2.txt                                  	    17 	 0.568494788000 0.004173140000 1
Instancias/C-2/s2n009_3.txt                                  	    17 	 0.406969211000 0.004005250000 1
Instancias/C-2/s2n010.txt                                    	    24 	 0.927168570000 0.009234185000 1
Instancias/C-2/s2n010_1.txt                                  	    21 	 0.841858763000 0.007442706000 1
Instancias/C-2/s2n010_2.txt                                  	    20 	 0.572755320000 0.003170600000 1
Instancias/C-2/s2n010_3.txt                                  	    20 	 0.490173329000 0.004814343000 1
