Number of Tool Switches: 32 

Time elapsed: 0.606548 
Tool Sequence:
      7J  1J 10J  9J  4J  8J 12J 17J 16J  2J  5J 13J 11J  3J 15J  6J 14J 19J 18J 20J
  1T   1   1   1   1   1   1   1   1   1   1   1   1   1   1   1   1   1   1   1   1
  2T   1   1   1   1   1   1   1   1   1   1   1   1   1   1   1   1   1   1   1   1
  3T   1   1   1   1   1   1   1   1   1   1   1   1   1   1   1   1   1   1   1   1
  4T   1   1   1   1   1   1   1   1   1   1   1   1   1   1   1   0   0   0   0   0
  5T   1   1   1   1   1   1   1   1   1   0   0   0   0   0   0   1   1   1   1   1
  6T   0   0   0   0   0   0   0   0   1   1   1   1   1   1   1   1   1   1   0   0
  7T   1   1   1   1   1   1   1   1   1   1   1   1   1   1   1   1   1   1   1   1
  8T   1   1   1   1   1   1   1   1   1   1   1   1   1   1   1   1   1   1   1   1
  9T   1   1   1   1   0   0   0   0   0   1   1   1   1   1   1   1   1   1   1   1
 10T   1   1   1   1   1   1   1   1   1   1   1   1   1   1   1   1   1   1   1   1
 11T   1   1   1   1   1   1   0   0   0   0   0   0   0   1   1   1   1   1   1   1
 12T   1   1   1   1   1   1   1   1   1   1   1   1   1   1   1   1   1   1   1   1
 13T   1   1   1   1   1   1   1   1   1   1   1   1   1   1   1   1   1   0   0   0
 14T   1   1   1   1   1   1   1   1   1   1   1   1   1   1   1   1   1   1   1   1
 15T   1   1   1   1   1   1   1   1   1   1   1   1   1   1   1   1   0   0   0   0
 16T   1   1   1   1   1   1   1   1   1   1   1   1   1   0   0   0   0   0   0   1
 17T   1   1   1   1   1   1   1   1   1   1   1   1   1   1   1   1   1   1   1   1
 18T   1   1   1   1   1   1   1   1   1   1   1   1   1   1   1   1   1   1   1   1
 19T   0   0   0   0   0   0   1   1   1   1   1   1   1   1   1   1   1   1   1   1
 20T   0   0   0   0   0   0   0   0   0   0   0   0   1   1   1   1   1   1   1   0
 21T   1   1   1   0   0   0   0   0   0   0   0   0   0   0   0   0   1   1   1   1
 22T   1   1   1   1   1   1   1   1   1   1   1   1   1   1   1   1   1   1   1   1
 23T   1   1   1   1   1   1   1   1   0   0   0   0   0   0   0   0   0   1   1   1
 24T   0   0   0   0   1   1   1   1   1   1   1   1   0   0   0   0   0   0   1   1
 25T   0   0   0   1   1   1   1   1   1   1   1   1   1   1   1   1   1   1   1   1
