Number of Tool Switches: 25 

Time elapsed: 0.613311 
Tool Sequence:
      9J  1J  2J  4J  5J  6J 11J 19J 18J  7J 14J 15J  3J 17J 20J  8J 12J 13J 10J 16J
  1T   0   0   0   0   0   0   0   0   0   0   0   0   0   0   0   0   0   0   0   1
  2T   0   0   0   0   0   0   0   0   0   0   0   0   0   0   0   0   0   0   1   1
  3T   0   0   0   0   0   0   0   0   1   1   1   1   1   1   0   0   0   0   0   0
  4T   1   1   1   1   1   1   1   1   1   1   1   1   1   1   1   1   1   1   1   1
  5T   1   1   1   1   1   1   1   1   1   1   1   0   0   0   0   0   0   0   0   0
  6T   1   1   1   1   1   1   1   1   1   0   0   0   0   0   0   0   0   0   0   0
  7T   1   1   1   1   1   1   1   1   1   1   1   1   1   1   1   1   1   1   1   1
  8T   0   0   0   0   0   0   0   0   0   1   1   1   1   1   1   1   1   1   1   1
  9T   0   0   0   0   0   0   0   0   0   0   0   1   1   1   1   1   1   1   1   1
 10T   1   1   1   1   1   1   1   1   0   0   0   0   0   0   0   0   0   0   0   0
 11T   0   0   0   0   0   0   0   1   1   1   1   1   1   1   1   1   0   0   0   0
 12T   0   0   0   0   0   0   0   0   0   0   1   1   0   0   0   0   0   0   0   0
 13T   0   0   0   0   1   1   1   1   1   1   0   0   0   0   0   0   0   0   0   0
 14T   0   0   0   0   0   0   0   0   0   0   0   0   0   0   0   0   0   1   1   1
 15T   0   0   0   0   0   0   0   0   0   0   0   0   0   0   0   0   1   1   1   1
 16T   1   1   1   1   1   0   0   0   0   0   0   0   0   0   0   0   0   0   0   0
 17T   1   1   1   1   1   1   1   1   1   1   1   1   1   1   1   1   1   1   1   1
 18T   0   0   0   0   0   1   0   0   0   0   0   0   0   0   0   0   0   0   0   0
 19T   0   0   0   0   0   0   0   0   0   0   0   0   1   1   1   1   1   1   0   0
 20T   1   1   1   1   1   1   1   1   1   1   1   1   1   1   1   1   1   1   1   0
 21T   0   0   0   0   0   0   1   0   0   0   0   0   0   0   0   0   0   0   0   0
 22T   0   0   0   0   0   0   0   0   0   0   0   0   0   0   0   1   1   1   1   1
 23T   0   0   0   0   0   0   0   0   0   0   0   0   0   0   1   1   1   0   0   0
 24T   1   1   1   1   1   1   1   1   1   1   1   1   1   1   1   0   0   0   0   0
 25T   1   1   1   1   0   0   0   0   0   0   0   0   0   0   0   0   0   0   0   0
