Number of Tool Switches: 29 

Time elapsed: 0.586556 
Tool Sequence:
      4J  1J  2J  6J  9J 14J 15J 18J 10J 11J  7J 13J 16J 17J  8J 19J  3J 12J 20J  5J
  1T   1   1   1   1   1   1   1   1   0   0   0   0   0   0   0   0   0   0   0   0
  2T   0   0   0   0   0   0   0   0   0   0   0   0   0   1   1   1   1   1   1   1
  3T   0   0   0   0   0   0   0   0   0   0   0   0   0   0   0   0   1   1   1   1
  4T   1   1   1   1   1   1   1   1   1   1   1   1   1   1   1   1   1   1   1   1
  5T   0   0   0   0   0   0   0   0   0   0   0   0   1   0   0   0   0   0   0   0
  6T   0   0   0   0   0   1   1   1   1   1   0   0   0   0   0   0   0   0   0   1
  7T   1   1   1   1   1   1   1   1   1   1   1   1   1   1   1   1   1   1   1   1
  8T   1   1   1   1   1   1   1   1   1   1   0   0   0   0   0   0   0   0   0   1
  9T   0   0   0   0   0   0   0   1   1   1   1   1   1   1   1   1   1   1   1   1
 10T   0   0   0   0   0   0   1   0   0   0   0   0   0   0   0   0   0   0   0   0
 11T   1   1   1   1   1   1   1   1   1   1   1   1   1   1   1   1   0   0   0   0
 12T   1   1   1   1   1   1   1   1   1   1   1   0   0   0   0   0   0   0   1   0
 13T   1   1   1   1   1   1   0   0   0   0   0   0   0   0   0   0   0   0   0   0
 14T   0   0   0   0   0   0   0   0   0   0   0   0   0   0   0   0   0   0   1   0
 15T   0   0   0   0   0   0   0   0   0   0   0   0   0   0   0   0   0   0   0   1
 16T   0   0   0   0   0   0   0   0   1   1   1   1   1   1   1   1   1   1   1   0
 17T   0   0   0   0   0   0   0   0   0   0   0   0   0   0   0   0   0   0   0   1
 18T   1   1   1   1   1   1   1   1   1   1   1   1   1   1   1   1   0   0   0   0
 19T   0   0   0   0   0   0   0   0   0   0   0   1   1   1   0   0   0   0   0   0
 20T   0   0   0   0   0   0   0   0   0   0   0   0   0   0   0   0   1   1   1   0
 21T   0   0   0   0   0   0   0   0   0   0   1   1   1   1   1   1   1   1   0   0
 22T   1   1   1   1   1   0   0   0   0   0   0   0   0   0   0   0   0   0   0   0
 23T   0   0   0   0   0   0   0   0   0   0   0   0   0   0   1   1   1   1   0   0
 24T   1   1   1   1   1   1   1   1   1   1   1   1   1   1   1   1   1   0   0   0
 25T   0   0   0   0   0   0   0   0   0   0   1   1   0   0   0   0   0   1   1   1
