Number of Tool Switches: 39 

Time elapsed: 0.281091 
Tool Sequence:
      8J 14J  1J 17J 16J  3J 12J 18J 19J 11J  2J  4J 15J 20J 13J  5J  7J  9J  6J 10J
  1T   0   0   1   0   0   0   0   0   0   0   1   1   1   0   1   0   0   0   1   0
  2T   0   0   0   0   1   1   1   1   1   1   1   1   1   1   1   1   0   1   0   0
  3T   0   0   0   0   0   1   0   0   0   0   0   0   0   1   1   1   0   0   0   1
  4T   0   0   0   1   1   0   0   0   0   0   0   0   0   0   0   1   1   0   0   0
  5T   1   1   1   1   1   0   0   0   0   0   0   0   0   0   0   0   1   1   1   0
  6T   1   1   1   1   1   1   1   1   1   0   0   0   0   0   1   0   0   0   0   0
  7T   0   0   0   0   0   1   1   1   1   0   0   0   0   0   0   0   1   1   1   0
  8T   0   0   0   0   0   0   0   0   0   0   1   1   1   1   1   0   1   1   0   0
  9T   0   0   0   0   0   0   1   0   0   0   0   1   1   1   0   0   0   0   1   1
 10T   1   1   0   0   0   0   0   0   0   1   1   0   0   0   0   0   0   0   1   1
 11T   1   1   0   0   0   0   0   0   0   1   0   0   0   0   0   0   0   1   0   1
 12T   0   0   0   0   0   0   0   0   1   1   0   0   1   1   0   0   0   0   0   0
 13T   0   0   0   0   0   0   0   1   0   0   0   1   0   0   0   1   1   0   0   0
 14T   1   1   1   1   1   1   1   1   0   0   0   0   0   0   0   0   0   0   0   0
 15T   0   0   1   1   0   0   0   0   1   1   1   0   0   0   0   1   0   0   0   1
