Number of Tool Switches: 33 

Time elapsed: 0.660922 
Tool Sequence:
     11J  1J 13J 16J 18J 20J  2J 12J  3J  4J 10J  9J 17J  5J  6J 14J 15J 19J  7J  8J
  1T   0   0   0   0   0   0   0   0   0   0   0   0   0   1   1   1   1   1   1   1
  2T   1   1   1   1   1   1   1   1   0   0   0   0   0   0   0   0   0   0   0   1
  3T   1   1   1   1   1   0   0   0   0   0   0   0   0   0   0   0   0   0   0   0
  4T   0   0   0   0   0   0   0   0   1   1   1   1   1   1   1   1   1   1   1   1
  5T   1   1   1   1   1   1   1   1   1   1   1   1   1   1   1   1   1   1   1   1
  6T   1   1   1   0   0   0   0   0   0   0   0   0   0   0   0   0   1   1   1   1
  7T   1   1   1   1   1   1   1   1   1   0   0   0   0   0   0   0   0   0   0   0
  8T   1   1   1   1   1   1   1   1   1   1   1   1   1   1   1   1   1   1   1   1
  9T   0   0   0   0   0   0   0   1   1   1   1   1   1   1   1   1   1   1   1   1
 10T   1   1   1   1   1   1   0   0   0   0   0   1   1   1   1   1   1   1   1   1
 11T   0   0   0   0   0   1   1   1   1   1   1   1   1   1   1   1   1   1   1   1
 12T   1   1   1   1   1   1   1   1   1   1   1   0   0   0   0   0   0   0   1   1
 13T   0   0   0   0   0   0   0   0   1   1   1   1   1   1   0   0   0   0   0   1
 14T   1   1   1   1   1   1   1   1   1   1   1   1   1   1   1   1   1   1   1   0
 15T   0   0   0   1   1   1   1   1   1   1   1   1   1   0   0   0   0   0   0   1
 16T   1   1   1   1   1   1   1   1   1   1   1   1   1   1   1   1   1   0   0   0
 17T   0   0   0   0   1   1   1   1   1   1   1   1   1   1   1   1   1   1   1   1
 18T   0   0   0   0   0   0   0   0   0   0   0   0   1   1   1   1   1   1   1   1
 19T   1   1   1   1   0   0   0   0   0   0   0   0   0   0   1   1   1   1   1   0
 20T   1   1   1   1   1   1   1   1   1   1   1   1   1   1   1   1   0   0   0   0
 21T   0   0   0   0   0   0   0   0   0   1   1   1   1   1   1   1   1   1   0   0
 22T   1   1   1   1   1   1   1   1   0   0   0   0   0   0   0   0   0   0   0   0
 23T   1   1   1   1   1   1   1   1   1   1   1   1   1   1   1   1   1   1   1   0
 24T   1   1   1   1   1   1   1   1   1   1   1   1   0   0   0   0   0   0   0   0
 25T   0   0   0   0   0   0   1   0   0   0   0   0   0   0   0   0   0   1   1   1
