Number of Tool Switches: 22 

Time elapsed: 0.518481 
Tool Sequence:
      3J  1J  4J  5J 19J  7J  8J 14J  6J  2J 13J 15J  9J 11J 17J 18J 10J 12J 16J 20J
  1T   1   1   1   1   1   1   1   1   1   1   1   1   1   1   1   1   1   1   1   1
  2T   0   0   0   0   0   1   1   1   1   1   1   1   1   1   1   1   1   1   1   1
  3T   1   1   1   1   1   1   1   1   1   1   1   1   1   1   1   1   1   1   1   1
  4T   1   1   1   1   1   1   1   1   1   1   1   1   0   0   0   0   0   0   0   0
  5T   1   1   1   1   1   1   1   1   1   1   1   1   1   1   1   1   1   1   1   1
  6T   1   1   1   1   1   1   1   1   1   1   1   1   1   1   1   1   1   1   1   1
  7T   0   0   0   0   0   0   0   0   1   1   1   1   1   1   1   1   1   1   1   1
  8T   1   1   1   1   1   1   1   1   1   1   1   1   1   1   1   1   1   1   1   1
  9T   1   1   1   1   1   1   1   1   1   1   1   1   1   1   1   1   1   1   1   1
 10T   1   1   1   1   1   1   1   1   1   1   1   1   1   1   1   1   1   1   1   1
 11T   1   1   1   1   1   1   1   1   1   1   1   1   1   1   1   1   1   1   1   1
 12T   1   1   1   1   1   1   1   1   1   1   1   1   1   1   1   1   1   1   1   1
 13T   0   0   0   0   0   0   0   0   0   1   1   1   1   1   1   1   0   0   0   0
 14T   1   1   1   1   1   1   1   1   0   0   0   0   0   0   0   0   1   1   1   1
 15T   1   1   1   1   1   1   1   1   1   1   1   1   1   1   1   1   1   1   1   1
 16T   0   0   0   0   0   0   0   0   0   0   0   0   1   1   1   1   1   1   1   1
 17T   1   1   1   1   1   1   1   1   1   1   1   1   1   1   0   0   0   0   0   0
 18T   1   1   1   1   1   1   1   1   1   0   0   0   0   0   0   0   0   0   0   1
 19T   0   0   0   0   0   0   0   0   0   0   0   0   0   0   1   1   1   1   1   0
 20T   1   1   1   1   1   0   0   0   0   0   0   0   0   0   0   0   0   0   0   0
