Number of Tool Switches: 34 

Time elapsed: 0.629086 
Tool Sequence:
     10J  1J 20J  2J  3J  6J  7J 12J  8J 13J  4J 19J 17J 11J 14J 18J  9J 16J  5J 15J
  1T   1   1   1   1   1   1   1   1   1   1   1   1   1   1   1   1   1   1   1   1
  2T   0   0   0   0   0   0   0   0   1   1   1   1   1   1   1   1   1   1   1   1
  3T   1   1   1   1   0   0   0   0   0   0   0   0   1   1   1   1   1   1   1   1
  4T   1   1   1   1   1   1   1   1   1   1   1   1   1   1   1   1   1   1   1   1
  5T   1   1   1   1   1   1   1   1   1   1   1   1   1   1   0   0   0   0   0   1
  6T   1   1   1   0   0   0   0   0   0   0   1   1   1   1   1   1   1   1   1   1
  7T   1   1   1   1   1   1   1   1   1   1   1   1   1   1   1   0   0   0   0   0
  8T   0   0   0   0   0   0   0   0   0   0   0   0   0   0   1   1   1   1   1   1
  9T   1   1   1   1   1   1   1   1   0   0   0   0   0   0   0   0   0   0   0   0
 10T   1   1   1   1   1   1   0   0   0   0   0   0   0   0   0   0   0   1   1   1
 11T   1   1   1   1   1   1   1   1   1   1   1   1   1   1   1   1   1   1   1   1
 12T   0   0   0   0   0   0   0   0   0   0   0   0   0   1   1   1   1   1   1   1
 13T   0   0   0   0   0   0   1   1   1   1   1   1   1   0   0   0   0   0   0   0
 14T   1   1   1   1   1   1   1   1   1   1   1   1   1   0   0   0   0   0   0   1
 15T   1   1   1   1   1   1   1   1   1   1   1   1   1   1   1   1   1   1   1   1
 16T   1   1   1   1   1   1   1   1   1   1   1   1   1   1   1   1   1   1   0   0
 17T   0   0   0   0   0   1   1   1   1   1   1   1   1   1   1   1   1   1   1   1
 18T   0   0   0   0   1   0   0   0   0   0   0   0   0   0   0   1   1   1   1   1
 19T   1   1   1   1   1   1   1   1   1   1   0   0   0   0   0   0   0   0   0   0
 20T   1   1   1   0   0   0   0   0   0   0   1   1   0   0   0   0   0   0   0   0
 21T   1   1   1   1   1   1   1   1   1   1   1   1   1   1   1   1   1   0   0   0
 22T   0   0   0   0   0   0   0   0   0   0   0   0   0   1   1   1   1   1   1   0
 23T   0   0   0   1   1   1   1   0   0   0   0   0   0   0   0   0   1   1   1   0
 24T   0   0   0   1   1   1   1   1   1   1   0   0   0   0   0   0   0   0   1   1
 25T   0   0   0   0   0   0   0   1   1   1   1   1   1   1   1   1   0   0   0   0
