Number of Tool Switches: 21 

Time elapsed: 0.626472 
Tool Sequence:
     11J  1J  2J  3J  7J 12J 15J 17J 13J  5J  4J  9J 20J 10J 14J 18J  8J 19J  6J 16J
  1T   0   0   0   0   0   0   0   0   0   0   0   0   0   0   0   0   1   1   1   1
  2T   0   0   0   0   0   0   0   0   1   1   1   1   1   1   1   1   1   1   1   1
  3T   1   1   1   1   1   1   1   1   1   1   1   1   1   1   1   1   1   1   1   1
  4T   1   1   1   1   1   1   1   1   1   1   1   1   1   1   1   1   1   1   1   1
  5T   1   1   1   1   1   1   1   1   1   1   1   1   1   1   1   1   1   1   1   1
  6T   1   1   1   1   1   1   1   1   1   1   1   1   1   1   1   1   1   1   1   1
  7T   0   0   0   0   0   0   0   0   0   1   1   1   1   1   1   1   1   1   1   1
  8T   1   1   1   1   1   1   1   1   0   0   0   0   0   0   0   0   0   0   1   1
  9T   1   1   1   1   1   1   1   1   1   1   1   1   1   1   1   1   1   1   1   1
 10T   1   1   1   1   1   1   1   1   1   1   1   1   1   1   1   1   1   1   1   1
 11T   1   1   1   1   1   1   1   1   1   1   1   1   1   1   1   1   1   1   1   1
 12T   1   1   1   1   1   1   1   1   1   1   1   1   1   1   1   1   0   0   0   0
 13T   0   0   0   0   0   0   0   0   0   0   0   0   0   1   1   1   1   1   0   0
 14T   1   1   1   1   1   1   1   1   1   0   0   0   0   0   0   0   0   0   0   0
 15T   1   1   1   1   1   1   1   1   1   1   1   1   1   1   1   1   1   1   1   1
 16T   1   1   1   1   1   1   1   1   1   1   1   1   1   1   1   1   1   1   1   1
 17T   0   0   0   0   0   0   0   0   0   0   1   1   1   1   1   1   1   1   1   1
 18T   1   1   1   1   1   1   1   1   1   1   1   1   1   1   1   1   1   1   1   1
 19T   1   1   1   1   1   1   1   1   1   1   0   0   0   0   0   0   0   0   0   0
 20T   1   1   1   1   1   1   1   1   1   1   1   1   1   0   0   0   0   0   0   0
