Number of Tool Switches: 21 

Time elapsed: 0.509990 
Tool Sequence:
     18J  1J  2J  5J 15J  3J  7J  8J  9J 13J 14J  4J 20J 10J 11J  6J 12J 16J 19J 17J
  1T   1   1   1   1   1   1   1   1   1   1   1   1   1   1   1   1   1   1   1   1
  2T   0   0   0   0   0   0   0   0   0   0   0   0   0   1   1   1   1   1   1   1
  3T   0   0   0   0   0   0   0   0   0   0   0   0   0   0   1   1   1   1   1   1
  4T   1   1   1   1   1   1   1   1   1   0   0   0   0   0   0   0   0   0   0   0
  5T   1   1   1   1   1   1   1   1   0   0   0   0   0   0   0   0   0   0   0   0
  6T   0   0   0   0   0   0   0   0   0   1   1   1   1   1   1   1   1   1   1   1
  7T   0   0   0   0   0   0   1   1   1   1   1   1   1   1   1   1   1   1   1   1
  8T   1   1   1   1   1   1   1   1   1   1   1   0   0   0   0   0   0   0   0   1
  9T   0   0   0   0   0   0   0   0   1   1   1   1   1   1   1   1   1   1   1   1
 10T   1   1   1   1   1   1   1   1   1   1   1   1   1   1   1   0   0   0   0   0
 11T   1   1   1   1   1   1   1   0   0   0   0   0   0   0   0   0   0   0   0   0
 12T   0   0   0   0   0   1   1   1   1   1   1   1   1   1   1   1   1   1   1   1
 13T   0   0   0   0   0   0   0   0   0   0   0   1   1   1   1   1   1   1   1   1
 14T   1   1   1   1   1   1   1   1   1   1   1   1   1   0   0   0   0   0   0   0
 15T   1   1   1   1   1   1   0   0   0   0   0   0   0   0   0   0   0   0   0   0
 16T   0   0   0   0   0   0   0   1   1   1   1   1   1   1   1   1   1   1   1   1
 17T   1   1   1   1   1   1   1   1   1   1   1   1   1   1   0   0   0   0   0   0
 18T   0   0   0   0   0   0   0   0   0   0   0   0   0   0   0   1   1   0   0   0
 19T   0   0   0   0   0   0   0   0   0   0   0   0   0   0   0   0   0   1   1   0
 20T   1   1   1   1   1   0   0   0   0   0   0   0   0   0   0   0   0   0   0   0
