Number of Tool Switches: 25 

Time elapsed: 0.665624 
Tool Sequence:
      1J  2J  3J  4J  5J  6J  7J 16J 10J 13J 14J 15J 11J 12J  9J  8J 17J 19J 20J 18J
  1T   0   0   0   0   0   0   0   0   0   1   1   1   1   1   1   1   1   1   1   1
  2T   0   0   0   0   0   0   0   0   0   0   0   0   0   0   0   1   1   1   1   1
  3T   0   0   0   0   0   0   0   0   0   0   0   0   0   0   0   0   0   0   0   1
  4T   1   1   1   1   1   1   1   1   1   1   1   1   1   1   1   1   1   1   1   1
  5T   1   1   1   1   1   1   1   1   1   1   1   1   1   1   1   1   1   1   1   1
  6T   0   0   0   0   0   0   0   0   1   1   1   1   1   1   1   1   1   1   1   1
  7T   1   1   1   1   1   1   1   1   1   1   1   1   1   1   1   1   1   1   1   1
  8T   1   1   1   1   1   1   1   1   1   1   1   1   1   1   1   1   1   1   1   1
  9T   1   1   1   1   1   1   1   1   1   1   1   1   1   1   1   1   1   1   1   1
 10T   1   1   1   1   1   1   1   1   1   1   1   1   0   0   0   0   0   0   0   0
 11T   1   1   1   1   1   1   1   1   1   1   1   0   0   0   0   0   0   0   0   0
 12T   0   0   0   0   0   0   0   0   0   0   0   0   0   1   1   1   1   1   1   1
 13T   0   0   0   0   0   0   0   0   0   0   0   0   1   1   1   0   0   0   0   0
 14T   0   0   0   0   0   0   0   0   0   0   0   1   1   1   0   0   0   0   0   0
 15T   0   0   0   0   0   0   0   0   0   0   0   0   0   0   0   0   1   1   1   1
 16T   0   0   0   0   0   0   0   0   0   0   1   1   1   1   1   1   1   1   1   1
 17T   1   1   1   1   1   1   1   1   1   1   1   1   1   1   1   1   1   1   1   1
 18T   1   1   1   1   1   1   1   1   0   0   0   0   0   0   0   0   0   0   0   0
 19T   1   1   1   1   1   1   1   1   1   1   1   1   1   0   0   0   0   0   0   0
 20T   0   0   0   0   0   0   0   0   0   0   0   0   0   0   1   1   0   0   0   0
 21T   1   1   1   1   1   1   1   1   1   1   0   0   0   0   0   0   0   0   0   0
 22T   1   1   1   1   1   1   1   1   1   1   1   1   1   1   1   1   1   1   1   1
 23T   1   1   1   1   1   1   1   1   1   1   1   1   1   1   1   1   1   1   1   0
 24T   1   1   1   1   1   1   1   1   1   0   0   0   0   0   0   0   0   0   0   0
 25T   1   1   1   1   1   1   1   1   1   1   1   1   1   1   1   1   1   1   1   1
