Instancias/C-3/s3n001.txt                                    	   112 	 77.309758461000 5.758821946000 13
Instancias/C-3/s3n001_1.txt                                  	    92 	 129.381463681000 75.704331191000 117
Instancias/C-3/s3n001_2.txt                                  	    73 	 219.167538849000 6.379624747000 4
Instancias/C-3/s3n001_3.txt                                  	    53 	 210.187972687000 153.375936900000 146
Instancias/C-3/s3n002.txt                                    	   105 	 90.176248986000 17.941180453000 39
Instancias/C-3/s3n002_1.txt                                  	    86 	 141.602325762000 13.930420962000 18
Instancias/C-3/s3n002_2.txt                                  	    70 	 212.518607710000 61.795869051000 56
Instancias/C-3/s3n002_3.txt                                  	    54 	 189.050596377000 7.815314988000 8
Instancias/C-3/s3n003.txt                                    	    93 	 99.494908121000 19.554753751000 40
Instancias/C-3/s3n003_1.txt                                  	    79 	 160.845582316000 121.406655170000 154
Instancias/C-3/s3n003_2.txt                                  	    66 	 217.619851821000 56.441450657000 50
Instancias/C-3/s3n003_3.txt                                  	    52 	 184.686340501000 15.868293805000 16
Instancias/C-3/s3n004.txt                                    	   110 	 78.022843550000 65.797366935000 168
Instancias/C-3/s3n004_1.txt                                  	    91 	 135.217291561000 53.387656838000 79
Instancias/C-3/s3n004_2.txt                                  	    73 	 201.417666516000 42.665467033000 44
Instancias/C-3/s3n004_3.txt                                  	    53 	 190.670789461000 24.095904647000 23
Instancias/C-3/s3n005.txt                                    	   115 	 75.525043188000 42.948520229000 112
Instancias/C-3/s3n005_1.txt                                  	    96 	 135.412543676000 14.682235709000 18
Instancias/C-3/s3n005_2.txt                                  	    77 	 208.421177229000 38.047599848000 35
Instancias/C-3/s3n005_3.txt                                  	    56 	 237.592996928000 8.760559073000 5
Instancias/C-3/s3n006.txt                                    	    97 	 96.790534048000 15.905727469000 31
Instancias/C-3/s3n006_1.txt                                  	    81 	 152.081817082000 72.860015053000 95
Instancias/C-3/s3n006_2.txt                                  	    66 	 211.006094255000 5.429101466000 4
Instancias/C-3/s3n006_3.txt                                  	    49 	 164.199851908000 48.178470553000 59
Instancias/C-3/s3n007.txt                                    	   109 	 83.954467348000 9.491946556000 22
Instancias/C-3/s3n007_1.txt                                  	    90 	 141.989815908000 6.309277226000 8
Instancias/C-3/s3n007_2.txt                                  	    71 	 217.324631203000 93.902990719000 85
Instancias/C-3/s3n007_3.txt                                  	    53 	 222.540158807000 219.872840661000 198
Instancias/C-3/s3n008.txt                                    	   130 	 62.266107474000 1.492584959000 4
Instancias/C-3/s3n008_1.txt                                  	   106 	 117.419916563000 24.653891341000 39
Instancias/C-3/s3n008_2.txt                                  	    83 	 213.018340189000 2.772377795000 2
Instancias/C-3/s3n008_3.txt                                  	    60 	 266.158082547000 106.294920139000 82
Instancias/C-3/s3n009.txt                                    	    98 	 91.038398185000 31.968433141000 68
Instancias/C-3/s3n009_1.txt                                  	    82 	 148.374013418000 31.306672547000 41
Instancias/C-3/s3n009_2.txt                                  	    67 	 223.789569683000 2.701169914000 1
Instancias/C-3/s3n009_3.txt                                  	    51 	 171.115612040000 5.428393836000 6
Instancias/C-3/s3n010.txt                                    	   101 	 105.959831192000 47.988296124000 89
Instancias/C-3/s3n010_1.txt                                  	    85 	 160.124114820000 5.213862310000 6
Instancias/C-3/s3n010_2.txt                                  	    68 	 208.713917720000 20.683607568000 19
Instancias/C-3/s3n010_3.txt                                  	    52 	 177.911287628000 11.513211278000 11
