Instancias/C-3/s3n001.txt                                    	   112 	 78.308852603000 14.519116015000 35
Instancias/C-3/s3n001_1.txt                                  	    92 	 121.491283793000 5.790975000000 8
Instancias/C-3/s3n001_2.txt                                  	    71 	 182.913457109000 72.413319653000 83
Instancias/C-3/s3n001_3.txt                                  	    53 	 147.756970324000 66.445951475000 85
Instancias/C-3/s3n002.txt                                    	   104 	 104.528013261000 59.933554125000 115
Instancias/C-3/s3n002_1.txt                                  	    86 	 152.108667329000 114.409945131000 148
Instancias/C-3/s3n002_2.txt                                  	    69 	 181.615373897000 16.948022517000 19
Instancias/C-3/s3n002_3.txt                                  	    54 	 149.376528074000 11.303224500000 13
Instancias/C-3/s3n003.txt                                    	    93 	 100.963672927000 100.963656565000 200
Instancias/C-3/s3n003_1.txt                                  	    78 	 129.281950913000 62.204286523000 96
Instancias/C-3/s3n003_2.txt                                  	    66 	 170.249679591000 55.784340235000 66
Instancias/C-3/s3n003_3.txt                                  	    51 	 140.348037675000 15.949007582000 20
Instancias/C-3/s3n004.txt                                    	   109 	 74.181162702000 6.905112899000 17
Instancias/C-3/s3n004_1.txt                                  	    91 	 127.261376873000 3.011308910000 2
Instancias/C-3/s3n004_2.txt                                  	    72 	 156.008487752000 42.599170803000 51
Instancias/C-3/s3n004_3.txt                                  	    54 	 144.500739314000 1.880637434000 1
Instancias/C-3/s3n005.txt                                    	   114 	 84.175090643000 33.695846182000 82
Instancias/C-3/s3n005_1.txt                                  	    95 	 122.251902048000 38.402419149000 71
Instancias/C-3/s3n005_2.txt                                  	    75 	 161.111307772000 102.038596212000 123
Instancias/C-3/s3n005_3.txt                                  	    55 	 170.547497521000 123.742261099000 137
Instancias/C-3/s3n006.txt                                    	    96 	 93.795299415000 52.892329841000 117
Instancias/C-3/s3n006_1.txt                                  	    81 	 138.865741902000 30.571959725000 42
Instancias/C-3/s3n006_2.txt                                  	    65 	 161.756382275000 9.114605139000 11
Instancias/C-3/s3n006_3.txt                                  	    49 	 115.638855805000 52.578564716000 84
Instancias/C-3/s3n007.txt                                    	   110 	 76.101684718000 18.479807505000 50
Instancias/C-3/s3n007_1.txt                                  	    90 	 125.037789178000 10.783101788000 13
Instancias/C-3/s3n007_2.txt                                  	    71 	 176.366578040000 22.051796694000 24
Instancias/C-3/s3n007_3.txt                                  	    54 	 154.857665569000 14.062141173000 16
Instancias/C-3/s3n008.txt                                    	   129 	 67.493723279000 21.809810440000 61
Instancias/C-3/s3n008_1.txt                                  	   105 	 118.804782952000 6.925173529000 10
Instancias/C-3/s3n008_2.txt                                  	    83 	 190.611178937000 9.624379358000 10
Instancias/C-3/s3n008_3.txt                                  	    60 	 206.003066542000 10.860844119000 9
Instancias/C-3/s3n009.txt                                    	    99 	 97.959834699000 8.793699519000 14
Instancias/C-3/s3n009_1.txt                                  	    82 	 145.085425441000 75.100304643000 109
Instancias/C-3/s3n009_2.txt                                  	    66 	 188.147527334000 118.163150229000 131
Instancias/C-3/s3n009_3.txt                                  	    51 	 134.538250042000 1.502521320000 2
Instancias/C-3/s3n010.txt                                    	   100 	 106.923724111000 79.267633465000 144
Instancias/C-3/s3n010_1.txt                                  	    84 	 136.214908099000 7.821131882000 12
Instancias/C-3/s3n010_2.txt                                  	    68 	 172.936898091000 50.335754051000 60
Instancias/C-3/s3n010_3.txt                                  	    52 	 143.014700535000 64.280859922000 91
