Instancias/C-3/s3n001.txt                                    	   112 	 79.040107421000 13.570756071000 30
Instancias/C-3/s3n001_1.txt                                  	    92 	 132.209893626000 26.280146123000 37
Instancias/C-3/s3n001_2.txt                                  	    72 	 197.514991477000 69.693127836000 69
Instancias/C-3/s3n001_3.txt                                  	    53 	 143.271800640000 33.956601983000 42
Instancias/C-3/s3n002.txt                                    	   104 	 108.514669052000 9.746399604000 18
Instancias/C-3/s3n002_1.txt                                  	    87 	 137.852628717000 10.326743502000 14
Instancias/C-3/s3n002_2.txt                                  	    69 	 179.614876629000 15.690626181000 15
Instancias/C-3/s3n002_3.txt                                  	    54 	 149.385990776000 9.075054861000 11
Instancias/C-3/s3n003.txt                                    	    93 	 103.193180204000 95.019048141000 180
Instancias/C-3/s3n003_1.txt                                  	    78 	 137.013908246000 19.788714029000 30
Instancias/C-3/s3n003_2.txt                                  	    66 	 167.931085128000 159.099357451000 189
Instancias/C-3/s3n003_3.txt                                  	    51 	 141.560894536000 45.723202645000 63
Instancias/C-3/s3n004.txt                                    	   108 	 70.316898559000 60.925340797000 170
Instancias/C-3/s3n004_1.txt                                  	    90 	 111.511769788000 27.926311845000 45
Instancias/C-3/s3n004_2.txt                                  	    72 	 158.789981768000 30.402263385000 34
Instancias/C-3/s3n004_3.txt                                  	    53 	 146.652386668000 50.292743468000 66
Instancias/C-3/s3n005.txt                                    	   115 	 79.606141494000 22.781768827000 61
Instancias/C-3/s3n005_1.txt                                  	    96 	 119.807975390000 10.018019282000 14
Instancias/C-3/s3n005_2.txt                                  	    76 	 172.272893687000 48.698391052000 55
Instancias/C-3/s3n005_3.txt                                  	    55 	 159.400612646000 20.782152425000 23
Instancias/C-3/s3n006.txt                                    	    96 	 98.833010028000 27.994797081000 57
Instancias/C-3/s3n006_1.txt                                  	    81 	 140.125433156000 59.279917776000 81
Instancias/C-3/s3n006_2.txt                                  	    65 	 174.334940482000 75.111870722000 83
Instancias/C-3/s3n006_3.txt                                  	    49 	 109.289821338000 21.554916383000 38
Instancias/C-3/s3n007.txt                                    	   109 	 90.452338590000 7.804882707000 16
Instancias/C-3/s3n007_1.txt                                  	    90 	 127.990018262000 17.066902524000 26
Instancias/C-3/s3n007_2.txt                                  	    71 	 171.696593482000 115.605176460000 131
Instancias/C-3/s3n007_3.txt                                  	    53 	 149.281900431000 12.122306155000 13
Instancias/C-3/s3n008.txt                                    	   129 	 68.803740933000 32.658249692000 99
Instancias/C-3/s3n008_1.txt                                  	   106 	 116.597775284000 23.283509810000 40
Instancias/C-3/s3n008_2.txt                                  	    81 	 187.465060655000 136.102081949000 145
Instancias/C-3/s3n008_3.txt                                  	    60 	 207.190407637000 27.417691529000 25
Instancias/C-3/s3n009.txt                                    	    98 	 99.300691158000 4.415184717000 7
Instancias/C-3/s3n009_1.txt                                  	    82 	 136.237360972000 44.797967353000 62
Instancias/C-3/s3n009_2.txt                                  	    66 	 196.994464048000 190.708846210000 193
Instancias/C-3/s3n009_3.txt                                  	    51 	 129.654460989000 8.121002668000 12
Instancias/C-3/s3n010.txt                                    	   101 	 104.335091912000 80.854744164000 159
Instancias/C-3/s3n010_1.txt                                  	    84 	 138.161314385000 26.626741207000 36
Instancias/C-3/s3n010_2.txt                                  	    68 	 157.936133765000 37.499268702000 43
Instancias/C-3/s3n010_3.txt                                  	    52 	 133.198344684000 54.663538413000 79
