Instancias/C-3/s3n001.txt                                    	   113 	 76.746833392000 11.014012728000 23
Instancias/C-3/s3n001_1.txt                                  	    92 	 133.523648646000 18.487989303000 29
Instancias/C-3/s3n001_2.txt                                  	    72 	 175.996883075000 22.408436680000 24
Instancias/C-3/s3n001_3.txt                                  	    53 	 142.041783914000 10.598790155000 11
Instancias/C-3/s3n002.txt                                    	   104 	 103.854033602000 11.539902122000 23
Instancias/C-3/s3n002_1.txt                                  	    87 	 133.734952442000 34.591437547000 49
Instancias/C-3/s3n002_2.txt                                  	    70 	 190.529086942000 28.588511466000 30
Instancias/C-3/s3n002_3.txt                                  	    54 	 152.603652679000 2.411511529000 2
Instancias/C-3/s3n003.txt                                    	    93 	 97.633410225000 13.362977642000 25
Instancias/C-3/s3n003_1.txt                                  	    78 	 134.215619883000 53.298921297000 76
Instancias/C-3/s3n003_2.txt                                  	    66 	 164.411320132000 9.329609750000 10
Instancias/C-3/s3n003_3.txt                                  	    51 	 139.037854032000 18.598491783000 26
Instancias/C-3/s3n004.txt                                    	   108 	 70.421182159000 34.429598978000 91
Instancias/C-3/s3n004_1.txt                                  	    91 	 121.606004779000 10.456338768000 17
Instancias/C-3/s3n004_2.txt                                  	    72 	 158.094463381000 136.363763616000 173
Instancias/C-3/s3n004_3.txt                                  	    54 	 139.014179636000 1.403934169000 1
Instancias/C-3/s3n005.txt                                    	   114 	 84.568697162000 17.345513193000 42
Instancias/C-3/s3n005_1.txt                                  	    96 	 123.179842568000 29.514293160000 43
Instancias/C-3/s3n005_2.txt                                  	    76 	 173.239579896000 20.671782081000 25
Instancias/C-3/s3n005_3.txt                                  	    55 	 155.781327879000 19.615476466000 24
Instancias/C-3/s3n006.txt                                    	    96 	 94.868357016000 3.436283579000 7
Instancias/C-3/s3n006_1.txt                                  	    81 	 138.811413357000 18.904981863000 29
Instancias/C-3/s3n006_2.txt                                  	    65 	 176.968119168000 14.798928457000 16
Instancias/C-3/s3n006_3.txt                                  	    49 	 116.668737743000 42.700816852000 67
Instancias/C-3/s3n007.txt                                    	   109 	 89.125500874000 46.494623279000 105
Instancias/C-3/s3n007_1.txt                                  	    90 	 121.025864020000 62.387595453000 103
Instancias/C-3/s3n007_2.txt                                  	    71 	 170.073900242000 38.785341618000 45
Instancias/C-3/s3n007_3.txt                                  	    54 	 163.710712356000 9.201427464000 10
Instancias/C-3/s3n008.txt                                    	   129 	 65.894616173000 11.454855948000 33
Instancias/C-3/s3n008_1.txt                                  	   104 	 137.698424319000 27.603042853000 43
Instancias/C-3/s3n008_2.txt                                  	    83 	 196.003717887000 11.575622836000 10
Instancias/C-3/s3n008_3.txt                                  	    59 	 203.089469138000 62.486963504000 55
Instancias/C-3/s3n009.txt                                    	    98 	 96.287460255000 38.533517399000 80
Instancias/C-3/s3n009_1.txt                                  	    83 	 143.822697811000 12.683374786000 17
Instancias/C-3/s3n009_2.txt                                  	    66 	 171.812037612000 13.143296002000 12
Instancias/C-3/s3n009_3.txt                                  	    51 	 136.984425224000 2.665435953000 3
Instancias/C-3/s3n010.txt                                    	   101 	 108.417272128000 7.334688020000 13
Instancias/C-3/s3n010_1.txt                                  	    84 	 141.015177209000 9.799496603000 13
Instancias/C-3/s3n010_2.txt                                  	    68 	 164.097609178000 44.739803672000 59
Instancias/C-3/s3n010_3.txt                                  	    52 	 137.064943283000 13.620834013000 19
