Instancias/C-3/s3n001.txt                                    	   112 	 76.884032637000 46.238019472000 116
Instancias/C-3/s3n001_1.txt                                  	    92 	 132.245512630000 2.313499178000 2
Instancias/C-3/s3n001_2.txt                                  	    71 	 201.028198663000 32.880347675000 36
Instancias/C-3/s3n001_3.txt                                  	    53 	 166.403856551000 166.403791207000 200
Instancias/C-3/s3n002.txt                                    	   104 	 98.643488950000 90.482429935000 185
Instancias/C-3/s3n002_1.txt                                  	    87 	 144.345894442000 11.216715595000 15
Instancias/C-3/s3n002_2.txt                                  	    69 	 173.106184673000 44.696488133000 48
Instancias/C-3/s3n002_3.txt                                  	    53 	 149.194536072000 15.346119174000 18
Instancias/C-3/s3n003.txt                                    	    94 	 96.609595691000 3.458896604000 6
Instancias/C-3/s3n003_1.txt                                  	    78 	 128.648863914000 64.403211915000 95
Instancias/C-3/s3n003_2.txt                                  	    66 	 184.083052904000 10.041970079000 10
Instancias/C-3/s3n003_3.txt                                  	    51 	 144.273666057000 26.661748646000 37
Instancias/C-3/s3n004.txt                                    	   110 	 73.856297463000 26.784240243000 64
Instancias/C-3/s3n004_1.txt                                  	    91 	 119.437241140000 19.463769162000 34
Instancias/C-3/s3n004_2.txt                                  	    71 	 159.473511740000 29.596327492000 31
Instancias/C-3/s3n004_3.txt                                  	    53 	 144.916588525000 23.906883425000 31
Instancias/C-3/s3n005.txt                                    	   115 	 80.125697761000 39.609085930000 106
Instancias/C-3/s3n005_1.txt                                  	    95 	 139.671040941000 48.829782117000 68
Instancias/C-3/s3n005_2.txt                                  	    76 	 168.962210550000 19.965426877000 20
Instancias/C-3/s3n005_3.txt                                  	    55 	 159.190564979000 53.594436025000 65
Instancias/C-3/s3n006.txt                                    	    96 	 105.231156280000 28.615809765000 58
Instancias/C-3/s3n006_1.txt                                  	    81 	 141.345686272000 116.183114117000 162
Instancias/C-3/s3n006_2.txt                                  	    65 	 164.601755578000 80.105473385000 90
Instancias/C-3/s3n006_3.txt                                  	    49 	 106.653902087000 9.415785214000 16
Instancias/C-3/s3n007.txt                                    	   110 	 82.187858116000 27.665412198000 65
Instancias/C-3/s3n007_1.txt                                  	    90 	 118.622448665000 2.116539492000 1
Instancias/C-3/s3n007_2.txt                                  	    71 	 166.279738044000 8.347999766000 8
Instancias/C-3/s3n007_3.txt                                  	    54 	 156.218328597000 47.796086746000 62
Instancias/C-3/s3n008.txt                                    	   129 	 62.114745225000 10.123969764000 30
Instancias/C-3/s3n008_1.txt                                  	   104 	 118.270639614000 110.648589571000 188
Instancias/C-3/s3n008_2.txt                                  	    82 	 187.780706989000 179.593544550000 192
Instancias/C-3/s3n008_3.txt                                  	    59 	 197.830517166000 103.711817809000 100
Instancias/C-3/s3n009.txt                                    	    97 	 99.493719070000 69.094202321000 139
Instancias/C-3/s3n009_1.txt                                  	    83 	 140.254765870000 7.001295199000 8
Instancias/C-3/s3n009_2.txt                                  	    67 	 186.725811406000 15.510436109000 15
Instancias/C-3/s3n009_3.txt                                  	    51 	 132.276533172000 3.886823785000 5
Instancias/C-3/s3n010.txt                                    	   101 	 94.358698662000 72.233894061000 147
Instancias/C-3/s3n010_1.txt                                  	    84 	 137.682851090000 4.392357263000 5
Instancias/C-3/s3n010_2.txt                                  	    68 	 162.362823073000 21.434552304000 26
Instancias/C-3/s3n010_3.txt                                  	    52 	 134.373256447000 13.567581848000 19
