                            A4/1.txt                          	    10 	 0.053664766000 0.000765837000 1
                            A4/2.txt                          	    10 	 0.041582428000 0.000561853000 1
                            A4/3.txt                          	    10 	 0.040601166000 0.000571338000 1
                            A4/4.txt                          	    10 	 0.055466246000 0.000704644000 1
                            A4/5.txt                          	    10 	 0.060007780000 0.001025331000 1
                            A4/6.txt                          	    10 	 0.046838319000 0.000542813000 1
                            A4/7.txt                          	    10 	 0.053326360000 0.000615411000 1
                            A4/8.txt                          	    10 	 0.051879373000 0.000430561000 1
                            A4/9.txt                          	    10 	 0.055477234000 0.000589604000 1
                            A4/10.txt                         	    10 	 0.049314368000 0.000537859000 1
