Instancias/A4/1.txt                                          	    10 	 0.045395452000 0.000585988000 1
Instancias/A4/2.txt                                          	    10 	 0.038947389000 0.000427296000 1
Instancias/A4/3.txt                                          	    10 	 0.037809151000 0.000523412000 1
Instancias/A4/4.txt                                          	    10 	 0.041911155000 0.000365506000 1
Instancias/A4/5.txt                                          	    10 	 0.039491567000 0.000400200000 1
Instancias/A4/6.txt                                          	    10 	 0.042342046000 0.000460813000 1
Instancias/A4/7.txt                                          	    10 	 0.047143863000 0.000542794000 1
Instancias/A4/8.txt                                          	    10 	 0.048165200000 0.000505195000 1
Instancias/A4/9.txt                                          	    10 	 0.052338311000 0.000635743000 1
Instancias/A4/10.txt                                         	    10 	 0.041395589000 0.000412755000 1
