Instancias/A4/1.txt                                          	    10 	 0.046473354000 0.000452827000 1
Instancias/A4/2.txt                                          	    10 	 0.049467320000 0.000712427000 1
Instancias/A4/3.txt                                          	    10 	 0.035854020000 0.000593893000 1
Instancias/A4/4.txt                                          	    10 	 0.041854106000 0.000474040000 1
Instancias/A4/5.txt                                          	    10 	 0.047359519000 0.000588057000 1
Instancias/A4/6.txt                                          	    10 	 0.043077501000 0.000501141000 1
Instancias/A4/7.txt                                          	    10 	 0.045187792000 0.000628128000 1
Instancias/A4/8.txt                                          	    10 	 0.039195324000 0.000462242000 1
Instancias/A4/9.txt                                          	    10 	 0.046755292000 0.000600601000 1
Instancias/A4/10.txt                                         	    10 	 0.059101602000 0.000706906000 1
