Instancias/A4/1.txt                                          	    10 	 0.043041831000 0.000569286000 1
Instancias/A4/2.txt                                          	    10 	 0.036584064000 0.000443469000 1
Instancias/A4/3.txt                                          	    10 	 0.037993831000 0.000475253000 1
Instancias/A4/4.txt                                          	    10 	 0.043570724000 0.000594376000 1
Instancias/A4/5.txt                                          	    10 	 0.046231131000 0.000601518000 1
Instancias/A4/6.txt                                          	    10 	 0.045310401000 0.000572698000 1
Instancias/A4/7.txt                                          	    10 	 0.046029263000 0.000500827000 1
Instancias/A4/8.txt                                          	    10 	 0.041202495000 0.000452656000 1
Instancias/A4/9.txt                                          	    10 	 0.044073081000 0.000462393000 1
Instancias/A4/10.txt                                         	    10 	 0.044658629000 0.000584762000 1
