Instancias/A4/1.txt                                          	    10 	 0.026094670000 0.000281012000 1
Instancias/A4/2.txt                                          	    10 	 0.022728747000 0.000293382000 1
Instancias/A4/3.txt                                          	    10 	 0.023122650000 0.000283285000 1
Instancias/A4/4.txt                                          	    10 	 0.025785130000 0.000282418000 1
Instancias/A4/5.txt                                          	    10 	 0.028585956000 0.000292251000 1
Instancias/A4/6.txt                                          	    10 	 0.026802776000 0.000458582000 1
Instancias/A4/7.txt                                          	    10 	 0.027473515000 0.000393004000 1
Instancias/A4/8.txt                                          	    10 	 0.026241805000 0.000375209000 1
Instancias/A4/9.txt                                          	    10 	 0.027835062000 0.000395561000 1
Instancias/A4/10.txt                                         	    10 	 0.027598254000 0.000288542000 1
