Instancias/D2/1.txt                                          	   176 	 713.838798058000 204.090525900000 56
Instancias/D2/2.txt                                          	   150 	 855.201907641000 677.705066441000 155
Instancias/D2/3.txt                                          	   178 	 653.049200110000 131.987371710000 37
Instancias/D2/4.txt                                          	   180 	 674.023268422000 369.750232459000 108
Instancias/D2/5.txt                                          	   166 	 794.455413687000 235.220543394000 59
Instancias/D2/6.txt                                          	   196 	 628.836639403000 139.483850654000 44
Instancias/D2/7.txt                                          	   170 	 736.269715425000 613.844645931000 167
Instancias/D2/8.txt                                          	   159 	 807.783215211000 382.570549606000 90
Instancias/D2/9.txt                                          	   179 	 604.795919451000 108.897567634000 33
Instancias/D2/10.txt                                         	   189 	 677.133131031000 435.475959252000 127
