Instancias/D2/1.txt                                          	   175 	 713.898933341000 232.732528618000 65
Instancias/D2/2.txt                                          	   150 	 853.233141669000 40.147349977000 7
Instancias/D2/3.txt                                          	   182 	 633.368702156000 11.229144041000 2
Instancias/D2/4.txt                                          	   180 	 668.524738301000 397.795165777000 119
Instancias/D2/5.txt                                          	   166 	 785.252497967000 369.762739406000 93
Instancias/D2/6.txt                                          	   196 	 587.417937951000 587.417895873000 200
Instancias/D2/7.txt                                          	   170 	 721.309904264000 116.738691389000 29
Instancias/D2/8.txt                                          	   159 	 797.464190073000 232.432800988000 58
Instancias/D2/9.txt                                          	   179 	 643.036183491000 616.271799347000 192
Instancias/D2/10.txt                                         	   188 	 640.267817228000 514.124030421000 163
