Instancias/D2/1.txt                                          	   174 	 763.260561307000 212.885383549000 54
Instancias/D2/2.txt                                          	   149 	 810.972421478000 442.720492160000 113
Instancias/D2/3.txt                                          	   179 	 739.019681986000 477.104005187000 126
Instancias/D2/4.txt                                          	   179 	 650.859620003000 239.653678461000 76
Instancias/D2/5.txt                                          	   165 	 751.950492541000 466.955928594000 118
Instancias/D2/6.txt                                          	   195 	 643.856540937000 292.621961120000 90
Instancias/D2/7.txt                                          	   171 	 690.970151272000 300.094768112000 83
Instancias/D2/8.txt                                          	   160 	 833.450456198000 140.770223674000 33
Instancias/D2/9.txt                                          	   179 	 656.247186761000 64.886742938000 18
Instancias/D2/10.txt                                         	   189 	 671.875556979000 638.108022578000 192
