Instancias/D2/1.txt                                          	   173 	 744.039023222000 307.782323757000 79
Instancias/D2/2.txt                                          	   149 	 861.000430245000 537.771354513000 122
Instancias/D2/3.txt                                          	   179 	 730.096824196000 453.554437134000 121
Instancias/D2/4.txt                                          	   180 	 668.639052173000 69.816155746000 19
Instancias/D2/5.txt                                          	   164 	 783.955351484000 237.721519993000 58
Instancias/D2/6.txt                                          	   196 	 589.048359802000 204.362564170000 59
Instancias/D2/7.txt                                          	   170 	 744.552106041000 131.896195425000 35
Instancias/D2/8.txt                                          	   160 	 796.157871490000 158.006475125000 39
Instancias/D2/9.txt                                          	   181 	 677.046357527000 98.235231477000 28
Instancias/D2/10.txt                                         	   187 	 757.679316153000 658.239579048000 171
