Number of Tool Switches: 25 

Time elapsed: 0.003086 
Tool Sequence:
      5J 14J  9J  2J 13J  7J 10J  3J  4J 11J  8J  6J 12J  1J 15J
  1T   1   1   1   1   1   0   0   0   0   0   0   1   1   1   1
  2T   1   1   1   1   1   1   1   1   1   1   1   1   1   1   1
  3T   1   1   1   1   0   0   0   0   0   1   1   1   1   1   1
  4T   1   1   1   1   1   1   1   1   1   1   1   1   1   1   1
  5T   1   1   1   1   1   1   1   1   1   1   1   1   1   1   1
  6T   1   1   1   1   1   1   1   1   1   1   1   0   0   0   0
  7T   0   0   0   0   0   0   0   0   0   0   0   0   1   1   1
  8T   0   0   0   0   0   0   0   1   1   1   1   1   1   1   1
  9T   1   1   1   1   1   1   1   1   1   1   1   1   1   1   1
 10T   1   1   1   1   1   1   1   1   1   1   1   1   1   1   1
 11T   1   1   1   1   1   1   1   1   1   1   1   1   0   0   0
 12T   1   1   1   1   1   1   1   1   1   1   0   0   0   0   0
 13T   1   1   1   1   1   1   1   1   1   1   1   1   1   1   1
 14T   1   1   1   1   1   1   1   1   1   1   1   1   1   1   1
 15T   1   1   1   1   1   1   1   0   0   0   1   1   1   1   1
 16T   1   1   1   1   1   1   1   1   1   0   0   1   1   0   0
 17T   0   0   0   0   0   0   0   0   0   1   1   1   1   1   1
 18T   0   0   0   0   0   1   1   1   1   0   0   0   0   1   1
 19T   0   0   0   0   1   1   1   1   1   1   1   0   0   0   0
 20T   1   1   1   1   1   1   1   1   1   1   1   1   1   1   1
