Number of Tool Switches: 32 

Time elapsed: 0.003260 
Tool Sequence:
      6J 12J  7J  3J  5J  1J  4J 13J  9J 11J  2J  8J 10J 14J 15J
  1T   1   1   1   1   1   1   1   1   1   1   1   1   1   1   1
  2T   0   0   0   0   0   1   1   1   1   1   1   0   0   0   1
  3T   1   1   1   1   1   1   1   1   1   1   1   0   0   0   0
  4T   0   0   0   0   0   0   0   0   0   0   0   1   1   1   1
  5T   1   1   1   1   1   1   1   1   1   0   0   0   1   1   1
  6T   1   1   1   1   1   1   1   1   1   1   0   0   0   1   1
  7T   1   1   1   1   1   1   1   1   1   1   1   1   1   1   1
  8T   0   0   0   0   0   0   1   1   1   1   1   1   1   1   1
  9T   1   1   1   1   1   0   0   0   1   0   0   1   1   1   1
 10T   1   1   1   1   1   1   1   1   1   1   1   1   1   1   1
 11T   1   1   1   1   1   1   1   1   1   1   1   1   1   0   0
 12T   1   1   1   1   1   1   1   1   1   1   1   0   0   0   1
 13T   1   1   1   1   1   1   1   1   1   1   1   1   1   1   0
 14T   1   1   1   0   0   0   0   0   0   1   1   1   1   1   1
 15T   1   1   1   1   1   0   0   0   0   0   1   1   1   1   1
 16T   1   1   1   1   1   1   1   1   0   0   1   1   1   1   0
 17T   1   1   1   1   1   1   1   1   1   1   1   1   1   1   1
 18T   1   1   1   1   1   1   0   0   0   1   1   1   0   0   1
 19T   0   0   0   1   1   1   1   1   1   1   0   1   1   1   0
 20T   0   0   0   0   0   1   1   1   1   1   1   1   1   1   1
