Number of Tool Switches: 36 

Time elapsed: 0.002412 
Tool Sequence:
      1J 13J 11J 15J  7J  5J  8J 14J  4J  9J  2J  3J 10J  6J 12J
  1T   0   0   0   0   0   0   0   0   1   1   1   0   0   0   0
  2T   1   1   1   0   0   0   0   0   0   0   1   1   1   1   1
  3T   1   1   1   0   0   0   0   0   0   0   0   0   0   0   0
  4T   0   0   0   0   0   0   1   1   1   1   1   1   1   1   1
  5T   1   1   0   0   0   1   1   0   0   0   0   0   0   1   1
  6T   0   0   0   1   1   1   1   1   1   1   0   0   0   0   1
  7T   1   1   1   1   1   1   1   1   1   1   1   1   1   1   1
  8T   1   1   1   1   1   1   1   1   1   1   1   1   0   0   0
  9T   0   0   0   0   0   0   0   0   0   0   0   0   0   1   1
 10T   1   1   0   0   1   0   0   1   1   0   1   1   1   1   1
 11T   0   0   0   0   0   0   0   0   0   0   1   1   1   1   1
 12T   1   1   1   1   1   1   0   0   0   1   1   1   0   0   0
 13T   1   1   1   1   1   1   1   1   0   0   1   1   1   0   0
 14T   1   1   0   1   1   1   1   1   1   1   0   0   0   0   0
 15T   0   0   0   0   0   0   0   1   1   1   1   0   0   0   0
 16T   1   1   1   1   1   0   0   0   1   0   0   0   1   0   0
 17T   0   0   1   1   1   1   1   1   0   0   0   1   1   1   1
 18T   0   0   1   1   1   1   1   0   0   0   0   1   1   1   1
 19T   0   0   1   1   0   0   0   0   0   1   0   0   0   0   0
 20T   0   0   0   0   0   1   1   1   1   1   0   0   1   1   0
