Number of Tool Switches: 36 

Time elapsed: 0.002746 
Tool Sequence:
      5J 14J 13J  2J 15J 10J  8J  3J  4J  1J  9J  6J  7J 11J 12J
  1T   0   0   0   0   0   0   0   0   1   1   1   1   1   1   1
  2T   1   1   1   1   1   0   0   0   0   1   1   1   1   1   1
  3T   1   1   1   1   1   1   1   1   1   1   1   1   1   1   1
  4T   0   0   0   0   0   0   0   0   0   0   1   1   1   1   1
  5T   0   0   0   0   0   0   1   1   1   1   1   1   1   1   0
  6T   1   1   1   1   1   1   0   0   0   0   0   0   0   0   0
  7T   0   0   0   0   1   1   1   1   0   0   0   0   0   0   1
  8T   0   0   0   0   0   0   0   0   0   1   1   1   1   1   0
  9T   1   1   1   1   0   0   0   0   1   0   0   0   1   0   0
 10T   0   0   0   1   1   1   1   1   1   1   1   1   1   0   0
 11T   1   1   1   0   0   0   0   0   0   0   1   1   0   0   0
 12T   0   0   0   0   0   0   0   1   1   0   0   0   0   0   0
 13T   1   1   1   0   0   0   0   0   0   0   0   0   0   0   0
 14T   0   0   0   0   0   1   1   0   0   0   0   1   1   1   1
 15T   0   0   0   0   0   0   0   0   0   0   0   0   1   1   1
 16T   0   0   0   0   0   1   1   0   0   1   0   0   0   0   0
 17T   1   1   0   0   0   0   0   0   0   0   0   0   0   0   1
 18T   1   1   1   1   1   1   1   1   1   1   1   0   0   0   0
 19T   0   0   1   1   1   0   0   0   0   0   0   0   0   0   0
 20T   0   0   0   0   0   0   0   1   1   1   1   1   0   0   0
 21T   1   1   1   1   1   0   0   0   0   0   0   0   0   0   1
 22T   0   0   0   0   0   1   1   0   0   0   0   0   0   1   1
 23T   0   0   0   1   1   1   1   1   1   0   0   0   0   1   0
 24T   0   0   0   0   0   0   0   1   1   1   0   0   0   0   0
 25T   1   1   1   1   1   1   1   1   0   0   0   0   0   0   0
