Number of Tool Switches: 36 

Time elapsed: 0.003043 
Tool Sequence:
      6J  3J  4J 13J  9J  1J  5J 14J  2J 15J  7J 10J 11J  8J 12J
  1T   0   0   0   1   1   1   1   1   1   1   0   0   0   0   1
  2T   1   1   1   1   1   1   1   1   1   1   1   1   1   1   1
  3T   1   1   1   1   1   1   0   0   0   0   0   1   1   1   1
  4T   0   0   0   0   0   1   1   1   1   1   1   1   1   1   1
  5T   1   1   1   1   1   1   1   0   0   0   0   0   0   0   0
  6T   0   0   0   0   0   0   0   0   1   1   1   1   1   1   1
  7T   1   1   1   1   0   0   0   0   0   0   1   1   1   1   1
  8T   1   1   1   1   1   1   1   1   1   1   1   1   1   1   1
  9T   1   1   1   1   1   1   1   1   1   1   1   1   1   1   1
 10T   1   1   1   1   1   1   1   1   1   1   1   1   1   1   1
 11T   0   0   0   0   1   1   1   1   1   1   1   1   1   1   1
 12T   0   0   0   1   1   1   1   1   1   1   0   0   0   0   1
 13T   0   0   0   0   1   1   1   1   1   1   1   1   1   1   1
 14T   1   1   1   1   1   1   1   1   1   1   1   1   1   1   1
 15T   1   1   1   1   1   1   1   1   1   1   1   1   1   1   1
 16T   0   0   0   0   0   0   0   0   0   0   0   0   1   1   1
 17T   1   1   1   0   0   0   1   1   1   1   0   0   0   0   0
 18T   1   1   1   0   0   0   0   0   1   0   0   0   0   0   0
 19T   1   1   1   1   1   0   0   0   0   0   1   0   0   0   0
 20T   0   0   0   0   0   0   0   0   0   1   1   1   1   0   0
 21T   1   1   1   1   0   0   0   0   0   0   1   1   0   0   0
 22T   0   0   0   0   0   0   1   1   0   0   0   0   0   1   0
 23T   1   1   1   0   0   0   0   1   1   1   1   1   1   0   0
 24T   1   1   1   1   1   1   0   0   0   0   0   0   0   0   0
 25T   0   0   0   1   1   1   1   1   0   0   0   0   0   1   0
