Number of Tool Switches: 44 

Time elapsed: 0.005433 
Tool Sequence:
      7J  2J  3J 13J  5J  4J 11J  6J  8J 10J 12J  1J  9J 15J 14J
  1T   1   1   1   1   1   0   0   0   0   0   0   1   1   1   1
  2T   1   1   1   1   1   1   1   1   1   1   0   0   1   1   1
  3T   1   1   1   1   1   1   1   1   1   1   1   1   0   1   1
  4T   1   1   1   1   1   1   1   1   1   1   1   1   1   1   1
  5T   1   1   1   1   1   1   1   1   1   1   1   1   0   1   1
  6T   0   0   0   0   0   0   1   1   1   1   1   1   1   1   1
  7T   0   0   0   0   1   1   1   1   1   1   1   1   1   1   1
  8T   1   1   1   1   1   0   0   0   0   0   0   1   1   1   1
  9T   0   0   0   0   1   1   1   1   1   1   1   1   1   1   1
 10T   1   1   1   1   1   1   1   1   1   1   1   1   1   0   1
 11T   0   0   0   0   0   1   1   0   0   0   1   1   1   1   0
 12T   1   1   1   1   0   0   0   0   1   1   1   1   1   1   0
 13T   1   1   1   1   1   1   0   0   0   0   0   0   1   1   1
 14T   1   1   1   1   1   1   1   1   1   1   1   1   1   1   1
 15T   1   1   1   1   1   0   0   1   1   1   1   1   1   1   0
 16T   1   1   1   1   1   1   1   1   1   1   1   1   1   0   0
 17T   1   1   1   1   1   1   1   1   1   1   1   1   1   1   0
 18T   1   1   1   1   1   1   1   1   1   1   1   1   1   0   1
 19T   1   1   1   1   0   1   1   1   1   1   1   1   1   1   1
 20T   1   1   1   1   1   1   1   1   1   1   0   0   1   1   1
 21T   1   1   1   1   0   1   1   1   1   1   1   1   1   0   1
 22T   1   1   1   1   1   1   1   1   0   0   1   1   1   1   1
 23T   0   0   0   0   1   1   1   1   1   1   1   0   0   1   1
 24T   1   1   1   1   1   1   1   1   1   1   1   1   0   0   1
 25T   1   1   1   1   1   1   1   1   1   1   1   0   0   1   1
