Number of Tool Switches: 43 

Time elapsed: 0.002891 
Tool Sequence:
      8J  2J  7J 11J 14J  6J  3J  1J  4J 10J 15J  5J  9J 13J 12J
  1T   1   1   1   1   1   1   1   1   0   0   0   0   0   0   0
  2T   0   0   1   1   1   1   1   1   1   1   1   1   1   1   1
  3T   1   1   1   1   1   1   1   1   1   1   1   1   0   0   0
  4T   1   0   0   0   0   0   0   0   1   0   0   0   1   1   0
  5T   1   1   1   1   0   0   0   1   1   1   1   1   1   1   0
  6T   0   0   1   1   0   0   0   1   0   0   0   0   0   0   0
  7T   1   1   1   1   1   1   1   0   0   0   0   0   1   1   1
  8T   1   1   0   0   0   0   1   1   1   1   1   1   1   1   1
  9T   1   1   1   0   1   1   0   0   0   0   0   1   1   0   0
 10T   1   1   1   1   1   1   1   1   0   1   1   0   0   0   0
 11T   0   0   1   1   1   1   0   0   0   1   1   1   1   1   1
 12T   0   1   0   0   1   0   1   1   1   0   0   1   1   1   0
 13T   0   0   0   1   0   0   0   0   0   0   0   0   0   1   1
 14T   0   1   1   1   1   0   0   0   1   1   1   1   0   1   1
 15T   1   0   0   0   0   0   0   1   1   0   0   0   0   0   1
 16T   0   0   0   0   0   1   1   0   1   1   1   0   0   0   1
 17T   1   1   0   0   0   1   1   0   0   0   0   0   0   0   1
 18T   0   0   0   0   0   0   0   0   0   0   1   1   1   1   1
 19T   0   0   0   0   1   1   1   1   0   1   0   0   0   0   0
 20T   0   0   0   0   0   0   0   0   1   1   1   1   1   0   0
