Number of Tool Switches: 30 

Time elapsed: 0.001974 
Tool Sequence:
      2J 10J 11J  8J 12J  9J  4J  1J  5J 14J  7J  3J 13J 15J  6J
  1T   0   0   0   0   0   0   0   0   0   0   1   1   1   1   1
  2T   1   1   0   0   0   0   0   0   0   0   0   0   0   1   1
  3T   0   0   0   0   0   0   0   0   0   0   1   0   0   1   0
  4T   0   0   0   0   0   1   0   0   0   0   0   0   0   0   0
  5T   0   0   0   0   0   0   0   0   0   0   1   1   1   0   0
  6T   0   0   0   0   0   0   0   0   0   0   0   0   0   0   1
  7T   0   0   0   0   0   0   1   0   0   0   0   0   1   0   0
  8T   0   0   0   0   0   0   0   0   1   1   0   0   0   0   0
  9T   0   0   0   1   1   1   0   0   0   0   0   0   0   0   0
 10T   1   1   1   1   1   1   1   0   0   0   0   1   0   0   0
 11T   1   1   0   0   0   0   0   0   0   0   0   0   0   0   0
 12T   1   1   1   1   1   0   0   0   0   0   1   0   0   0   0
 13T   0   0   1   0   0   0   0   0   0   0   0   0   0   1   0
 14T   0   0   0   0   0   0   1   1   1   1   0   0   0   0   0
 15T   1   1   1   0   0   0   0   0   0   0   0   0   0   0   0
 16T   0   0   0   1   1   1   1   1   1   1   1   0   0   0   0
 17T   0   0   1   1   0   0   0   1   0   0   0   1   0   0   0
 18T   0   0   0   0   0   0   0   0   0   0   0   1   1   1   1
 19T   0   0   0   0   0   0   0   1   1   1   0   0   1   0   0
 20T   0   0   0   0   1   1   1   1   1   1   0   0   0   0   1
