Number of Tool Switches: 38 

Time elapsed: 0.002456 
Tool Sequence:
     10J  1J  8J  3J  4J 13J 14J 15J  2J  7J  5J  9J 11J 12J  6J
  1T   1   1   1   1   1   1   1   1   1   1   0   1   1   1   1
  2T   1   1   1   1   0   0   0   1   1   0   0   0   0   0   0
  3T   1   1   1   1   1   1   1   1   1   1   0   0   0   0   0
  4T   1   1   1   1   1   1   0   0   0   0   1   1   1   1   1
  5T   1   1   1   0   0   0   0   0   0   1   1   1   1   1   1
  6T   0   0   0   0   0   0   1   1   1   0   0   0   0   0   1
  7T   0   0   0   1   1   0   0   0   0   0   1   1   1   1   0
  8T   1   1   1   1   1   1   1   1   1   1   1   0   0   1   0
  9T   0   0   0   0   0   0   1   0   0   1   0   0   0   0   1
 10T   0   0   0   0   0   0   0   0   0   0   0   0   1   1   1
 11T   0   0   0   0   1   1   1   1   1   0   0   0   1   1   0
 12T   0   0   0   0   1   1   1   0   0   0   1   0   0   0   1
 13T   0   0   0   0   0   0   0   1   1   1   1   1   1   0   0
 14T   0   0   0   0   0   0   0   0   1   1   1   1   1   0   0
 15T   0   0   0   0   0   1   1   1   0   0   0   1   1   1   1
 16T   1   1   1   1   0   0   0   1   0   0   0   1   0   0   0
 17T   0   0   0   0   0   0   0   0   1   1   1   0   0   1   1
 18T   1   1   1   1   1   1   1   1   1   1   1   1   0   0   0
 19T   1   1   1   1   1   1   0   0   0   1   1   0   0   0   0
 20T   1   1   1   1   1   1   1   0   0   0   0   1   1   1   1
