Number of Tool Switches: 25 

Time elapsed: 0.001701 
Tool Sequence:
      2J 11J  8J 12J  3J  9J  6J  5J  1J 13J  4J 14J 10J  7J 15J
  1T   1   1   1   1   1   1   0   0   0   0   0   0   1   1   1
  2T   0   0   0   0   0   1   1   0   0   0   1   0   0   0   0
  3T   0   0   0   0   0   0   0   0   1   1   0   0   0   0   0
  4T   1   1   0   0   0   0   0   0   0   1   0   0   0   0   0
  5T   0   0   0   1   1   1   1   1   0   0   0   0   1   0   0
  6T   0   0   0   1   0   0   0   1   1   1   1   1   0   0   0
  7T   1   1   1   0   0   0   1   1   0   0   0   0   0   0   0
  8T   1   1   1   0   1   1   1   0   0   0   0   0   0   0   0
  9T   0   0   0   0   0   0   0   0   0   0   1   1   1   1   1
 10T   0   0   0   0   1   1   1   1   1   1   1   1   1   1   1
 11T   0   0   0   0   0   0   0   0   1   1   1   1   1   1   0
 12T   0   0   1   1   0   0   0   1   1   0   0   1   0   0   1
 13T   1   1   1   0   0   0   0   0   0   0   0   0   0   0   0
 14T   0   0   0   0   0   0   0   0   0   0   0   0   0   1   1
 15T   0   0   0   1   1   0   0   0   0   0   0   0   0   0   0
