Number of Tool Switches: 22 

Time elapsed: 0.001730 
Tool Sequence:
      5J 12J  2J 14J 10J  4J  6J  9J 13J  8J  1J  7J 15J  3J 11J
  1T   1   1   1   1   1   1   1   1   1   1   1   1   1   1   1
  2T   1   1   1   1   1   1   1   1   1   1   1   1   1   1   1
  3T   0   0   0   0   0   0   0   0   0   0   0   0   0   1   1
  4T   0   0   0   0   0   1   1   1   1   1   1   1   1   1   1
  5T   1   1   1   1   1   1   1   0   0   0   0   0   0   0   0
  6T   0   0   0   0   0   0   0   0   0   1   1   1   1   1   1
  7T   0   0   0   0   1   0   0   0   0   0   0   0   0   1   1
  8T   0   0   0   0   0   0   0   1   1   1   1   1   1   1   1
  9T   0   0   0   0   0   0   1   1   1   1   1   0   0   0   0
 10T   0   0   0   0   0   1   1   1   1   0   0   0   0   0   0
 11T   0   0   0   0   0   0   0   0   0   0   1   1   1   1   1
 12T   1   1   1   1   0   0   0   0   0   0   0   0   0   0   0
 13T   1   1   1   1   1   0   0   0   0   0   0   0   0   0   0
 14T   0   0   0   0   0   0   0   0   0   0   0   1   1   1   1
 15T   1   1   1   1   1   1   0   0   0   0   0   0   1   0   0
 16T   1   1   1   1   1   1   1   1   1   1   1   1   1   1   1
 17T   1   1   1   1   1   1   1   1   1   1   0   0   0   0   0
 18T   0   0   0   1   1   1   1   1   1   1   1   1   0   0   0
 19T   1   1   1   0   0   0   0   0   0   0   0   0   0   0   0
 20T   1   1   1   1   1   1   1   1   1   1   1   1   1   0   0
