Number of Tool Switches: 44 

Time elapsed: 0.002300 
Tool Sequence:
      8J  7J  1J 12J 13J 11J 14J  2J 10J  4J  5J  6J  3J 15J  9J
  1T   0   0   1   0   0   0   0   1   1   0   1   1   1   1   1
  2T   1   1   1   1   1   1   1   1   0   0   0   0   0   0   0
  3T   0   0   0   1   1   0   0   0   0   1   0   0   0   0   0
  4T   0   0   0   0   0   1   1   1   1   1   0   0   0   0   1
  5T   0   0   0   0   0   0   0   0   0   0   1   1   1   1   1
  6T   0   0   0   0   1   0   0   0   1   0   1   1   1   1   1
  7T   1   1   1   1   1   1   1   1   1   0   1   1   1   1   1
  8T   0   0   0   1   1   1   1   1   0   1   0   0   0   1   1
  9T   1   1   0   0   1   0   0   0   0   0   0   0   0   0   0
 10T   1   1   1   0   1   1   1   1   1   1   0   0   0   0   0
 11T   1   1   1   1   0   0   0   0   0   1   1   1   1   1   0
 12T   1   1   1   1   1   1   1   0   1   1   1   1   1   1   0
 13T   0   0   0   1   0   1   1   1   0   1   1   1   1   0   0
 14T   1   1   1   0   1   1   1   1   1   1   0   1   1   1   1
 15T   0   0   0   0   0   0   1   1   1   0   1   0   0   0   0
 16T   1   1   1   1   0   1   0   0   0   1   1   0   0   0   0
 17T   1   1   1   1   1   1   1   1   0   0   0   0   1   1   0
 18T   0   0   0   0   0   0   0   0   0   0   0   1   1   1   1
 19T   1   1   1   1   0   0   0   0   1   0   0   0   0   0   1
 20T   0   0   0   0   0   0   0   0   1   1   1   1   0   0   1
