Number of Tool Switches: 31 

Time elapsed: 0.002916 
Tool Sequence:
      1J 10J  4J 12J 14J  2J  8J  7J  6J  3J  5J  9J 13J 15J 11J
  1T   1   1   1   1   1   1   1   1   1   1   1   1   1   1   0
  2T   1   1   1   1   0   0   1   1   0   0   0   1   1   1   1
  3T   1   1   1   1   1   1   1   1   1   1   1   1   1   1   1
  4T   1   1   1   1   1   1   1   1   1   0   0   0   0   0   0
  5T   0   1   1   1   1   0   0   0   1   1   1   1   1   1   0
  6T   0   0   0   0   1   1   1   1   1   1   1   1   1   1   1
  7T   1   1   1   1   1   1   1   1   1   1   1   1   1   1   1
  8T   1   1   1   1   1   1   0   0   1   1   1   1   1   1   1
  9T   0   0   0   0   0   0   0   0   0   1   1   1   1   1   1
 10T   1   1   1   1   1   1   1   1   1   1   1   1   1   1   1
 11T   1   1   1   1   1   1   1   1   1   1   1   0   0   0   0
 12T   1   1   1   1   1   1   1   1   0   0   1   1   1   1   1
 13T   1   1   1   1   1   1   1   0   0   0   0   0   1   1   1
 14T   1   1   1   1   1   1   1   1   1   1   1   1   1   1   1
 15T   1   1   1   1   1   1   1   1   0   0   0   0   0   0   1
 16T   1   0   0   0   0   1   1   1   1   1   1   1   1   1   1
 17T   1   1   1   1   1   0   0   1   1   1   1   1   1   1   1
 18T   1   1   0   0   0   0   0   0   1   1   1   1   0   0   0
 19T   0   0   1   1   1   1   1   1   1   1   1   1   1   1   1
 20T   0   0   0   0   0   1   1   1   1   1   0   0   0   0   1
