Number of Tool Switches: 34 

Time elapsed: 0.004508 
Tool Sequence:
     11J  2J  1J  4J 14J 15J  6J  5J  8J 13J 10J  3J  7J  9J 12J
  1T   1   1   1   1   1   1   1   1   1   1   1   1   1   1   1
  2T   1   1   1   1   1   1   1   1   1   1   1   1   1   1   1
  3T   1   1   1   1   1   1   1   1   1   1   1   1   1   1   1
  4T   1   1   1   1   1   1   1   1   1   1   1   1   1   1   1
  5T   1   1   1   1   1   1   1   1   1   1   1   1   1   1   1
  6T   1   1   1   1   1   1   1   1   1   1   1   1   1   1   1
  7T   1   1   1   1   1   1   0   0   0   0   0   0   0   0   1
  8T   1   1   1   1   1   1   1   1   1   1   1   1   1   1   1
  9T   1   1   1   1   1   1   1   1   1   1   1   1   1   1   1
 10T   1   1   1   1   1   0   0   0   0   0   1   1   1   1   1
 11T   1   1   1   1   1   0   0   0   0   0   1   1   0   0   0
 12T   1   1   1   1   1   1   1   1   1   1   1   0   0   0   0
 13T   1   1   1   1   1   1   1   1   1   1   1   1   1   1   1
 14T   1   1   1   1   1   1   1   1   1   1   0   0   1   1   1
 15T   0   0   0   0   0   0   0   0   0   0   0   1   1   1   1
 16T   1   1   1   1   1   1   1   1   1   1   0   0   0   1   1
 17T   0   0   0   1   1   1   1   1   1   1   1   1   1   1   1
 18T   1   1   1   1   1   1   1   1   1   1   1   1   1   1   1
 19T   1   1   1   1   1   1   1   0   0   0   1   1   1   1   1
 20T   0   0   1   0   0   0   1   1   1   1   1   1   1   1   1
 21T   1   1   1   1   1   1   1   1   1   1   1   1   1   1   0
 22T   0   0   0   0   0   1   1   1   1   1   1   1   1   1   0
 23T   1   1   0   0   0   1   1   1   1   1   0   0   0   0   1
 24T   1   1   1   1   1   1   1   1   1   1   1   1   1   0   0
 25T   0   0   0   0   0   0   0   1   1   1   1   1   1   1   1
