Number of Tool Switches: 43 

Time elapsed: 0.004207 
Tool Sequence:
     11J  5J  6J  2J 13J 12J  4J  9J 15J  3J 14J 10J  8J  1J  7J
  1T   1   0   0   0   0   0   0   1   1   1   1   1   1   1   1
  2T   0   0   0   0   1   1   1   1   1   1   1   1   1   1   1
  3T   1   1   1   1   1   0   0   1   0   0   0   1   1   1   0
  4T   0   0   0   0   0   1   1   1   1   1   1   0   0   0   0
  5T   1   1   1   1   1   0   0   0   0   0   0   0   0   0   1
  6T   1   1   1   0   0   1   1   1   1   1   1   1   1   1   0
  7T   1   1   1   1   1   1   1   1   0   0   0   0   0   0   0
  8T   0   0   0   0   0   1   0   0   0   0   0   0   0   1   1
  9T   0   1   1   0   0   0   0   0   1   1   0   0   0   0   1
 10T   1   1   1   0   0   1   1   1   1   0   0   0   0   1   1
 11T   0   1   1   1   1   1   0   0   0   1   1   1   1   0   0
 12T   0   0   0   1   1   1   1   0   1   0   0   0   0   1   1
 13T   1   0   0   1   0   0   0   1   1   1   1   1   1   0   0
 14T   1   1   1   1   1   0   0   0   1   0   0   0   0   0   1
 15T   1   0   0   1   1   1   1   0   0   1   1   1   1   1   1
 16T   0   1   0   0   1   0   0   0   0   0   1   1   1   1   0
 17T   0   0   0   0   0   0   1   1   1   1   1   1   0   0   0
 18T   0   0   1   1   1   1   1   0   0   0   0   0   0   0   0
 19T   0   0   0   0   0   0   0   0   0   1   1   1   1   1   1
 20T   1   1   1   1   0   0   1   1   0   0   0   0   1   0   0
