Number of Tool Switches: 33 

Time elapsed: 0.002564 
Tool Sequence:
      1J 13J  4J 15J  6J 10J  7J  9J 11J  3J  2J 12J 14J  8J  5J
  1T   1   1   1   1   1   1   1   1   0   1   1   1   1   1   0
  2T   1   1   1   1   1   1   1   1   1   1   1   1   1   1   1
  3T   1   1   1   1   1   1   0   0   0   0   1   1   1   1   0
  4T   0   0   1   0   0   0   0   1   1   1   1   1   1   1   1
  5T   1   1   1   1   1   1   1   1   0   0   0   0   0   1   1
  6T   1   1   0   0   0   1   1   1   1   0   0   0   0   1   1
  7T   1   1   1   1   1   1   1   0   1   1   1   1   1   1   1
  8T   0   0   0   0   0   0   0   0   0   1   1   1   1   1   1
  9T   0   0   0   0   1   1   1   1   1   1   1   1   0   0   0
 10T   1   1   1   1   1   1   1   0   0   0   0   0   0   0   1
 11T   0   0   0   1   1   1   1   0   1   1   1   1   1   1   1
 12T   1   1   1   1   1   1   1   1   1   1   1   1   1   0   1
 13T   0   0   1   1   0   0   0   1   1   1   0   0   1   0   1
 14T   1   1   0   1   0   0   1   1   1   0   0   0   1   1   0
 15T   1   1   1   0   1   0   0   1   1   1   1   1   0   0   0
