Number of Tool Switches: 33 

Time elapsed: 0.004835 
Tool Sequence:
     14J 15J 13J 12J  6J  2J  5J  7J 10J  4J  3J  8J 11J  1J  9J
  1T   1   1   1   1   0   0   0   0   0   0   1   1   1   1   1
  2T   1   1   1   1   1   1   1   1   1   1   1   1   1   1   1
  3T   1   1   1   1   1   0   0   0   1   1   1   1   1   1   1
  4T   1   1   1   1   1   1   1   1   1   1   1   1   1   1   1
  5T   0   0   0   0   1   1   1   1   1   1   1   1   1   1   1
  6T   1   1   1   1   1   1   1   1   1   1   1   1   1   1   1
  7T   1   1   1   0   0   0   0   0   0   0   0   1   1   1   1
  8T   1   1   1   1   1   1   1   1   1   1   1   1   1   1   0
  9T   1   1   1   1   1   1   1   1   1   1   1   1   1   1   1
 10T   1   1   1   1   1   1   1   1   1   1   1   1   1   1   1
 11T   1   1   1   1   1   1   1   1   0   0   0   0   0   1   1
 12T   1   1   1   1   1   1   1   1   1   0   0   0   0   0   0
 13T   1   1   1   1   1   1   1   1   1   1   0   0   0   1   1
 14T   0   0   0   1   1   1   1   1   1   1   1   1   1   1   1
 15T   1   1   1   1   1   1   1   1   1   1   1   0   0   0   1
 16T   1   1   1   1   1   1   1   1   1   1   1   1   1   0   0
 17T   0   0   0   0   0   0   0   0   0   1   1   1   1   1   1
 18T   0   0   0   0   0   1   1   1   1   1   1   1   1   0   0
 19T   1   1   1   1   1   1   1   1   0   0   0   0   0   0   1
 20T   1   1   1   1   0   0   0   0   1   1   1   1   1   1   1
 21T   1   1   1   1   1   1   1   1   1   1   1   1   1   1   1
 22T   1   1   1   1   1   1   1   1   1   1   1   1   1   1   1
 23T   1   1   1   1   1   1   1   1   1   1   1   1   1   1   1
 24T   1   1   1   1   1   1   1   1   1   1   1   1   1   1   0
 25T   0   0   0   0   1   1   1   1   1   1   1   1   1   1   1
