Number of Tool Switches: 25 

Time elapsed: 0.003316 
Tool Sequence:
      1J  7J  9J  2J  8J 13J 12J 14J  4J  3J  6J 10J 11J 15J  5J
  1T   1   1   1   1   1   1   1   1   1   1   1   1   1   1   1
  2T   1   1   1   1   1   1   1   1   1   0   0   0   0   0   0
  3T   1   1   1   1   1   1   1   1   1   1   1   1   1   1   1
  4T   1   1   1   1   1   0   0   0   0   0   0   0   0   0   0
  5T   1   1   1   1   1   1   1   1   1   1   1   1   1   1   1
  6T   1   1   1   1   1   1   1   1   1   1   1   1   1   1   1
  7T   1   1   1   1   1   1   1   1   1   1   1   1   1   1   1
  8T   1   1   1   1   1   1   1   1   1   1   1   1   1   1   1
  9T   0   0   0   0   0   1   1   1   1   1   1   1   1   1   1
 10T   1   1   1   1   1   1   0   0   0   0   0   0   0   0   0
 11T   0   0   0   0   0   0   0   0   0   0   0   0   0   0   1
 12T   0   0   0   0   0   0   0   0   1   1   1   1   1   1   1
 13T   1   1   1   1   1   1   1   1   1   1   1   1   1   1   1
 14T   1   1   1   1   1   1   1   1   1   1   1   1   1   1   1
 15T   1   1   1   1   1   1   1   1   1   1   1   1   1   1   1
 16T   1   1   1   1   1   1   1   1   1   1   1   1   1   1   1
 17T   1   1   1   1   1   1   1   1   0   0   0   0   0   0   0
 18T   0   0   0   0   0   0   0   0   0   1   1   1   1   1   1
 19T   1   1   1   1   1   1   1   1   1   1   1   1   1   1   1
 20T   0   0   0   0   0   0   1   1   1   1   1   1   1   1   1
 21T   1   1   1   1   1   1   1   1   1   1   1   1   1   1   1
 22T   1   1   1   1   1   1   1   1   1   1   1   1   1   1   1
 23T   1   1   1   1   1   1   1   1   1   1   1   1   1   1   0
 24T   1   1   1   1   1   1   1   1   1   1   1   1   1   1   1
 25T   1   1   1   1   1   1   1   1   1   1   1   1   1   1   1
