Number of Tool Switches: 47 

Time elapsed: 0.005882 
Tool Sequence:
      2J  4J  8J  5J  6J  7J  9J 15J 14J  3J 10J 12J 13J  1J 11J
  1T   0   0   0   0   1   0   0   0   0   0   0   1   1   1   1
  2T   1   1   1   1   1   1   1   1   0   0   0   0   0   0   0
  3T   1   1   1   1   1   1   1   1   1   1   1   1   1   1   1
  4T   1   1   1   1   1   1   1   1   1   1   0   0   0   1   1
  5T   1   1   1   1   1   1   1   0   0   0   0   0   0   0   0
  6T   0   0   0   0   1   1   1   0   0   0   1   1   1   1   1
  7T   0   0   0   1   1   1   1   0   0   0   0   0   1   1   1
  8T   1   0   0   0   0   0   0   1   1   0   0   0   0   0   1
  9T   0   0   0   0   0   1   1   1   1   1   1   1   1   1   1
 10T   0   0   0   0   0   1   1   1   1   1   1   1   1   1   1
 11T   0   0   0   1   0   0   0   1   1   1   1   1   0   0   0
 12T   1   1   1   0   0   0   1   1   1   1   1   1   1   1   0
 13T   1   1   1   0   0   0   0   0   0   0   1   1   1   1   1
 14T   1   1   1   1   0   0   0   1   1   1   1   1   0   0   1
 15T   0   1   1   1   1   1   1   1   1   0   0   0   0   1   0
 16T   0   0   0   1   1   1   1   0   0   0   1   0   0   0   0
 17T   1   1   1   1   1   1   1   1   1   1   1   1   1   1   1
 18T   1   1   1   1   1   1   0   1   1   1   1   1   1   1   0
 19T   1   1   1   1   1   0   0   1   1   1   1   1   1   0   0
 20T   1   1   1   0   0   0   0   0   0   1   0   0   0   1   0
 21T   1   1   1   1   1   1   1   0   0   0   0   1   1   1   1
 22T   1   1   1   1   1   1   1   1   1   1   0   0   1   0   1
 23T   1   1   0   0   0   0   0   0   0   1   1   0   0   0   1
 24T   0   0   1   1   1   1   1   1   1   1   1   1   1   0   0
 25T   0   0   0   0   0   0   0   0   1   1   1   1   1   1   1
