Number of Tool Switches: 31 

Time elapsed: 0.003040 
Tool Sequence:
      1J  9J  5J 12J 10J 11J  8J  6J 15J  2J  4J 13J  3J  7J 14J
  1T   1   1   1   1   1   1   0   0   0   0   0   0   0   0   0
  2T   1   1   1   1   1   1   1   1   1   1   1   1   1   1   1
  3T   1   1   1   1   1   1   1   1   1   1   1   1   1   1   1
  4T   1   1   1   1   1   1   1   0   0   0   0   0   0   0   1
  5T   1   1   1   1   1   1   1   1   1   1   1   1   0   0   0
  6T   0   0   0   0   0   0   0   1   1   1   1   1   1   1   1
  7T   1   1   1   1   1   1   1   1   1   1   1   1   1   1   1
  8T   1   1   1   1   1   0   0   0   0   0   0   0   1   1   1
  9T   1   1   1   1   1   1   1   0   0   0   0   1   0   0   0
 10T   1   1   1   1   1   1   1   1   1   1   1   1   1   1   1
 11T   1   1   1   1   1   1   1   1   1   0   0   0   0   0   0
 12T   0   0   0   0   0   0   1   1   1   1   1   1   0   0   0
 13T   1   1   1   1   1   1   1   1   1   1   1   1   1   1   1
 14T   0   0   0   0   0   1   1   1   1   1   1   1   1   1   1
 15T   0   0   0   0   1   1   1   1   0   0   0   0   0   0   0
 16T   1   1   1   1   1   1   1   1   1   1   1   1   1   1   1
 17T   0   0   0   0   0   0   0   0   1   1   1   0   0   0   0
 18T   1   1   1   1   1   1   1   1   1   1   1   1   0   0   0
 19T   0   0   0   0   0   0   0   0   0   1   1   1   1   1   1
 20T   0   0   0   0   1   1   0   0   0   0   0   0   1   1   1
 21T   0   0   0   0   0   0   1   1   1   1   1   1   1   1   1
 22T   0   0   0   0   0   0   0   1   1   1   1   1   1   1   0
 23T   0   0   0   0   0   0   0   0   0   0   0   0   0   1   1
 24T   1   1   1   1   0   0   0   0   0   0   0   0   1   1   1
 25T   1   1   1   1   0   0   0   0   0   0   0   0   1   0   0
