Number of Tool Switches: 16 

Time elapsed: 0.001672 
Tool Sequence:
      5J  4J 13J  7J  8J  1J  2J  9J 14J  6J 11J 15J  3J 12J 10J
  1T   1   1   1   1   1   1   1   1   1   1   1   1   1   1   1
  2T   1   1   1   1   1   1   1   1   1   1   1   1   1   1   1
  3T   1   1   1   1   1   1   1   1   1   1   1   1   1   1   1
  4T   1   1   1   1   1   1   1   1   1   1   1   1   1   1   1
  5T   0   0   0   0   0   0   0   0   0   1   1   1   1   1   1
  6T   1   1   1   1   1   0   0   0   0   0   0   0   0   0   0
  7T   1   1   1   1   0   0   0   0   0   0   0   0   0   0   0
  8T   0   0   0   0   0   0   0   0   0   0   0   0   1   1   1
  9T   0   0   0   0   1   1   1   1   1   1   1   1   1   1   1
 10T   0   0   0   0   0   1   1   1   1   1   1   1   1   1   1
 11T   1   1   1   1   1   1   1   1   1   1   1   1   1   1   1
 12T   1   1   1   1   1   1   1   1   1   1   1   1   1   1   0
 13T   0   0   0   1   1   1   1   1   1   0   0   0   0   0   1
 14T   1   1   1   0   0   0   0   0   0   0   0   0   0   0   0
 15T   1   1   1   1   1   1   1   1   1   1   1   1   0   0   0
