Number of Tool Switches: 31 

Time elapsed: 0.002670 
Tool Sequence:
      6J 10J  4J 13J  2J  1J 12J  3J  7J 14J  9J 11J 15J  5J  8J
  1T   1   1   1   1   0   0   0   0   0   0   0   0   0   0   0
  2T   1   1   1   1   1   1   1   0   0   0   0   0   0   0   0
  3T   1   1   1   1   1   1   1   1   1   1   1   1   1   1   1
  4T   1   1   1   1   1   1   1   1   1   1   1   1   1   1   1
  5T   1   1   1   1   1   1   1   1   1   1   1   1   1   1   1
  6T   0   0   0   0   0   0   0   0   0   0   0   0   0   1   1
  7T   0   0   0   0   0   1   1   1   1   1   1   1   1   1   1
  8T   1   1   1   1   1   1   1   1   1   1   1   1   1   1   1
  9T   1   1   1   1   1   0   0   0   0   0   1   1   0   0   0
 10T   0   0   0   0   0   1   1   1   1   0   0   0   0   0   0
 11T   1   1   1   1   1   1   1   1   1   1   1   1   1   1   1
 12T   0   0   0   0   0   0   0   0   0   0   1   1   1   1   1
 13T   1   1   1   1   1   1   1   1   1   1   0   0   0   0   0
 14T   1   1   1   1   1   1   1   1   1   1   1   1   1   1   1
 15T   1   1   1   1   1   1   1   1   1   1   1   1   1   1   1
 16T   0   0   0   0   1   0   0   0   0   0   1   1   1   1   1
 17T   1   1   1   1   1   1   1   1   1   1   1   0   0   0   0
 18T   1   1   1   1   0   0   0   1   0   0   0   0   0   0   0
 19T   1   1   1   1   1   1   1   0   0   0   0   0   0   0   0
 20T   1   1   1   1   1   1   1   1   1   1   1   1   1   1   1
 21T   0   0   0   0   0   0   0   0   1   1   1   1   0   0   0
 22T   0   0   0   0   0   0   0   1   1   1   1   1   1   1   1
 23T   0   0   0   0   0   0   0   0   0   0   0   1   1   1   1
 24T   0   0   0   0   0   0   1   1   1   1   0   0   1   1   1
 25T   0   0   0   0   1   1   0   0   0   1   0   0   1   0   0
