Number of Tool Switches: 46 

Time elapsed: 0.003782 
Tool Sequence:
     12J  6J 11J 15J  4J  7J  9J 13J  1J 10J  2J  5J 14J  8J  3J
  1T   1   1   1   1   1   1   0   0   1   1   1   1   1   1   1
  2T   0   0   0   0   0   1   1   1   1   1   1   1   1   1   1
  3T   1   1   1   1   0   0   0   1   1   1   1   1   1   1   1
  4T   1   1   1   1   1   0   0   0   0   0   0   1   1   1   1
  5T   0   0   0   1   1   1   1   1   1   1   1   1   1   1   1
  6T   1   1   1   1   0   0   0   1   0   0   0   0   0   1   1
  7T   0   0   0   0   0   1   1   1   1   1   1   1   1   1   1
  8T   0   0   0   0   0   0   1   1   1   0   0   0   0   0   0
  9T   1   1   1   1   1   1   1   1   1   1   1   1   0   0   1
 10T   1   1   1   1   1   1   1   1   1   1   1   1   1   1   0
 11T   1   1   1   1   1   0   0   1   1   0   0   1   1   1   0
 12T   1   1   1   1   1   1   1   1   1   1   1   0   0   0   0
 13T   0   0   0   1   0   0   1   0   0   0   1   1   1   1   1
 14T   1   1   1   0   1   1   1   1   0   0   0   0   0   1   1
 15T   1   1   1   0   1   1   0   0   0   1   1   1   1   0   0
 16T   1   1   1   1   1   1   1   1   1   1   0   0   0   0   0
 17T   1   1   1   1   1   1   0   0   0   0   0   0   0   0   1
 18T   1   1   1   0   0   0   0   1   1   1   1   1   1   1   1
 19T   1   1   1   1   0   0   1   0   0   1   0   0   1   1   0
 20T   0   0   0   0   1   1   1   1   1   1   1   1   0   0   1
 21T   0   0   0   1   1   1   1   0   0   0   0   0   1   1   1
 22T   1   1   1   1   1   1   1   0   0   0   0   0   0   0   0
 23T   0   0   0   0   1   1   1   1   1   1   1   1   1   0   0
 24T   0   0   0   0   0   0   0   0   1   1   1   0   0   0   0
 25T   0   0   0   0   0   0   0   0   0   0   1   1   1   1   1
