Number of Tool Switches: 52 

Time elapsed: 0.004409 
Tool Sequence:
      4J 14J  7J  2J 12J 13J  8J  5J  1J  3J 15J 10J  9J 11J  6J
  1T   1   1   1   0   1   1   1   1   1   0   0   0   1   1   1
  2T   1   1   1   1   1   1   1   1   1   0   0   1   1   1   1
  3T   0   0   0   1   1   1   1   1   1   0   0   1   1   1   1
  4T   1   1   1   1   1   1   1   1   0   0   0   0   0   0   1
  5T   0   0   0   0   0   0   0   0   0   1   1   1   1   1   1
  6T   1   1   1   0   1   1   0   0   1   1   1   1   1   1   1
  7T   1   1   1   1   0   0   0   0   1   1   1   0   0   0   0
  8T   1   1   0   0   0   0   1   1   1   0   0   1   1   1   0
  9T   0   0   1   1   1   1   1   1   1   1   1   1   1   1   1
 10T   0   0   0   1   1   1   1   1   0   1   1   1   1   1   0
 11T   1   1   1   1   1   1   1   1   1   1   1   0   0   0   1
 12T   1   1   1   1   1   1   1   0   0   1   1   1   1   1   0
 13T   0   0   0   1   1   1   0   0   0   1   1   0   0   0   0
 14T   1   1   0   0   0   0   0   1   1   0   0   0   0   0   0
 15T   1   1   1   0   1   1   1   1   1   0   0   0   1   1   1
 16T   1   1   1   1   0   0   0   1   1   1   0   0   0   0   0
 17T   1   1   1   0   0   1   1   1   0   1   1   1   1   1   0
 18T   1   1   1   1   0   0   0   0   0   0   1   1   1   1   1
 19T   1   1   1   1   1   1   1   1   1   0   0   1   1   1   1
 20T   0   0   1   1   1   0   0   0   0   1   1   0   0   0   1
 21T   0   0   0   0   0   0   1   0   0   1   0   0   0   0   0
 22T   0   0   0   0   1   1   1   1   1   1   1   1   1   1   1
 23T   0   0   0   1   1   1   1   1   1   1   1   1   0   0   0
 24T   0   0   0   0   0   0   0   0   0   0   1   1   1   1   1
 25T   1   1   1   1   0   0   0   0   1   1   1   1   0   0   1
