Number of Tool Switches: 43 

Time elapsed: 0.002889 
Tool Sequence:
      6J 14J  7J  1J 15J 10J 12J  5J  9J  2J 13J  3J 11J  4J  8J
  1T   1   1   1   1   1   1   1   1   1   1   1   1   0   0   1
  2T   0   0   0   0   1   0   0   0   1   1   1   1   1   0   0
  3T   1   1   1   0   0   1   1   0   0   1   0   0   0   0   0
  4T   1   1   1   1   1   1   1   0   0   0   1   1   1   1   1
  5T   1   1   0   0   0   0   1   1   1   0   0   0   0   1   1
  6T   0   0   0   1   1   1   1   1   1   1   1   1   0   0   0
  7T   0   0   0   0   0   0   0   0   0   0   1   1   1   1   1
  8T   1   1   1   0   0   1   1   1   1   1   1   1   0   1   0
  9T   1   1   1   0   0   1   1   1   0   0   0   0   0   0   0
 10T   0   0   0   0   0   0   0   1   1   0   0   0   0   0   0
 11T   0   0   0   1   1   1   0   0   1   1   1   1   1   0   0
 12T   0   0   0   0   1   1   1   1   1   1   1   1   1   1   0
 13T   1   1   1   1   0   0   0   0   0   0   0   0   1   1   1
 14T   1   1   1   1   1   0   0   0   0   0   0   0   0   1   1
 15T   0   0   0   0   1   1   1   1   0   0   0   0   1   0   1
 16T   1   1   1   1   1   0   0   0   0   1   0   0   1   0   1
 17T   0   0   0   0   0   0   1   1   1   1   1   0   0   1   0
 18T   1   1   1   1   0   0   0   0   0   1   1   1   1   1   1
 19T   0   0   1   1   0   0   0   0   0   0   0   1   1   1   0
 20T   0   0   0   1   1   1   0   1   1   0   0   0   0   0   1
