Number of Tool Switches: 58 

Time elapsed: 0.003676 
Tool Sequence:
     12J  7J 15J  2J  1J  5J  9J  6J 11J 14J  8J  4J 13J  3J 10J
  1T   1   1   1   1   1   1   1   1   1   0   1   0   0   0   1
  2T   1   1   0   0   0   0   0   1   1   0   0   0   0   1   1
  3T   1   1   1   1   1   1   1   1   1   1   1   1   0   1   1
  4T   1   1   1   1   1   1   1   1   1   1   1   0   0   0   1
  5T   1   1   1   1   1   1   1   0   0   1   1   1   0   1   1
  6T   0   0   0   1   1   1   1   1   1   1   0   0   0   0   0
  7T   1   1   1   1   1   1   1   1   1   1   1   1   1   0   1
  8T   1   1   1   1   0   0   0   0   0   0   0   0   0   0   0
  9T   0   0   0   1   1   1   1   1   1   0   1   1   1   0   0
 10T   1   1   1   0   1   1   1   1   1   1   1   1   1   1   1
 11T   0   0   1   1   1   1   0   0   0   1   0   0   0   0   1
 12T   1   1   1   1   0   0   0   0   1   0   0   0   1   1   0
 13T   0   0   0   0   0   0   0   0   0   0   1   1   1   1   1
 14T   1   1   1   1   1   1   1   1   0   1   1   1   1   1   0
 15T   1   1   1   1   0   0   1   1   1   1   1   1   1   1   0
 16T   1   1   1   0   1   1   1   1   0   1   1   1   1   1   0
 17T   0   0   0   1   1   0   0   0   1   0   0   1   1   0   1
 18T   1   1   1   1   1   1   1   1   1   1   1   1   1   0   0
 19T   0   0   0   0   0   0   0   1   1   1   0   0   0   1   0
 20T   0   0   0   0   0   1   1   1   1   0   0   0   1   1   1
 21T   0   0   1   1   1   1   0   0   0   1   1   0   1   1   1
 22T   1   1   0   0   0   0   0   1   1   0   0   1   0   1   1
 23T   1   1   1   0   0   0   1   0   0   0   0   1   1   0   1
 24T   0   0   0   0   1   1   1   0   0   1   1   1   1   1   0
 25T   0   0   0   0   0   0   0   0   0   1   1   1   1   1   1
