Number of Tool Switches: 52 

Time elapsed: 0.003367 
Tool Sequence:
      6J 13J  1J  5J  3J 12J  9J  8J  4J 14J 11J 15J  7J 10J  2J
  1T   0   0   0   0   1   1   1   1   1   1   1   1   1   1   1
  2T   0   0   0   0   0   0   0   1   1   1   1   1   1   1   1
  3T   0   0   1   0   0   0   0   0   0   1   0   0   0   0   0
  4T   0   0   0   0   0   0   1   0   0   0   1   0   0   0   0
  5T   0   0   0   1   1   1   0   0   0   0   0   0   0   0   0
  6T   1   1   1   0   0   1   0   0   0   0   1   0   0   0   0
  7T   0   0   0   1   1   1   1   1   1   0   0   0   0   0   0
  8T   0   0   0   0   0   0   1   1   1   1   0   0   0   0   1
  9T   1   1   1   1   1   1   0   0   1   1   1   1   1   1   1
 10T   1   1   1   1   1   0   1   1   1   1   0   1   1   1   1
 11T   0   0   1   1   1   0   1   1   1   1   1   1   1   1   0
 12T   1   1   1   1   1   1   0   0   0   0   0   1   1   1   0
 13T   1   1   1   1   0   0   0   0   0   0   0   0   0   0   0
 14T   0   0   0   0   0   0   0   0   0   0   0   0   1   1   1
 15T   0   0   0   0   0   1   1   1   0   0   0   1   1   1   1
 16T   1   0   0   1   0   0   1   1   0   0   0   0   0   0   1
 17T   1   1   0   0   0   0   1   0   0   0   0   1   1   1   0
 18T   0   0   0   0   1   1   0   0   0   0   1   1   1   1   0
 19T   0   0   1   0   1   1   0   1   0   0   0   1   0   0   0
 20T   0   1   1   1   0   0   0   0   1   1   1   0   0   0   0
 21T   1   1   0   0   0   0   0   0   0   0   0   0   0   0   0
 22T   1   1   0   0   0   0   1   1   1   1   1   0   0   0   1
 23T   0   0   0   1   0   0   0   0   1   1   0   0   0   0   1
 24T   0   0   0   0   0   1   0   0   0   0   0   0   0   0   0
 25T   1   1   1   0   1   0   0   0   0   0   1   0   0   0   0
