Number of Tool Switches: 49 

Time elapsed: 0.002843 
Tool Sequence:
      6J  4J  3J 15J  1J  8J  9J 12J 14J 13J 10J 11J  7J  5J  2J
  1T   0   0   1   1   1   1   0   0   0   0   0   1   1   1   1
  2T   0   0   0   0   1   1   1   1   1   1   1   1   1   1   1
  3T   0   0   1   0   0   0   1   0   0   0   1   1   1   1   0
  4T   1   1   0   0   0   0   0   0   0   0   0   0   1   1   0
  5T   1   1   0   0   0   0   0   1   0   0   0   0   1   1   1
  6T   1   1   1   1   1   1   1   1   0   0   0   0   0   0   0
  7T   0   0   0   1   0   0   1   1   1   1   1   1   0   0   1
  8T   0   0   0   0   1   0   0   0   1   1   0   0   0   0   0
  9T   1   1   1   1   0   0   0   0   0   1   0   0   0   0   0
 10T   0   0   0   1   1   1   0   0   0   0   0   1   1   1   1
 11T   0   0   0   0   0   0   0   0   0   0   1   1   1   1   0
 12T   0   0   1   0   0   0   0   0   1   1   0   0   0   0   1
 13T   1   1   1   0   0   0   0   0   0   1   1   0   0   0   0
 14T   1   1   1   1   1   1   1   0   0   0   0   0   0   1   0
 15T   1   1   1   1   1   1   1   0   0   0   0   0   0   0   0
 16T   1   1   1   1   1   1   0   0   0   1   1   1   1   0   0
 17T   1   1   0   0   0   0   1   1   1   0   0   0   0   0   0
 18T   1   1   0   0   0   1   1   1   1   1   1   1   1   0   0
 19T   0   0   0   1   0   0   0   1   1   0   1   0   0   0   0
 20T   0   0   0   0   1   0   0   1   1   1   1   1   0   1   1
 21T   0   0   0   0   0   0   1   1   1   1   1   0   0   0   0
 22T   0   0   0   0   0   1   1   1   1   0   0   0   0   0   0
 23T   0   0   0   0   0   1   0   0   0   0   0   0   0   0   1
 24T   0   0   1   1   1   0   0   0   0   0   0   0   0   0   1
 25T   0   0   0   0   0   0   0   0   0   0   0   1   1   1   1
