Number of Tool Switches: 28 

Time elapsed: 0.003570 
Tool Sequence:
     10J 12J  6J  7J  9J  4J  8J  5J  1J 11J 14J  2J 13J 15J  3J
  1T   1   1   1   1   1   1   1   1   1   1   1   1   1   1   1
  2T   1   1   1   1   1   1   1   1   1   1   1   1   1   1   1
  3T   1   1   1   1   1   1   1   1   1   1   1   1   1   1   1
  4T   1   1   1   1   1   1   1   1   1   1   1   1   1   1   1
  5T   1   1   1   1   1   1   1   1   1   1   1   1   1   1   1
  6T   1   1   1   1   1   1   1   1   1   1   1   1   1   1   1
  7T   1   1   1   1   1   1   1   0   0   0   0   0   0   1   1
  8T   1   1   1   1   1   1   1   1   1   1   1   1   1   1   1
  9T   0   0   0   0   0   0   0   1   0   0   0   0   0   0   1
 10T   1   1   1   1   1   1   1   1   1   1   1   1   1   1   1
 11T   1   1   1   1   1   1   1   1   1   1   1   1   1   1   1
 12T   1   1   1   1   1   1   0   0   0   0   0   0   0   0   0
 13T   1   1   1   1   1   1   1   1   1   1   1   1   1   1   1
 14T   0   0   0   0   0   0   0   0   1   1   1   1   1   1   1
 15T   1   1   1   1   1   1   1   1   1   1   1   1   1   1   0
 16T   1   1   1   1   1   1   1   1   1   1   1   1   1   1   1
 17T   0   0   0   0   0   0   0   0   0   0   0   1   1   1   1
 18T   1   1   1   1   1   1   1   1   1   1   1   1   1   1   1
 19T   1   1   1   1   1   1   1   1   1   1   1   1   1   1   1
 20T   1   1   1   1   1   1   1   1   1   1   1   1   1   1   1
 21T   1   1   1   1   1   0   0   0   0   0   0   0   0   0   1
 22T   0   0   0   0   0   1   1   1   1   1   1   1   1   1   0
 23T   1   1   1   1   1   1   1   1   1   1   1   1   1   1   1
 24T   0   0   0   0   0   0   1   1   1   1   1   1   1   0   0
 25T   1   1   1   1   1   1   1   1   1   1   1   0   0   0   0
