Number of Tool Switches: 26 

Time elapsed: 0.003606 
Tool Sequence:
      7J  8J 11J 13J 15J  4J  2J  3J  5J  9J 12J  1J 10J 14J  6J
  1T   1   1   1   1   1   1   1   1   1   1   1   1   1   1   1
  2T   1   1   1   1   1   1   1   1   1   1   1   1   1   1   1
  3T   1   1   1   1   1   1   1   1   1   1   1   1   1   1   1
  4T   1   1   1   1   1   1   1   1   1   1   1   1   1   1   1
  5T   1   1   1   1   1   1   1   1   1   1   1   1   1   1   1
  6T   1   1   1   1   1   1   1   1   1   1   1   1   1   1   1
  7T   1   1   1   1   1   1   1   1   1   1   1   1   1   1   1
  8T   0   0   0   0   0   0   1   1   1   1   1   1   1   1   1
  9T   1   1   1   1   1   1   1   1   1   1   1   1   1   1   1
 10T   1   1   1   1   1   1   1   1   1   1   1   1   1   1   1
 11T   1   1   1   1   1   1   1   1   1   1   1   1   1   1   1
 12T   0   0   0   0   0   1   1   1   1   1   1   1   1   1   1
 13T   1   1   1   1   1   1   1   1   1   1   1   1   1   1   1
 14T   1   1   1   1   1   1   1   1   1   1   1   1   1   1   1
 15T   1   1   1   1   1   1   1   1   0   0   0   0   0   0   0
 16T   1   1   1   1   1   1   1   1   1   1   1   1   1   1   1
 17T   1   1   1   1   1   1   1   1   1   1   1   1   1   1   1
 18T   1   1   1   1   1   1   1   1   1   1   1   1   1   1   1
 19T   1   1   1   1   1   0   0   0   0   0   0   0   0   0   0
 20T   1   1   1   1   1   1   0   0   0   0   0   0   0   0   1
 21T   0   0   0   0   0   0   0   0   0   0   0   0   0   1   1
 22T   1   1   1   1   1   1   1   1   1   1   1   1   1   1   1
 23T   1   1   1   1   1   1   1   1   1   1   1   0   0   0   0
 24T   0   0   0   0   0   0   0   0   1   1   1   1   1   1   0
 25T   0   0   0   0   0   0   0   0   0   0   0   1   1   0   0
