Number of Tool Switches: 62 

Time elapsed: 14.825525 
Tool Sequence:
     11J 17J  6J  3J 18J  7J 13J  5J  4J  8J 20J 15J 19J 14J  2J 16J  1J 12J 10J  9J
  1T   1   1   1   1   1   1   1   1   1   1   1   1   1   1   1   1   0   0   0   0
  2T   0   0   0   0   0   0   0   0   0   1   1   1   1   1   1   1   1   1   0   0
  3T   0   0   0   0   1   1   1   1   1   1   1   1   1   1   1   1   1   1   1   0
  4T   0   0   0   0   0   0   0   1   1   0   0   0   1   1   1   1   1   1   1   0
  5T   1   1   1   1   1   0   0   0   1   1   1   1   1   0   0   0   0   1   1   1
  6T   0   0   1   1   1   1   1   0   0   0   0   0   0   0   0   1   1   1   1   1
  7T   0   0   0   1   1   1   1   1   1   0   0   1   0   0   1   1   0   0   0   1
  8T   1   1   1   1   0   0   0   1   1   1   1   1   1   1   0   0   0   0   1   0
  9T   0   1   0   0   0   0   1   1   1   0   0   1   1   1   1   1   1   1   1   1
 10T   0   0   0   0   0   1   1   1   1   1   1   1   1   0   0   0   1   1   1   1
 11T   1   1   1   1   1   1   0   0   0   1   1   1   1   0   0   1   1   1   0   0
 12T   1   1   1   1   1   1   1   1   1   1   1   1   1   1   1   1   1   0   0   0
 13T   1   0   0   0   0   0   0   1   1   1   0   0   0   0   0   1   1   1   1   1
 14T   0   0   1   1   1   1   1   0   0   0   0   0   0   0   0   0   1   1   1   1
 15T   1   1   1   0   0   0   0   0   0   0   1   1   1   1   1   1   1   1   1   1
 16T   1   1   1   1   1   1   1   1   1   1   1   1   1   1   1   1   1   1   0   0
 17T   1   1   0   0   0   0   1   0   0   0   0   0   0   0   1   1   0   1   1   1
 18T   0   1   1   1   1   1   0   0   0   1   1   0   0   1   1   1   1   0   0   0
 19T   0   1   1   1   0   0   1   1   1   1   1   1   1   1   0   0   1   1   1   1
 20T   1   1   1   1   1   1   1   1   0   0   0   1   0   0   0   0   0   0   0   0
 21T   1   1   1   0   1   1   1   1   0   0   0   0   0   1   1   1   1   1   1   0
 22T   1   0   0   0   0   1   1   1   1   1   1   0   0   1   1   0   0   0   0   1
 23T   1   1   1   1   1   1   1   1   1   1   1   0   0   0   0   0   0   0   0   1
 24T   1   1   1   1   1   1   0   0   0   0   0   0   1   1   1   0   0   0   1   1
 25T   1   0   0   1   1   0   0   0   1   1   1   1   1   1   1   0   0   0   1   1
