Number of Tool Switches: 25 

Time elapsed: 0.031687 
Tool Sequence:
     12J  2J 14J  5J  3J 18J 11J  4J 17J  1J 10J  7J  8J  9J 20J 19J 16J 13J  6J 15J
  1T   1   1   1   1   1   1   1   1   1   1   1   1   1   1   1   0   0   0   0   0
  2T   1   1   1   1   1   1   1   1   1   1   1   0   0   0   0   0   0   0   0   0
  3T   1   1   1   1   1   1   1   1   1   1   1   1   1   1   1   1   1   1   1   0
  4T   1   1   1   1   1   1   1   1   1   1   1   1   1   1   0   0   0   0   0   0
  5T   1   1   1   1   1   1   1   1   1   1   1   1   1   1   1   1   0   0   0   0
  6T   0   0   0   0   0   0   0   0   0   0   0   0   0   0   0   0   0   1   0   0
  7T   1   1   1   1   1   1   1   1   1   1   1   1   1   1   1   1   1   1   0   0
  8T   0   0   0   0   0   0   0   0   0   0   0   0   0   0   1   1   1   1   1   1
  9T   1   1   1   1   1   1   1   1   1   1   1   1   1   1   1   0   0   0   0   0
 10T   1   1   1   1   1   1   1   1   1   1   1   1   1   1   1   1   1   1   1   0
 11T   1   1   1   1   1   1   1   1   1   1   1   1   1   0   0   0   0   0   0   0
 12T   1   1   1   1   1   1   1   1   1   1   1   1   1   1   1   1   1   1   0   0
 13T   0   0   0   0   0   0   0   0   0   0   0   0   1   0   0   0   0   0   0   0
 14T   1   1   1   1   1   1   1   1   1   1   1   1   1   1   1   1   1   1   1   0
 15T   1   1   1   1   1   1   1   1   1   1   1   1   1   1   1   1   1   1   1   1
 16T   0   0   0   0   0   0   0   0   0   0   0   0   0   0   0   0   1   1   0   0
 17T   1   1   1   1   0   0   0   0   0   0   0   0   0   0   0   0   0   0   0   0
 18T   1   1   1   1   1   1   1   1   0   0   0   0   0   0   0   0   0   0   0   0
 19T   1   1   1   1   1   1   1   1   1   1   1   1   1   0   0   0   0   0   0   0
 20T   0   0   0   0   0   0   0   0   0   0   0   0   0   0   0   1   0   0   0   0
 21T   1   1   1   1   1   1   1   1   0   0   0   0   0   0   0   0   0   0   0   0
 22T   1   1   1   1   1   1   1   1   1   1   1   1   1   0   0   0   0   0   0   0
 23T   1   1   1   1   1   1   1   1   1   1   1   1   1   1   1   1   1   1   1   1
 24T   1   1   1   1   1   1   1   1   1   1   1   1   1   1   1   1   1   1   0   0
 25T   1   1   1   1   1   1   1   1   1   1   1   1   1   1   0   0   0   0   0   0
