Number of Tool Switches: 28 

Time elapsed: 1.491517 
Tool Sequence:
     16J 14J  5J  9J 11J 13J 17J  2J  6J  7J 10J  4J 19J  3J  8J 15J 20J 12J  1J 18J
  1T   0   0   0   0   0   0   1   1   1   0   0   0   0   0   0   0   0   0   0   0
  2T   0   0   0   0   0   0   0   0   0   0   0   0   1   1   0   0   0   1   0   0
  3T   0   0   1   1   1   1   0   0   0   0   0   0   0   0   0   0   0   0   0   0
  4T   0   1   1   1   1   1   1   1   1   1   1   0   0   0   0   0   0   0   1   1
  5T   1   0   0   0   0   1   1   1   1   1   0   0   0   1   1   1   1   0   0   0
  6T   0   0   0   0   0   0   0   0   0   0   0   0   0   0   0   1   1   1   1   0
  7T   0   0   0   0   0   0   0   0   0   0   0   0   0   1   1   0   0   0   0   1
  8T   0   0   0   0   1   1   1   0   0   0   0   1   1   1   1   1   1   1   1   1
  9T   0   0   0   0   0   0   0   0   0   0   1   1   1   0   0   0   0   0   0   0
 10T   1   0   0   1   1   1   1   1   1   1   1   1   0   0   0   0   0   0   0   0
 11T   0   1   1   0   0   0   0   1   1   1   1   1   1   1   1   1   0   0   0   0
 12T   1   1   1   1   0   0   0   0   0   0   0   0   0   0   1   1   1   1   1   0
 13T   0   0   0   0   0   0   0   0   0   1   1   1   0   0   0   0   0   1   1   1
 14T   1   1   0   0   0   0   0   0   0   0   0   0   0   0   0   0   1   0   0   0
 15T   1   1   1   1   1   0   0   0   0   0   0   0   1   0   0   0   0   0   0   1
