Number of Tool Switches: 23 

Time elapsed: 12.630537 
Tool Sequence:
     10J 21J 19J 25J  4J 17J 23J 18J 11J 12J  5J  6J 15J  8J 14J 13J  7J  3J  2J 20J 22J 24J 16J  1J  9J
  1T   1   1   1   1   1   1   0   0   0   0   0   0   0   0   0   0   0   0   0   0   0   1   1   1   1
  2T   1   1   1   1   1   1   1   1   1   1   1   1   1   1   1   1   1   1   1   1   1   1   0   0   0
  3T   1   1   1   1   1   1   1   1   1   1   1   1   1   0   0   0   0   0   0   0   0   0   0   0   0
  4T   0   0   0   0   0   0   0   1   1   1   1   1   0   0   0   0   0   0   0   0   0   0   0   0   0
  5T   1   1   1   1   1   1   1   1   1   1   1   1   1   1   1   1   1   1   1   1   0   0   0   0   0
  6T   1   1   1   1   1   1   1   1   1   1   1   1   1   1   1   1   1   1   1   1   1   1   1   1   1
  7T   1   1   1   1   1   1   1   1   1   1   1   1   1   1   1   1   1   1   1   1   1   1   1   1   1
  8T   0   0   0   0   0   0   0   0   0   0   0   1   1   1   1   1   1   1   1   1   1   1   1   1   0
  9T   1   1   1   1   1   1   1   1   1   1   1   0   0   0   0   0   0   0   0   0   1   1   1   1   0
 10T   0   0   0   0   0   0   1   1   1   1   1   1   1   1   1   1   1   1   1   1   1   1   1   0   0
 11T   1   1   1   1   1   1   1   1   1   1   1   1   1   1   1   1   1   1   1   1   1   1   1   1   1
 12T   0   0   0   0   0   0   0   0   0   0   0   0   1   1   1   1   1   1   1   1   1   1   1   1   1
 13T   1   1   1   1   1   1   1   1   1   1   1   1   1   1   1   1   1   1   1   1   1   1   1   1   1
 14T   0   0   0   0   0   0   0   0   0   0   0   0   0   1   1   1   1   1   1   1   1   1   1   1   1
 15T   1   1   1   1   1   1   1   1   1   1   1   1   1   1   1   1   1   1   1   1   1   1   1   1   1
 16T   1   1   1   1   1   1   1   1   1   1   1   1   1   1   1   1   1   1   1   1   1   1   0   0   0
 17T   1   1   1   1   1   1   1   1   1   1   1   1   1   1   0   0   0   0   0   0   0   0   0   0   0
 18T   1   1   1   1   1   1   1   0   0   0   0   0   0   0   1   1   1   1   0   0   0   0   0   0   0
 19T   1   1   1   1   1   1   1   1   1   1   1   1   1   1   1   1   1   1   1   1   1   1   1   1   1
 20T   1   1   1   1   1   1   1   1   1   1   1   1   1   1   1   1   1   1   1   1   1   1   1   1   1
