Number of Tool Switches: 25 

Time elapsed: 2.791129 
Tool Sequence:
     10J  5J 20J 14J  6J  1J  8J 19J 17J  4J 16J 18J  2J 15J  9J  3J 11J  7J 13J 12J
  1T   0   0   0   0   0   0   0   0   1   1   1   0   0   0   0   0   0   0   0   0
  2T   1   1   1   1   1   1   1   1   1   1   1   1   1   1   1   1   1   0   0   0
  3T   0   0   0   0   0   0   0   0   0   0   0   0   1   1   1   1   1   0   0   0
  4T   0   0   0   0   0   0   0   0   0   0   0   0   0   1   1   1   1   1   0   0
  5T   1   1   1   1   1   1   1   1   0   0   0   0   0   0   0   0   0   0   0   0
  6T   1   1   1   1   0   0   0   0   0   0   0   0   0   0   0   0   0   0   0   0
  7T   1   1   1   1   0   0   0   0   0   0   0   0   0   0   0   0   0   0   0   0
  8T   0   0   0   0   0   0   0   0   0   0   0   0   0   0   0   0   0   0   1   0
  9T   0   0   0   0   0   0   0   0   0   0   0   0   0   0   0   0   0   1   1   0
 10T   0   0   0   0   0   0   1   1   1   1   1   1   1   1   1   1   1   1   1   1
 11T   1   1   1   1   1   1   1   1   1   1   1   1   1   1   1   1   1   1   1   1
 12T   1   0   0   0   0   0   0   0   0   0   0   0   0   0   0   0   0   0   0   0
 13T   0   0   0   0   0   0   0   0   0   1   1   1   0   0   0   0   0   0   0   0
 14T   0   0   0   0   0   0   1   1   1   1   1   1   1   1   1   0   0   0   0   0
 15T   1   1   1   1   1   1   1   1   1   1   0   0   0   0   0   0   0   0   0   0
 16T   0   0   0   0   0   1   1   1   1   1   1   1   1   1   1   1   1   0   0   0
 17T   1   1   1   1   1   1   1   1   1   1   1   1   1   1   1   0   0   0   0   0
 18T   0   0   0   0   0   0   0   0   0   0   0   0   0   0   0   1   1   0   0   0
 19T   0   0   0   0   0   0   0   0   0   0   0   0   0   0   0   1   0   0   0   0
 20T   0   0   0   0   0   0   0   0   0   0   1   1   1   1   1   1   1   1   1   1
 21T   0   0   0   0   0   0   1   1   1   0   0   0   0   0   0   0   0   0   0   0
 22T   1   1   1   1   1   1   0   0   0   0   0   0   0   0   0   0   0   0   0   0
 23T   1   1   1   1   1   1   0   0   0   0   0   0   0   0   0   0   0   0   0   0
 24T   0   0   0   0   1   0   0   0   0   0   0   0   0   0   0   0   0   0   0   0
 25T   0   0   0   0   1   1   1   1   1   1   1   1   1   1   1   1   1   1   1   1
