Number of Tool Switches: 20 

Time elapsed: 0.157987 
Tool Sequence:
     13J 14J 18J  1J 10J 12J  9J 16J 11J  8J  5J  2J  6J 20J  7J 19J 15J 17J  4J  3J
  1T   1   1   1   1   1   1   1   1   1   1   1   1   1   1   1   1   1   1   1   1
  2T   1   1   1   1   1   1   1   1   1   1   1   1   1   1   1   1   1   1   0   0
  3T   0   0   0   0   0   0   0   0   0   0   0   0   0   0   0   0   0   0   0   1
  4T   1   1   1   1   1   1   1   1   1   1   1   1   1   1   1   1   1   1   1   0
  5T   1   1   1   1   1   1   1   1   1   1   1   1   1   1   1   1   1   1   1   1
  6T   1   1   1   1   1   1   1   1   1   1   1   1   1   1   1   1   1   1   1   0
  7T   0   0   0   0   0   0   0   0   1   1   1   1   1   1   1   1   1   1   0   0
  8T   1   1   1   1   1   1   1   0   0   0   0   0   0   0   0   0   0   0   0   0
  9T   1   1   1   1   1   1   1   1   1   1   1   1   1   1   1   1   1   0   0   0
 10T   1   1   1   1   1   1   1   1   1   1   1   1   1   1   1   1   1   1   1   0
 11T   1   1   1   1   1   1   1   1   1   0   0   0   0   0   0   0   0   0   0   0
 12T   1   1   1   1   1   1   1   1   1   1   1   1   1   1   1   1   0   0   0   0
 13T   0   0   0   0   0   0   0   0   1   1   1   1   1   1   1   1   1   1   0   0
 14T   1   1   1   1   1   1   1   1   1   1   1   1   1   1   1   1   0   0   0   0
 15T   1   1   1   1   1   1   1   1   1   1   1   1   1   1   1   0   0   0   0   0
 16T   1   1   1   1   1   1   1   1   1   1   1   1   1   1   1   1   1   1   1   1
 17T   0   0   0   0   0   0   0   0   0   0   0   0   0   0   0   1   0   0   0   0
 18T   1   1   1   1   1   1   1   1   1   1   1   1   1   1   0   0   0   0   0   0
 19T   1   1   1   1   1   1   1   1   0   0   0   0   0   0   0   0   0   0   0   0
 20T   0   0   0   0   0   0   0   0   0   0   1   1   1   1   1   1   1   1   1   1
