Number of Tool Switches: 21 

Time elapsed: 3.264624 
Tool Sequence:
     17J 13J  7J 19J 15J 18J 10J  8J 16J 11J  4J  5J 12J 14J  9J 20J  2J  3J  6J  1J
  1T   1   1   1   1   1   1   1   1   1   1   1   1   1   1   1   1   1   1   1   1
  2T   0   0   0   0   0   0   0   1   1   1   1   1   1   1   0   0   0   0   0   0
  3T   1   1   1   1   1   1   1   1   1   1   1   1   1   1   1   1   1   1   0   0
  4T   0   0   0   0   0   0   0   1   1   1   1   1   1   1   1   1   1   1   1   0
  5T   0   0   0   0   0   0   1   1   1   1   1   1   1   1   1   1   1   1   0   0
  6T   0   0   0   0   0   0   0   0   0   0   1   1   1   1   1   1   1   1   0   0
  7T   1   1   1   1   1   1   1   1   1   0   0   0   0   0   0   0   0   0   0   0
  8T   0   0   0   0   0   0   0   0   0   0   0   0   0   1   1   1   0   0   0   0
  9T   1   1   1   1   1   1   1   1   1   1   1   1   1   1   1   1   1   1   1   0
 10T   0   0   0   0   1   1   1   1   0   0   0   0   0   0   0   0   0   0   0   0
 11T   1   1   1   1   1   1   1   0   0   0   0   0   0   0   0   0   0   1   0   0
 12T   0   0   0   0   0   0   0   0   0   0   0   0   0   0   0   0   0   1   1   1
 13T   1   1   1   1   0   0   0   0   0   0   0   0   0   0   0   0   0   0   0   0
 14T   0   0   0   0   0   0   0   0   0   0   0   0   0   0   1   1   1   1   1   0
 15T   0   0   0   0   0   0   0   0   1   1   1   1   1   0   0   0   0   0   0   0
 16T   1   1   1   1   1   1   0   0   0   0   0   0   0   0   0   0   0   0   0   0
 17T   1   0   0   0   0   0   0   0   0   0   0   0   0   0   0   0   0   0   0   0
 18T   1   1   1   1   1   1   1   1   1   1   1   1   1   1   1   1   1   1   1   0
 19T   1   1   1   1   1   1   1   1   1   1   1   1   1   1   1   1   0   0   0   0
 20T   0   0   0   0   0   0   0   0   0   0   0   0   0   0   0   0   1   0   0   0
