Number of Tool Switches: 25 

Time elapsed: 0.030726 
Tool Sequence:
     14J  8J 19J 10J  3J  5J  7J 12J 11J  2J  1J  9J  6J 20J 13J 16J 15J 18J  4J 17J
  1T   0   0   0   0   0   0   0   0   0   0   0   0   0   0   0   0   0   0   0   1
  2T   1   1   1   1   1   1   1   1   1   0   0   0   0   0   0   0   0   0   0   0
  3T   1   1   1   1   1   1   1   1   1   1   1   1   1   1   1   1   1   1   1   0
  4T   1   1   1   1   1   1   0   0   0   0   0   0   0   0   0   0   0   0   0   0
  5T   1   1   1   1   1   1   1   0   0   0   0   0   0   0   0   0   0   0   0   0
  6T   0   0   0   0   0   0   0   0   0   0   0   0   0   0   1   1   1   1   1   1
  7T   1   1   1   1   1   1   1   1   1   1   1   1   0   0   0   0   0   0   0   0
  8T   0   0   0   0   0   0   0   0   0   0   0   1   0   0   0   0   0   0   0   0
  9T   1   1   1   1   1   1   1   1   1   0   0   0   0   0   0   0   0   0   0   0
 10T   1   1   1   1   1   1   1   1   1   1   1   1   1   1   1   1   1   1   0   0
 11T   1   1   1   1   1   1   1   1   1   1   1   1   1   1   1   0   0   0   0   0
 12T   1   1   1   1   1   1   1   1   1   1   1   1   1   1   1   1   0   0   0   0
 13T   1   1   1   1   1   0   0   0   0   0   0   0   0   0   0   0   0   0   0   0
 14T   1   1   1   1   1   1   1   1   1   1   1   1   1   1   0   0   0   0   0   0
 15T   1   1   1   1   0   0   0   0   0   0   0   0   0   0   0   0   0   0   0   0
 16T   1   1   1   1   1   1   1   1   1   1   1   0   0   0   0   0   0   0   0   0
 17T   0   0   0   0   0   0   0   0   0   0   0   0   0   1   1   1   1   1   0   0
 18T   1   1   1   1   1   1   1   1   1   1   1   1   1   1   1   0   0   0   0   0
 19T   0   0   0   0   0   0   0   0   0   0   0   0   0   0   1   1   1   1   1   0
 20T   1   1   1   1   1   1   1   1   1   1   1   1   1   1   1   1   0   0   0   0
 21T   1   1   1   1   1   1   1   1   1   1   1   1   1   1   1   1   1   0   0   0
 22T   1   1   1   1   1   1   1   0   0   0   0   0   0   0   0   0   0   0   0   0
 23T   1   1   1   1   1   0   0   0   0   0   0   0   0   0   0   0   0   0   0   0
 24T   1   1   1   1   1   1   1   1   1   1   1   1   1   1   1   1   0   0   0   0
 25T   1   1   1   1   1   1   1   1   0   0   0   0   0   0   0   0   0   0   0   0
