Number of Tool Switches: 20 

Time elapsed: 0.162629 
Tool Sequence:
     13J  4J 18J  7J 15J 17J  2J 10J  5J  3J 12J  9J 16J 19J  1J 20J 14J  8J  6J 11J
  1T   1   1   1   1   1   1   0   0   0   0   0   0   0   0   0   0   0   0   0   0
  2T   1   1   1   1   1   1   1   1   1   1   1   1   1   1   1   1   1   1   1   0
  3T   1   1   1   1   1   1   1   1   1   1   1   1   1   1   1   1   1   1   0   0
  4T   0   0   0   0   0   0   0   0   0   1   1   1   1   1   1   1   1   0   0   0
  5T   1   1   1   1   1   1   1   1   1   1   1   1   1   1   0   0   0   0   0   0
  6T   1   1   1   1   1   1   1   1   0   0   0   0   0   0   0   0   0   0   0   0
  7T   0   0   0   0   0   0   0   0   0   0   0   0   1   1   1   1   1   1   0   0
  8T   0   0   0   0   0   0   1   1   1   1   1   1   1   1   0   0   0   0   0   0
  9T   0   0   0   0   0   0   0   0   1   1   1   1   1   1   1   1   1   0   0   0
 10T   1   1   1   1   1   1   1   1   1   1   1   1   1   1   1   0   0   0   0   0
 11T   1   1   1   1   1   1   1   1   1   1   1   1   1   1   1   1   1   1   0   0
 12T   1   1   1   0   0   0   0   0   0   0   0   0   0   0   0   0   0   0   0   0
 13T   1   1   1   1   1   1   1   1   1   1   1   1   1   1   1   1   1   1   0   0
 14T   1   1   1   1   1   1   1   1   1   1   1   1   1   1   1   1   1   1   1   1
 15T   1   1   1   1   1   1   1   1   1   1   1   1   1   1   1   1   1   1   1   0
 16T   1   1   1   1   1   1   1   1   1   1   1   1   1   1   1   1   1   1   1   1
 17T   1   1   1   1   1   1   1   1   1   1   1   1   1   1   1   1   1   0   0   0
 18T   1   1   1   1   1   1   1   1   1   1   1   1   1   1   1   0   0   0   0   0
 19T   0   0   0   0   0   0   0   0   0   0   0   0   0   0   0   1   1   1   1   0
 20T   1   1   1   1   1   1   0   0   0   0   0   0   0   0   0   0   0   0   0   0
