Number of Tool Switches: 27 

Time elapsed: 2.000758 
Tool Sequence:
      9J 15J  6J 13J 10J 11J 17J  1J 19J 18J 16J  5J  2J 14J 20J  4J 12J  8J  7J  3J
  1T   0   0   0   0   0   1   1   1   1   1   1   1   1   0   0   0   0   0   0   0
  2T   0   0   0   0   0   0   0   0   0   1   1   0   0   0   0   0   0   0   0   0
  3T   0   0   0   0   0   0   0   0   0   0   1   1   1   1   1   1   1   1   1   1
  4T   0   0   0   0   0   0   0   0   0   0   0   0   0   0   0   0   0   0   1   1
  5T   0   0   0   1   0   0   0   0   0   0   0   0   0   0   0   0   0   0   0   0
  6T   0   0   0   0   0   0   0   0   0   0   0   0   0   1   0   0   0   0   0   0
  7T   0   0   0   0   0   0   0   0   0   0   0   1   1   1   0   0   0   0   0   0
  8T   0   0   0   0   0   0   1   1   1   0   0   0   0   0   0   0   0   0   0   0
  9T   1   1   1   0   0   0   0   0   0   0   0   0   0   0   1   1   1   1   1   0
 10T   0   0   0   1   1   1   1   0   0   0   0   0   0   0   0   0   0   0   0   0
 11T   0   0   0   0   0   0   0   0   1   1   1   1   0   0   0   0   0   0   0   1
 12T   0   0   0   0   0   0   0   1   0   0   0   0   0   0   0   1   1   1   0   0
 13T   1   1   1   1   1   1   1   0   0   0   0   0   0   0   0   0   0   0   0   0
 14T   1   1   1   0   0   0   0   0   1   1   0   0   0   0   0   0   1   0   0   0
 15T   0   0   0   0   1   1   0   0   0   1   1   1   1   1   1   0   0   0   0   0
 16T   0   0   0   0   0   0   0   0   0   0   0   0   1   1   1   1   0   0   0   0
 17T   0   0   0   0   0   0   0   0   0   0   0   0   0   0   0   0   0   0   0   1
 18T   0   0   0   0   0   0   0   0   0   0   0   0   0   0   0   0   0   1   0   0
 19T   1   1   1   1   1   1   1   1   1   0   0   0   0   0   0   0   0   1   1   1
 20T   1   1   1   1   0   0   0   0   0   0   0   0   0   0   0   0   0   0   0   0
