Number of Tool Switches: 32 

Time elapsed: 1.669662 
Tool Sequence:
      9J 20J 13J  7J  1J 17J  8J 12J 11J  4J 19J 10J  3J 14J 15J  2J  6J 16J 18J  5J
  1T   0   0   0   0   0   0   0   0   0   1   1   1   1   0   0   0   0   0   0   0
  2T   0   0   0   0   0   0   0   0   0   0   0   0   0   0   1   1   1   1   1   1
  3T   0   0   1   1   1   0   0   0   1   0   0   0   0   0   0   0   0   0   0   0
  4T   0   0   0   0   0   0   0   1   1   1   1   1   0   0   0   0   0   0   0   1
  5T   1   1   1   1   0   0   0   0   0   0   1   0   0   0   0   0   1   0   0   0
  6T   0   0   0   0   0   0   0   0   0   0   1   1   1   1   0   0   0   0   0   0
  7T   1   0   0   0   0   1   1   0   0   0   0   0   0   0   0   0   1   1   1   0
  8T   0   0   0   0   1   1   1   1   0   0   0   0   0   0   0   0   0   0   0   0
  9T   0   0   0   0   1   0   0   0   1   1   0   0   0   0   0   0   0   0   0   1
 10T   1   1   0   0   0   0   0   0   0   0   0   0   0   0   0   0   0   0   0   0
 11T   0   0   0   0   0   0   0   0   0   0   0   1   1   1   1   1   1   1   0   0
 12T   0   0   0   0   0   0   0   1   1   1   0   0   0   0   0   0   0   0   0   0
 13T   1   1   1   1   1   1   1   1   1   1   1   0   0   0   0   0   0   0   0   0
 14T   0   0   0   1   1   1   0   0   0   0   0   1   1   1   1   1   0   0   0   0
 15T   0   1   1   1   0   0   0   0   0   0   0   0   1   1   1   1   0   1   0   0
 16T   0   0   0   0   0   0   1   0   0   0   0   0   0   0   0   0   0   1   1   1
 17T   1   1   1   0   0   0   0   0   0   0   0   0   0   0   0   0   0   0   0   0
 18T   0   0   0   0   0   0   0   0   0   0   0   0   0   0   0   0   0   0   1   1
 19T   0   0   0   0   0   0   0   0   0   0   0   0   0   1   1   1   1   0   0   0
 20T   0   0   0   0   0   1   1   1   0   0   0   0   0   0   0   0   0   0   0   0
