Number of Tool Switches: 25 

Time elapsed: 0.223600 
Tool Sequence:
      6J 18J  8J 17J  3J 15J 12J  1J  9J  4J 10J 19J 20J  7J 11J  5J  2J 14J 13J 16J
  1T   1   1   1   1   0   0   0   0   0   0   0   0   0   0   0   0   0   0   0   0
  2T   1   1   1   1   1   1   1   1   1   1   1   1   1   1   1   1   1   0   0   0
  3T   0   0   0   0   0   0   0   1   1   1   1   1   1   1   1   1   1   1   0   0
  4T   1   1   1   1   1   1   1   1   1   1   1   1   1   0   0   0   0   0   0   0
  5T   1   1   1   1   1   1   1   1   1   1   1   1   1   1   1   1   1   1   1   0
  6T   0   0   0   0   0   0   0   0   0   0   0   0   0   0   0   1   0   0   0   0
  7T   1   1   0   0   0   0   0   0   0   0   0   0   0   0   0   0   0   0   0   0
  8T   1   1   1   1   1   1   1   1   1   1   1   1   1   1   1   1   1   1   1   1
  9T   0   0   0   0   0   0   0   0   0   0   0   0   0   0   0   0   0   1   0   0
 10T   0   0   0   0   0   0   0   0   0   1   1   1   1   1   1   1   1   1   1   0
 11T   0   0   0   0   0   0   0   0   0   0   0   1   1   1   1   1   1   0   0   0
 12T   1   1   1   1   0   0   0   0   0   0   0   0   0   0   0   0   0   0   0   0
 13T   0   0   0   0   0   0   0   0   0   0   0   1   1   1   1   1   1   1   0   0
 14T   0   0   0   0   0   0   0   1   1   1   1   1   1   1   1   1   1   0   0   0
 15T   1   1   1   1   1   1   1   1   1   1   1   1   0   0   0   0   0   0   0   0
 16T   1   1   1   1   1   1   1   0   0   0   0   0   0   0   0   0   0   0   0   0
 17T   1   1   1   1   1   1   1   1   1   1   1   1   1   1   1   1   1   1   0   0
 18T   0   0   0   0   0   0   0   0   0   0   0   0   0   0   0   0   0   0   1   0
 19T   1   1   1   1   1   1   1   1   1   1   1   0   0   0   0   0   0   0   0   0
 20T   1   1   1   1   1   1   0   0   0   0   0   0   0   0   0   0   0   0   0   0
 21T   1   1   1   1   1   1   1   1   1   1   1   1   1   1   1   0   0   0   0   0
 22T   1   1   1   1   1   1   1   1   1   1   1   1   1   1   0   0   0   0   0   0
 23T   1   1   1   1   1   1   1   1   1   1   1   1   1   1   1   1   1   1   1   1
 24T   0   0   0   0   0   0   0   1   1   1   1   1   1   1   0   0   0   0   0   0
 25T   0   0   0   0   0   0   0   0   0   0   0   0   0   1   1   1   1   0   0   0
