Number of Tool Switches: 26 

Time elapsed: 1.419766 
Tool Sequence:
      7J  4J  2J 17J  3J 13J 12J 16J 15J 20J  9J  1J  6J 18J 14J 10J 11J  5J  8J 19J
  1T   0   0   0   0   0   0   0   1   1   0   0   0   0   0   0   0   0   0   0   1
  2T   0   0   0   0   0   0   0   0   0   0   0   0   1   1   1   1   1   1   1   1
  3T   1   1   1   1   1   1   0   0   0   0   0   0   0   0   0   0   0   0   1   0
  4T   0   0   0   0   0   0   1   1   1   0   0   0   0   0   0   0   1   1   1   0
  5T   0   0   0   1   1   1   0   0   0   1   1   1   1   1   1   1   1   1   1   0
  6T   1   1   1   1   1   0   0   0   0   0   1   1   1   0   0   0   0   0   0   0
  7T   1   1   1   0   0   0   0   0   0   0   0   0   0   0   0   1   1   1   0   0
  8T   0   0   0   0   0   0   0   0   0   0   0   1   1   1   1   1   1   1   1   1
  9T   0   0   0   0   0   1   1   0   0   0   0   0   0   0   0   0   0   0   0   0
 10T   0   0   0   0   0   0   0   0   1   1   1   1   0   0   0   0   0   0   0   1
 11T   1   1   1   1   1   0   0   0   0   0   0   0   0   1   0   0   0   0   0   0
 12T   0   0   0   1   1   1   1   1   1   1   0   0   0   0   0   0   0   0   0   0
 13T   1   1   1   0   0   0   0   0   0   1   1   0   0   0   0   0   0   0   0   1
 14T   0   0   0   0   0   0   1   1   1   1   1   1   1   1   0   0   0   0   0   0
 15T   0   0   0   0   0   1   1   1   0   0   0   0   0   0   1   1   0   0   0   0
