Number of Tool Switches: 30 

Time elapsed: 11.873930 
Tool Sequence:
     20J  6J 15J  7J  4J 11J 10J 13J 18J  3J  5J 12J  1J  9J 16J  2J 19J  8J 14J 17J
  1T   1   1   1   1   1   1   1   1   1   1   1   1   1   1   1   1   1   1   0   0
  2T   1   1   1   1   1   1   1   1   1   1   1   1   1   1   1   1   1   1   1   1
  3T   0   0   0   0   0   0   0   0   0   0   0   0   0   0   1   1   1   0   0   0
  4T   1   1   1   1   1   1   1   1   1   1   1   1   1   1   1   1   1   1   1   1
  5T   0   0   0   0   0   0   0   1   1   1   1   1   1   1   1   1   1   1   1   0
  6T   1   1   1   1   1   1   0   0   0   0   0   1   1   1   1   1   1   1   1   1
  7T   1   1   1   1   1   0   0   0   0   0   0   0   0   0   0   0   0   1   0   0
  8T   1   1   1   1   0   0   0   0   0   0   0   0   0   1   1   1   1   1   1   1
  9T   1   1   1   1   1   1   1   1   1   1   1   1   1   1   1   1   1   1   1   0
 10T   1   1   1   1   1   1   1   1   1   1   1   1   1   1   0   0   0   0   0   0
 11T   1   1   1   1   1   1   1   0   0   0   0   0   0   0   0   0   0   0   0   0
 12T   0   0   0   0   0   0   0   0   0   1   1   0   0   0   0   0   0   0   0   1
 13T   0   0   0   1   1   1   1   1   1   1   1   1   1   1   1   1   1   1   1   0
 14T   0   0   0   0   0   1   1   1   1   1   1   1   1   1   1   1   1   1   1   0
 15T   0   0   0   0   0   0   1   1   1   1   1   1   1   1   1   1   1   1   0   0
 16T   1   1   1   1   1   1   1   1   1   0   0   0   0   0   0   0   0   0   0   0
 17T   1   1   1   1   1   1   1   1   1   1   0   0   0   0   0   0   0   0   0   0
 18T   0   0   0   0   1   1   1   1   1   1   1   1   1   1   1   1   1   1   1   1
 19T   0   0   0   0   0   0   1   1   1   1   1   1   1   1   1   1   1   1   1   1
 20T   1   1   1   1   1   1   1   1   1   1   1   1   1   0   0   0   0   0   0   0
 21T   1   0   0   0   0   0   0   0   0   0   0   0   0   0   0   0   0   0   0   0
 22T   0   0   0   0   0   0   0   0   0   0   0   0   0   0   0   0   0   1   1   1
 23T   1   1   1   1   1   1   1   1   1   1   1   1   1   1   1   1   1   0   0   0
 24T   1   1   1   1   1   0   0   0   0   0   1   1   1   1   1   0   0   0   0   0
 25T   0   0   0   0   0   1   0   0   0   0   0   0   0   0   0   0   0   0   0   0
