Number of Tool Switches: 25 

Time elapsed: 2.767234 
Tool Sequence:
      8J  7J  6J 12J 11J 13J  4J 10J 16J 18J 17J  3J 14J  5J 20J 15J  9J  2J 19J  1J
  1T   1   1   1   1   1   1   1   1   1   1   1   1   1   1   0   0   0   0   0   0
  2T   1   1   1   1   1   1   1   1   1   1   1   0   0   0   0   0   0   0   0   0
  3T   1   1   1   1   1   1   1   1   1   1   1   1   1   1   1   1   1   1   0   0
  4T   1   1   1   1   1   1   1   1   1   1   1   1   1   1   1   1   0   0   0   0
  5T   0   0   0   0   0   0   1   1   1   0   0   0   0   0   0   0   0   0   0   0
  6T   1   1   1   1   1   1   1   1   1   1   1   1   1   1   1   1   1   1   1   0
  7T   1   1   1   1   1   1   1   0   0   0   0   0   0   0   0   0   0   0   0   0
  8T   1   1   1   1   1   1   1   1   1   1   1   1   1   1   1   1   1   0   0   0
  9T   1   1   1   1   1   1   1   1   0   0   0   0   0   0   0   0   0   0   0   0
 10T   1   1   1   1   1   1   1   1   1   1   1   1   1   1   1   1   1   1   1   1
 11T   0   0   0   0   0   0   0   1   1   1   1   1   1   1   1   1   1   1   1   1
 12T   0   0   0   0   0   0   0   0   0   1   1   1   1   1   1   1   1   1   1   0
 13T   1   1   1   1   1   1   1   1   1   1   1   1   1   1   1   1   1   1   0   0
 14T   1   1   1   1   1   1   1   1   1   1   1   1   1   1   1   1   1   1   1   1
 15T   1   1   1   1   1   1   1   1   1   1   1   1   1   1   1   1   1   1   0   0
 16T   1   1   1   1   1   1   1   1   1   1   1   1   1   1   1   1   1   1   1   0
 17T   0   0   0   0   0   0   0   0   1   1   1   1   1   1   1   1   1   1   1   0
 18T   1   1   1   1   1   1   1   1   1   1   1   1   1   1   0   0   0   0   0   0
 19T   1   1   1   1   1   1   1   1   1   1   1   1   1   1   1   1   0   0   0   0
 20T   1   1   1   1   1   0   0   0   0   0   0   0   0   0   0   0   0   0   0   0
 21T   0   0   0   0   0   0   0   0   0   0   0   1   1   1   1   1   1   1   1   0
 22T   1   1   1   1   1   1   1   1   1   1   1   1   1   1   1   0   0   0   0   0
 23T   1   1   1   1   1   1   1   1   1   1   1   1   1   1   1   1   1   1   1   0
 24T   1   1   1   1   1   1   1   1   1   1   1   1   1   1   1   1   1   1   1   1
 25T   1   1   1   1   1   1   1   1   1   1   1   1   1   1   1   1   1   1   1   1
