Number of Tool Switches: 16 

Time elapsed: 3.840306 
Tool Sequence:
     21J  1J  2J 10J  9J 13J 22J 16J  6J 19J 23J 15J 11J 24J 12J 14J 17J  3J 18J  7J 20J 25J  8J  5J  4J
  1T   1   1   1   1   1   0   0   0   0   0   0   0   0   0   0   0   0   0   0   0   0   0   0   1   0
  2T   1   1   1   1   1   1   1   1   1   1   1   1   1   1   1   1   1   1   1   1   1   1   1   0   0
  3T   0   0   0   0   0   0   0   0   0   0   0   1   1   1   1   1   1   1   1   1   1   1   1   1   0
  4T   1   1   1   1   1   1   1   1   1   1   1   1   1   1   1   1   1   0   0   0   0   0   0   0   0
  5T   0   0   0   0   0   0   0   0   0   0   0   0   1   1   1   1   1   1   1   1   1   0   0   0   0
  6T   1   1   1   1   1   1   1   1   1   1   1   1   1   1   1   1   1   1   1   1   1   1   1   1   1
  7T   1   1   1   1   1   1   1   1   1   0   0   0   0   0   0   0   0   0   0   0   0   0   0   0   0
  8T   1   1   1   1   1   1   1   1   1   1   1   1   1   1   1   1   1   1   1   1   1   0   0   0   0
  9T   0   0   0   0   0   0   0   0   0   0   0   0   0   0   0   1   1   1   1   1   0   0   0   0   0
 10T   0   0   0   0   0   0   0   0   0   0   0   0   0   0   0   0   0   0   1   1   1   0   0   0   0
 11T   1   1   1   1   1   1   1   1   1   1   1   1   1   1   1   1   1   1   1   1   1   0   0   0   0
 12T   0   0   0   0   0   1   1   1   1   1   1   1   1   1   1   1   1   1   1   1   1   1   1   0   0
 13T   1   1   1   1   1   1   1   1   1   1   1   1   0   0   0   0   0   0   0   0   0   0   0   0   0
 14T   1   1   1   1   1   1   1   1   1   1   1   1   1   1   1   1   1   1   1   1   1   1   1   1   1
 15T   1   1   1   1   1   1   1   1   1   1   1   1   1   1   1   0   0   0   0   0   0   0   0   0   0
