Number of Tool Switches: 28 

Time elapsed: 8.743619 
Tool Sequence:
      5J  2J 20J  6J 11J 17J 16J  1J  8J  7J 15J 13J  9J 12J 18J 19J 14J  3J  4J 10J
  1T   0   0   0   0   0   0   0   0   0   0   0   0   1   1   1   1   1   1   1   0
  2T   0   0   0   0   0   0   0   0   0   0   0   1   0   0   0   0   0   0   0   0
  3T   1   1   1   1   1   1   1   1   1   1   1   1   1   1   1   1   1   1   1   1
  4T   1   1   1   1   1   1   1   1   1   1   1   0   0   0   0   0   0   0   0   0
  5T   1   1   1   1   1   1   1   1   1   0   0   0   0   0   0   0   0   0   0   0
  6T   0   0   0   0   0   0   0   0   0   0   0   0   0   0   0   1   1   0   0   0
  7T   1   1   1   1   1   1   1   1   1   1   1   1   1   1   1   1   1   1   1   0
  8T   1   1   1   1   1   1   1   1   1   1   1   1   1   1   1   1   1   1   1   0
  9T   0   0   0   0   0   0   1   1   1   1   1   1   1   1   1   0   0   0   0   0
 10T   1   1   1   0   0   0   0   0   0   0   0   0   0   0   0   0   0   0   0   0
 11T   1   1   1   1   1   1   1   1   1   1   0   0   0   0   0   0   0   0   0   0
 12T   1   1   1   1   1   0   0   0   0   0   0   0   1   1   1   1   1   1   1   1
 13T   1   1   1   1   1   1   1   1   1   1   1   1   1   1   1   1   1   1   1   1
 14T   1   1   1   1   1   1   1   1   1   1   1   1   1   1   1   1   0   0   0   0
 15T   1   1   1   1   1   1   1   1   1   1   1   1   1   0   0   0   0   0   0   0
 16T   0   0   0   0   0   0   0   1   1   1   1   1   1   1   0   0   0   0   0   0
 17T   1   1   1   1   1   0   0   0   0   0   0   0   0   0   0   0   1   1   1   1
 18T   1   1   1   1   1   1   1   1   1   1   1   1   1   1   1   1   0   0   0   0
 19T   0   0   0   0   0   0   0   0   0   1   1   1   1   1   1   1   1   1   1   1
 20T   0   0   0   0   0   1   1   1   1   1   1   1   1   1   1   1   1   1   0   0
 21T   1   1   1   1   1   1   1   0   0   0   0   0   0   0   0   0   0   0   0   0
 22T   0   0   0   0   0   1   1   1   1   1   1   1   1   1   1   1   1   1   1   1
 23T   0   0   0   1   1   1   1   1   1   1   1   1   1   1   1   1   1   1   1   0
 24T   0   0   0   0   0   0   0   0   0   0   0   0   0   0   1   1   1   1   1   1
 25T   1   1   1   1   1   1   0   0   0   0   0   1   0   0   0   0   0   0   0   0
