Number of Tool Switches: 21 

Time elapsed: 3.078708 
Tool Sequence:
     12J  4J  7J  3J  8J 18J 16J  1J 11J  2J  5J 20J 17J  6J  9J 10J 19J 13J 15J 14J
  1T   1   1   1   1   1   1   1   1   1   1   1   1   1   1   1   1   1   1   0   0
  2T   0   0   0   0   0   0   0   1   1   1   1   1   1   1   1   1   1   1   1   0
  3T   1   1   1   1   1   1   1   1   1   1   1   1   1   1   1   1   1   0   0   0
  4T   1   1   1   1   0   0   0   0   0   0   0   0   0   0   0   1   1   1   0   0
  5T   1   1   1   1   1   1   1   1   1   1   1   1   1   0   0   0   0   0   0   0
  6T   1   1   1   1   1   1   1   1   1   1   1   1   1   1   1   1   0   0   0   0
  7T   1   1   1   1   1   1   1   1   1   1   1   1   1   1   1   1   1   1   1   1
  8T   1   1   1   1   1   1   1   1   1   1   1   1   1   1   1   1   0   0   0   0
  9T   1   1   1   1   1   1   1   1   1   1   1   1   1   1   1   1   1   0   0   0
 10T   1   1   1   1   1   1   1   1   1   1   1   1   1   1   1   1   1   1   1   0
 11T   1   1   1   1   1   1   1   0   0   0   0   0   0   0   0   0   0   0   0   0
 12T   1   1   1   1   1   1   1   1   1   1   1   1   1   1   1   1   1   1   1   0
 13T   0   0   0   0   0   0   0   0   0   0   0   0   1   1   1   1   1   1   1   1
 14T   1   1   1   1   1   1   1   1   1   1   1   1   0   0   0   0   0   0   0   0
 15T   1   1   1   1   1   1   1   1   1   1   1   1   1   1   1   1   1   1   1   0
 16T   1   1   1   1   1   1   1   1   1   1   1   1   1   1   1   0   0   0   0   0
 17T   1   1   1   1   1   1   1   1   1   1   1   1   1   1   1   1   1   1   1   1
 18T   0   0   0   0   1   1   1   1   0   0   0   0   0   0   0   0   0   0   0   0
 19T   0   0   0   0   0   0   0   0   1   1   1   1   1   1   1   1   1   1   0   0
 20T   0   0   0   0   0   0   0   0   0   0   0   0   0   1   1   1   1   1   1   0
