Number of Tool Switches: 23 

Time elapsed: 4.273047 
Tool Sequence:
      1J 10J 15J  9J 13J 16J 18J  3J  8J 17J 12J 20J 14J  7J  6J  4J  5J 19J  2J 11J
  1T   1   1   1   1   1   1   1   0   0   1   1   1   1   1   1   1   1   1   0   0
  2T   1   1   1   1   1   1   1   1   1   1   1   1   0   0   0   0   0   0   0   0
  3T   1   1   1   1   1   1   1   1   1   1   1   1   1   1   1   1   1   1   1   1
  4T   0   0   0   0   1   1   1   1   0   0   0   0   0   0   0   0   0   0   1   1
  5T   1   1   1   1   0   0   0   0   0   0   0   0   1   1   1   1   1   1   1   0
  6T   0   0   1   1   1   1   1   1   1   1   1   1   1   1   1   1   1   1   1   1
  7T   1   0   0   0   0   0   0   0   0   0   0   0   0   0   1   1   1   0   0   0
  8T   0   1   1   1   1   1   1   1   1   1   1   1   0   0   0   0   0   0   0   0
  9T   1   1   1   1   1   0   0   0   0   0   0   1   1   1   1   1   1   1   1   1
 10T   0   0   0   0   0   0   0   1   1   1   1   1   1   1   1   1   1   1   1   1
 11T   1   1   1   1   1   1   1   1   1   1   1   0   0   0   0   0   1   1   1   1
 12T   1   1   1   1   1   1   1   1   1   1   1   1   1   1   1   0   0   0   0   0
 13T   1   1   1   1   1   1   1   1   1   0   0   0   0   0   0   1   0   0   0   0
 14T   1   1   0   0   0   0   0   0   1   1   1   1   1   1   1   1   1   1   1   1
 15T   0   0   0   0   0   1   1   1   1   1   1   1   1   1   1   1   1   1   1   1
