Number of Tool Switches: 64 

Time elapsed: 14.898005 
Tool Sequence:
     16J  4J 20J  7J  1J  6J  5J 17J 18J 15J  9J 14J  3J 10J 12J 19J  2J 11J  8J 13J
  1T   0   0   0   1   1   1   0   0   1   1   1   1   1   1   1   1   0   0   0   0
  2T   1   1   1   1   1   1   1   1   1   1   1   1   1   1   1   0   0   1   0   0
  3T   0   0   0   0   0   0   0   0   0   0   0   0   1   1   1   1   1   1   1   0
  4T   1   1   1   0   0   1   0   0   0   0   1   1   1   1   1   1   1   1   1   1
  5T   1   1   1   1   1   1   1   0   0   0   0   0   0   0   0   0   0   0   1   0
  6T   0   0   0   1   1   1   1   1   1   1   1   1   1   1   0   0   1   1   1   1
  7T   1   1   1   0   0   0   0   1   0   0   0   1   1   1   1   1   1   0   1   1
  8T   1   1   1   1   0   0   1   1   1   1   1   1   1   1   1   0   0   1   0   0
  9T   1   1   1   0   0   0   0   1   1   1   1   1   1   1   0   0   0   0   1   1
 10T   0   0   1   1   1   0   0   0   1   1   1   1   1   1   1   1   1   0   0   1
 11T   1   0   0   1   0   0   0   1   0   0   0   0   1   1   1   1   0   0   0   0
 12T   1   1   1   1   1   0   0   0   0   0   0   0   0   0   0   0   1   1   1   1
 13T   1   1   1   1   1   1   1   1   1   1   1   1   1   0   0   0   0   0   0   1
 14T   0   1   1   1   1   1   1   1   1   1   0   0   0   1   1   1   1   1   0   0
 15T   0   1   0   0   0   0   0   0   1   1   1   1   1   1   1   1   1   0   1   1
 16T   0   0   0   0   1   1   1   1   1   1   1   0   0   0   0   0   0   1   1   1
 17T   1   1   1   0   1   1   1   0   0   0   1   1   1   1   1   1   1   1   1   1
 18T   1   1   1   1   1   1   1   1   1   1   1   1   0   0   0   1   1   1   1   1
 19T   1   1   1   1   0   0   1   0   0   1   1   1   1   1   0   0   0   1   1   0
 20T   0   0   0   1   1   1   1   1   0   0   1   1   0   0   1   1   1   0   0   1
 21T   0   0   0   0   0   1   1   1   1   1   0   0   0   0   0   1   1   1   1   0
 22T   1   1   1   1   1   1   0   0   0   1   0   0   0   0   1   1   1   1   1   1
 23T   1   0   0   0   1   1   1   1   1   1   1   1   1   1   1   1   1   1   0   0
 24T   1   1   1   1   1   1   1   1   1   0   0   0   0   0   0   0   0   0   0   1
 25T   0   0   0   0   0   0   1   1   1   0   0   0   0   0   1   1   1   1   1   1
