Number of Tool Switches: 23 

Time elapsed: 4.373402 
Tool Sequence:
     13J  5J  4J 20J 14J 12J 16J 18J  2J  6J 15J  3J 10J 11J  8J 17J 19J  1J  9J  7J
  1T   0   0   0   0   0   0   0   0   0   0   0   1   1   1   1   1   1   1   1   1
  2T   0   0   0   0   0   0   0   1   1   1   1   1   1   1   1   1   1   1   1   1
  3T   0   0   1   1   1   1   1   1   1   0   0   0   0   0   0   0   0   0   0   0
  4T   1   1   1   1   1   1   1   0   0   0   0   0   0   1   1   1   1   1   1   1
  5T   1   1   1   1   1   1   1   1   1   1   1   0   0   0   1   1   1   1   1   1
  6T   1   1   1   1   1   1   1   1   1   1   1   1   1   1   0   0   0   0   0   0
  7T   1   1   0   0   0   0   0   0   0   0   0   1   1   1   1   1   1   0   0   0
  8T   0   0   0   0   1   1   1   1   1   1   1   1   1   1   1   1   1   1   1   0
  9T   0   0   0   0   0   1   1   1   1   1   1   1   1   1   1   1   1   1   0   0
 10T   1   1   1   1   1   1   1   1   1   1   1   1   1   1   1   1   1   0   0   0
 11T   1   1   1   1   1   1   1   1   1   1   1   0   0   0   0   0   0   1   1   1
 12T   1   1   1   1   1   1   1   1   1   1   1   1   1   0   0   0   0   0   1   1
 13T   1   1   1   1   0   0   0   0   0   0   0   0   0   0   0   1   1   1   1   0
 14T   1   1   1   1   1   1   1   1   1   1   1   1   1   1   1   1   1   1   1   0
 15T   1   1   1   1   1   0   0   0   0   1   1   1   1   1   1   0   0   1   0   0
