Number of Tool Switches: 22 

Time elapsed: 10.275676 
Tool Sequence:
     15J 23J 19J 10J  6J 14J 25J 20J 21J  2J  8J  7J 12J 22J 24J 13J  4J  9J  5J 18J 16J 11J 17J  1J  3J
  1T   1   1   1   1   1   1   1   1   1   1   1   1   1   1   1   1   1   1   1   1   1   1   1   1   1
  2T   1   1   1   1   1   1   1   0   0   0   0   0   0   0   0   0   0   0   0   1   1   1   1   1   1
  3T   1   1   1   1   1   1   1   1   1   1   1   1   1   1   1   1   1   1   1   1   1   1   1   1   0
  4T   1   1   1   1   1   1   1   1   1   1   1   1   1   1   1   1   0   0   0   0   0   0   0   0   0
  5T   0   0   0   0   0   0   0   1   1   1   1   1   1   1   1   1   1   1   1   1   1   1   1   0   0
  6T   0   0   0   0   0   0   0   0   0   0   1   1   1   1   1   1   1   1   1   1   1   1   1   1   1
  7T   0   0   0   0   0   0   0   0   0   0   0   0   0   0   1   1   1   1   1   1   1   0   0   0   0
  8T   1   1   1   1   1   0   0   0   0   0   0   0   0   0   0   0   0   0   0   0   0   0   0   0   0
  9T   1   1   1   1   1   1   1   1   1   1   1   1   1   1   1   1   1   1   1   1   1   1   1   1   1
 10T   1   1   1   1   1   1   1   1   1   1   1   1   0   0   0   0   0   0   0   0   0   0   0   0   0
 11T   1   1   1   1   1   1   1   1   1   1   1   0   0   0   0   0   0   0   0   0   0   0   0   0   0
 12T   0   0   0   0   0   0   0   0   0   0   0   0   0   0   0   0   1   1   1   1   0   0   0   0   0
 13T   0   0   0   0   0   1   1   1   1   1   1   1   1   0   0   0   0   0   0   0   0   0   0   0   0
 14T   0   0   0   0   0   0   0   0   0   0   0   0   1   1   1   1   1   1   1   1   1   1   1   0   0
 15T   1   1   1   1   1   1   1   0   0   0   0   0   0   0   0   0   0   0   0   0   0   0   0   0   0
 16T   0   0   0   0   0   0   0   1   1   1   0   0   0   0   0   0   0   0   0   0   0   0   1   1   1
 17T   0   0   0   0   0   0   0   0   0   0   0   0   0   0   0   0   0   0   0   0   0   1   1   1   0
 18T   0   0   0   0   0   0   0   0   0   0   0   1   1   1   1   1   1   0   0   0   0   0   0   0   0
 19T   1   1   1   1   1   1   1   1   1   1   1   1   1   1   1   1   1   1   1   1   1   1   1   1   0
 20T   0   0   0   0   0   0   0   0   0   0   0   0   0   0   0   0   0   0   0   0   0   1   0   0   0
