Number of Tool Switches: 48 

Time elapsed: 0.005940 
Tool Sequence:
      5J  4J  1J 10J 14J  8J  6J 15J 12J  7J 13J  2J  9J 11J  3J
  1T   0   0   0   0   0   0   0   0   0   0   0   0   0   1   1
  2T   0   0   0   0   0   0   1   1   1   1   1   0   0   0   0
  3T   1   1   1   1   0   0   0   1   1   1   1   0   0   0   0
  4T   1   1   0   0   0   0   0   1   1   0   0   0   0   0   1
  5T   0   0   0   1   1   0   0   0   0   0   0   0   0   1   1
  6T   0   0   0   0   0   0   0   0   0   1   1   1   1   1   0
  7T   0   0   0   0   1   1   1   1   1   1   0   0   0   0   0
  8T   0   0   0   0   0   0   1   0   1   1   1   0   0   1   1
  9T   0   0   0   0   0   0   0   1   0   0   0   0   0   0   1
 10T   1   1   1   1   1   1   1   1   0   0   0   0   0   0   1
 11T   1   1   1   1   1   1   1   0   0   0   0   1   1   0   0
 12T   1   1   0   0   0   0   0   0   1   0   0   0   0   0   0
 13T   0   0   0   1   1   1   1   1   1   1   1   1   1   0   0
 14T   1   1   0   0   1   1   1   0   0   1   1   1   1   1   1
 15T   0   0   0   0   0   0   0   1   1   1   1   1   1   1   0
 16T   1   1   1   1   0   0   0   0   0   0   1   1   1   1   1
 17T   0   0   1   1   1   1   0   0   0   0   0   0   1   1   1
 18T   1   1   1   0   0   0   0   0   0   0   0   1   1   0   0
 19T   0   0   1   0   0   0   0   0   0   0   0   0   0   1   0
 20T   1   1   1   1   1   1   1   0   0   0   0   0   1   1   0
 21T   0   0   0   0   0   0   0   1   0   0   0   0   0   0   1
 22T   0   0   1   1   1   1   1   0   0   1   0   0   0   0   0
 23T   1   1   1   0   0   0   0   0   1   1   1   1   1   0   0
 24T   0   0   0   0   1   1   0   0   0   0   1   1   0   0   0
 25T   0   0   0   1   0   1   1   1   1   0   0   1   0   0   0
