Number of Tool Switches: 46 

Time elapsed: 0.006096 
Tool Sequence:
      1J 11J  9J  8J  3J 12J 15J 10J  7J 13J  6J 14J  2J  4J  5J
  1T   1   1   1   1   1   1   1   0   0   0   0   0   0   0   0
  2T   1   1   1   1   1   0   1   1   1   1   1   1   1   1   0
  3T   1   0   0   0   0   0   0   0   0   0   0   1   0   0   0
  4T   1   1   1   0   0   0   0   0   0   0   0   0   0   0   0
  5T   0   0   0   0   0   1   0   0   0   0   0   0   0   0   1
  6T   1   1   0   0   0   1   1   1   1   1   1   1   0   0   0
  7T   0   0   0   1   1   1   0   0   0   0   0   0   0   1   1
  8T   0   0   1   0   0   0   0   0   0   0   0   1   1   1   0
  9T   0   0   0   0   0   1   1   1   1   1   1   1   1   1   1
 10T   0   0   1   1   1   0   1   1   1   1   1   1   1   1   1
 11T   1   1   1   1   0   0   0   1   1   0   0   0   0   1   1
 12T   0   0   0   0   1   1   1   1   1   1   0   0   0   0   1
 13T   0   0   0   0   0   0   0   0   0   0   1   1   1   1   1
 14T   0   0   0   0   0   0   0   1   1   1   0   0   1   0   0
 15T   0   0   1   1   1   1   1   1   1   0   0   0   1   0   0
 16T   0   0   1   1   0   0   0   0   0   0   1   1   1   1   1
 17T   0   0   1   1   1   0   1   1   1   1   1   0   0   0   0
 18T   1   1   0   0   1   1   1   1   1   0   0   0   0   0   0
 19T   1   1   0   1   1   1   1   0   0   0   0   0   0   0   0
 20T   1   1   0   0   0   0   0   0   0   1   0   0   0   1   1
 21T   0   0   0   0   0   0   0   0   0   1   1   0   0   0   0
 22T   0   1   1   1   0   0   0   0   0   1   1   1   1   0   0
 23T   0   0   0   0   0   0   0   0   0   0   0   1   1   1   1
 24T   0   0   0   0   0   1   0   0   0   0   0   0   0   0   0
 25T   1   1   0   0   1   0   0   0   0   0   1   0   0   0   0
