Number of Tool Switches: 27 

Time elapsed: 0.006521 
Tool Sequence:
      8J  2J  1J  6J  9J 10J 13J  7J 12J  4J 14J  3J 11J  5J 15J
  1T   1   1   1   1   1   1   1   1   1   1   1   1   1   1   1
  2T   1   1   1   1   1   1   1   1   1   1   1   1   1   1   1
  3T   1   1   1   1   1   1   1   1   1   1   1   1   1   1   1
  4T   1   1   1   1   1   0   0   0   0   0   0   0   1   1   1
  5T   0   0   0   1   1   1   1   1   1   1   1   1   1   1   1
  6T   0   0   0   1   1   1   1   1   1   1   1   1   1   1   1
  7T   1   1   1   1   1   1   1   1   0   0   0   0   0   1   1
  8T   1   1   1   1   1   0   0   0   0   1   1   0   0   0   1
  9T   0   0   0   0   0   1   1   1   1   1   1   1   1   1   1
 10T   1   1   1   0   0   0   0   0   0   0   0   1   1   1   1
 11T   1   1   1   1   1   1   1   1   1   1   1   1   1   1   0
 12T   1   1   1   0   0   0   0   0   1   1   1   1   1   1   1
 13T   0   0   0   0   0   0   0   0   1   1   1   1   0   0   0
 14T   1   1   1   1   1   1   1   1   1   1   1   1   1   1   1
 15T   1   1   1   1   1   1   1   1   1   1   1   1   1   1   1
 16T   1   1   1   1   1   1   1   1   1   1   1   1   1   0   0
 17T   1   1   1   1   1   1   1   1   1   0   0   0   0   0   1
 18T   1   1   1   1   1   1   1   1   0   0   0   0   0   0   0
 19T   0   0   0   0   0   1   1   1   1   1   1   1   1   1   0
 20T   1   1   1   1   1   1   1   1   1   1   1   1   1   1   1
