Number of Tool Switches: 40 

Time elapsed: 0.007680 
Tool Sequence:
      1J  6J  7J  3J  8J 10J 15J 14J  9J  5J  4J 12J 11J 13J  2J
  1T   0   0   0   0   1   0   0   1   1   1   0   0   1   1   1
  2T   1   1   1   1   1   1   1   1   1   1   1   1   1   1   1
  3T   1   1   1   1   1   1   1   1   1   1   1   1   1   1   1
  4T   1   1   1   1   1   1   1   1   0   0   1   1   1   1   1
  5T   1   1   1   1   1   1   1   1   1   1   0   0   0   0   1
  6T   1   1   1   1   1   1   1   1   1   1   1   1   1   1   1
  7T   1   1   1   1   1   1   1   0   1   1   1   1   1   0   1
  8T   1   1   1   1   0   0   0   1   1   1   1   1   1   0   1
  9T   0   0   0   0   0   0   0   1   1   1   1   1   1   1   0
 10T   1   1   1   1   1   1   1   1   1   1   1   1   0   0   0
 11T   1   1   1   1   1   1   1   1   0   1   1   1   1   1   1
 12T   1   1   1   1   1   1   1   1   0   0   1   1   1   1   1
 13T   0   0   0   0   1   1   1   1   0   1   1   1   1   1   1
 14T   1   1   1   1   0   0   0   0   0   0   1   1   1   1   1
 15T   1   1   1   1   1   1   1   1   1   1   1   0   1   1   0
 16T   0   0   0   0   0   0   0   0   1   1   1   1   0   1   1
 17T   0   0   0   0   0   1   1   1   1   0   0   1   1   1   1
 18T   1   1   1   1   1   1   1   0   1   1   1   0   1   1   0
 19T   1   1   1   1   1   1   1   1   1   0   0   0   0   1   1
 20T   1   1   1   1   1   1   1   0   1   1   0   1   0   0   0
