Number of Tool Switches: 25 

Time elapsed: 0.005073 
Tool Sequence:
      7J 10J 11J  5J 12J 14J  8J  3J  6J 15J  4J  2J  9J 13J  1J
  1T   1   1   1   1   1   1   1   1   1   1   1   1   1   1   1
  2T   1   1   1   1   1   1   1   1   1   1   1   1   1   1   1
  3T   0   0   0   0   0   0   0   1   1   1   1   1   1   1   1
  4T   1   1   1   1   1   1   1   1   1   1   1   1   1   1   1
  5T   0   0   0   0   0   0   0   0   0   0   0   1   1   1   1
  6T   1   1   1   1   1   1   1   1   1   1   1   1   1   1   1
  7T   1   1   1   1   1   1   1   1   1   1   1   1   1   1   1
  8T   1   1   1   1   1   1   1   1   1   1   1   1   1   1   1
  9T   1   1   1   1   1   1   1   1   1   1   1   1   0   0   0
 10T   1   1   1   1   1   1   1   1   0   0   0   0   0   0   0
 11T   1   1   1   1   1   1   1   0   0   0   0   0   0   0   0
 12T   0   0   0   0   0   0   1   1   0   0   0   0   0   0   0
 13T   0   0   0   0   0   0   0   1   1   1   0   0   0   0   0
 14T   0   0   0   0   0   0   0   0   1   0   0   0   0   0   0
 15T   1   1   1   1   1   1   0   0   0   0   0   0   0   0   0
 16T   0   0   0   0   0   0   0   0   1   1   1   1   1   1   1
 17T   1   1   1   1   1   1   0   0   0   0   0   0   0   0   0
 18T   0   0   0   0   0   0   0   0   0   0   0   0   1   1   1
 19T   1   1   1   1   1   1   1   1   1   1   1   1   1   1   1
 20T   1   1   1   1   1   1   1   0   0   0   0   0   0   0   0
 21T   0   0   0   0   0   0   1   1   1   1   1   1   1   1   1
 22T   1   1   1   1   1   1   1   1   1   1   1   1   1   1   1
 23T   0   0   0   0   0   0   0   0   0   0   1   1   1   1   1
 24T   0   0   0   0   0   0   0   0   0   1   1   0   0   0   0
 25T   1   1   1   1   1   1   1   1   1   1   1   1   1   1   1
