Number of Tool Switches: 42 

Time elapsed: 0.006302 
Tool Sequence:
      2J  4J  5J  9J 15J 10J  3J 12J 13J 11J  7J  8J  6J 14J  1J
  1T   0   0   0   0   0   0   0   0   0   0   0   1   1   1   1
  2T   0   0   0   0   0   1   1   1   1   1   1   1   1   1   1
  3T   1   1   1   1   1   1   1   0   0   0   0   0   1   1   1
  4T   1   1   1   1   1   0   0   0   1   1   1   1   0   0   0
  5T   1   1   1   1   1   1   0   0   1   1   1   1   0   0   1
  6T   0   0   0   0   0   0   0   0   0   1   1   0   0   0   1
  7T   0   0   0   1   1   1   1   1   1   1   1   1   1   1   0
  8T   1   1   1   0   0   0   1   1   1   0   0   0   0   0   1
  9T   0   0   1   1   0   0   0   0   0   0   1   1   1   1   0
 10T   0   0   0   0   0   1   1   0   0   1   1   1   1   1   1
 11T   0   0   0   0   1   1   1   1   1   1   1   1   1   1   0
 12T   1   1   1   1   1   0   1   0   1   1   1   0   0   1   1
 13T   0   0   0   0   0   0   0   1   1   1   0   0   0   0   0
 14T   1   1   1   1   1   1   0   1   1   1   1   0   0   1   0
 15T   1   1   0   0   0   0   0   1   0   0   0   1   0   0   1
 16T   1   1   1   1   1   1   1   1   0   0   0   0   1   0   0
 17T   1   1   0   0   0   0   1   1   0   0   0   1   1   0   0
 18T   0   0   1   1   1   0   0   1   1   0   0   0   0   0   0
 19T   0   0   0   0   0   1   1   0   0   0   0   0   1   1   1
 20T   1   1   1   1   1   1   0   0   0   0   0   0   0   0   0
