Number of Tool Switches: 45 

Time elapsed: 0.006498 
Tool Sequence:
      5J  3J 10J  6J  8J  2J  4J 14J 12J  9J  1J 11J 15J 13J  7J
  1T   1   1   1   1   1   1   1   1   1   0   0   0   0   0   1
  2T   1   1   1   1   1   1   1   1   1   1   1   0   0   0   1
  3T   1   1   1   1   1   1   1   1   1   1   1   0   0   0   0
  4T   1   1   1   0   0   0   0   0   0   0   0   1   0   1   1
  5T   1   1   1   1   1   1   1   0   0   0   1   1   1   1   1
  6T   1   1   0   0   0   0   1   1   1   1   1   1   1   1   0
  7T   1   1   0   0   0   0   0   1   1   1   0   0   0   1   1
  8T   1   1   1   1   1   1   1   1   1   1   1   1   1   0   0
  9T   1   1   1   1   1   1   0   0   1   1   1   1   1   1   1
 10T   1   1   1   1   0   0   0   0   0   1   1   1   1   1   0
 11T   0   0   1   1   1   1   1   1   1   1   1   1   0   0   1
 12T   0   0   0   1   0   0   0   0   0   0   1   1   1   1   1
 13T   0   0   0   0   0   0   0   1   1   1   1   1   1   1   1
 14T   1   1   1   1   1   1   1   1   1   1   1   1   1   0   0
 15T   1   1   1   0   0   0   0   0   0   0   0   0   0   0   0
 16T   0   0   0   0   1   1   1   1   1   1   1   1   0   0   1
 17T   1   1   1   1   1   1   1   0   0   0   0   1   0   1   1
 18T   0   0   1   1   1   1   1   1   1   1   1   1   1   0   0
 19T   0   0   0   0   0   0   0   0   0   0   0   0   1   1   1
 20T   1   1   0   0   0   0   0   0   0   0   0   0   1   1   1
 21T   0   0   0   1   1   1   1   1   1   1   1   1   1   1   0
 22T   1   1   0   0   1   1   1   1   1   1   1   1   1   0   0
 23T   0   0   1   1   1   1   1   1   0   0   0   0   1   1   1
 24T   0   0   0   0   0   0   1   1   1   1   0   0   0   1   0
 25T   0   0   1   1   1   1   0   0   0   0   0   0   1   1   1
