Number of Tool Switches: 20 

Time elapsed: 0.006221 
Tool Sequence:
     11J  6J  7J 14J  8J  1J  4J 12J  5J 13J  3J 15J  9J 10J  2J
  1T   1   1   1   1   1   1   1   1   1   1   1   1   1   0   0
  2T   0   0   0   0   0   0   0   1   1   1   1   1   1   1   1
  3T   0   0   0   0   0   0   1   1   1   1   1   1   1   1   1
  4T   0   0   0   0   0   0   0   1   1   1   1   1   1   1   1
  5T   1   1   1   1   1   1   1   1   1   1   1   1   1   1   1
  6T   1   1   1   1   1   1   1   0   0   1   1   1   1   1   1
  7T   1   1   1   1   1   1   1   0   0   0   1   1   1   1   1
  8T   1   1   1   1   1   1   1   1   1   1   0   0   0   0   1
  9T   0   0   0   0   0   0   1   1   1   0   0   0   0   0   0
 10T   1   1   1   1   1   1   0   0   0   0   0   0   0   0   0
 11T   1   1   1   1   1   1   0   0   0   0   0   0   1   1   1
 12T   1   1   1   1   1   1   1   1   1   1   1   1   1   1   1
 13T   0   0   0   0   0   0   0   0   0   0   1   1   1   1   1
 14T   1   1   1   1   1   1   1   1   1   1   1   1   0   0   0
 15T   1   1   1   1   1   1   1   1   1   1   0   0   0   1   0
