Number of Tool Switches: 34 

Time elapsed: 0.006196 
Tool Sequence:
      5J  2J  6J 15J 11J  3J 10J  7J  4J 14J 13J  9J 12J  8J  1J
  1T   1   1   1   1   1   1   1   0   0   0   0   0   0   0   1
  2T   0   0   0   0   0   0   0   1   1   1   1   1   1   1   1
  3T   0   0   0   0   1   1   1   1   1   1   1   1   1   1   1
  4T   0   0   0   0   0   1   1   1   1   1   1   1   1   1   1
  5T   1   1   1   1   1   1   1   1   0   0   0   0   0   1   1
  6T   1   1   1   1   1   1   1   1   1   1   1   1   1   1   1
  7T   1   1   1   1   1   1   1   1   1   1   1   1   1   1   1
  8T   0   0   0   0   0   0   0   0   0   1   1   1   1   1   1
  9T   1   1   1   1   0   0   0   0   0   0   0   1   1   1   1
 10T   0   0   0   0   0   0   0   1   1   1   1   1   1   1   1
 11T   1   1   0   0   0   0   0   0   0   1   1   1   1   1   1
 12T   0   0   0   0   0   0   0   0   0   0   1   1   1   1   1
 13T   1   1   1   1   1   1   1   0   0   0   0   0   0   0   0
 14T   1   1   1   0   0   0   0   0   1   1   1   0   0   0   0
 15T   1   1   1   1   1   1   1   1   1   0   0   0   1   0   0
 16T   1   1   1   0   0   0   0   1   1   0   0   1   1   0   0
 17T   0   0   0   1   1   1   1   1   1   1   1   1   0   0   0
 18T   0   0   0   0   1   1   1   0   0   0   0   0   0   0   0
 19T   1   1   1   1   1   1   1   1   1   1   1   1   1   1   1
 20T   1   1   1   1   1   1   1   1   1   1   1   1   1   1   0
 21T   1   1   1   1   1   0   0   0   0   0   0   0   0   0   0
 22T   1   1   1   1   0   0   0   0   0   0   0   0   0   1   1
 23T   0   0   0   1   1   1   1   1   1   1   1   1   1   1   1
 24T   0   0   1   1   1   1   1   1   1   1   1   0   0   0   0
 25T   1   1   1   1   1   1   1   1   1   1   0   0   0   0   0
