Number of Tool Switches: 25 

Time elapsed: 0.005347 
Tool Sequence:
      3J  2J 13J  1J 10J 12J 15J  6J 14J  5J  4J  7J  8J 11J  9J
  1T   1   1   1   1   1   1   1   1   1   1   1   1   1   1   1
  2T   0   0   0   0   0   0   0   0   0   0   0   0   1   1   1
  3T   1   1   1   1   1   1   1   1   1   1   1   1   1   1   1
  4T   1   1   1   1   1   1   1   1   1   1   1   1   1   1   1
  5T   1   1   1   1   1   1   1   1   1   1   1   1   1   1   1
  6T   1   1   1   1   1   1   1   1   1   1   1   1   1   1   1
  7T   1   1   1   1   1   1   1   1   1   1   1   1   1   1   1
  8T   1   1   1   1   1   1   1   1   1   1   1   1   1   1   1
  9T   1   1   1   1   1   1   1   1   1   1   1   1   1   1   1
 10T   1   1   1   1   1   1   1   1   1   1   1   1   1   1   1
 11T   1   1   1   1   1   1   1   1   1   1   0   0   0   0   0
 12T   0   0   0   0   0   0   0   0   0   0   1   1   1   0   0
 13T   0   0   0   0   0   0   0   0   0   0   1   1   1   1   1
 14T   1   1   1   1   1   1   1   1   1   1   1   1   1   1   1
 15T   0   0   0   0   0   0   0   0   0   0   0   0   0   1   1
 16T   0   0   0   0   0   0   0   0   0   0   0   1   1   1   1
 17T   1   1   1   1   1   1   1   1   1   1   1   1   1   1   1
 18T   1   1   1   1   1   1   1   1   1   1   1   1   0   0   0
 19T   1   1   1   1   1   1   1   1   1   1   1   1   1   1   1
 20T   1   1   1   1   1   1   1   1   1   1   1   1   1   1   1
 21T   1   1   1   1   1   1   1   1   1   1   1   1   1   1   1
 22T   1   1   1   1   1   1   1   1   1   1   0   0   0   0   0
 23T   1   1   1   1   1   1   1   1   1   1   1   0   0   0   0
 24T   1   1   1   1   1   1   1   1   1   1   1   1   1   1   1
 25T   1   1   1   1   1   1   1   1   1   1   1   1   1   1   1
