Number of Tool Switches: 20 

Time elapsed: 0.005536 
Tool Sequence:
      3J 14J  7J 10J 11J  9J  6J  4J 13J 12J  2J  8J  5J  1J 15J
  1T   1   1   1   1   0   0   0   0   0   0   0   0   0   0   0
  2T   1   1   1   1   1   1   1   1   1   1   1   1   1   1   1
  3T   1   1   1   1   1   1   1   1   1   1   1   1   1   1   1
  4T   0   0   0   0   0   0   0   0   0   0   0   0   0   0   1
  5T   0   0   0   0   0   0   0   0   0   0   0   0   0   1   1
  6T   1   1   1   1   1   1   1   1   1   1   1   1   1   1   1
  7T   0   0   0   0   0   0   0   0   0   0   0   1   1   1   1
  8T   0   0   0   0   0   0   0   0   0   1   1   1   1   1   1
  9T   1   1   1   1   0   0   0   0   0   0   0   0   0   0   0
 10T   0   0   0   0   1   1   1   1   1   1   1   1   1   1   1
 11T   1   1   1   1   1   1   1   1   1   1   1   1   1   1   1
 12T   1   1   1   1   0   0   0   0   0   0   0   0   0   0   0
 13T   0   0   0   0   1   1   1   1   0   0   0   0   0   0   0
 14T   1   1   1   1   1   1   1   1   1   1   1   0   0   0   0
 15T   1   1   1   1   1   1   1   1   1   1   1   1   1   1   1
 16T   0   0   0   0   0   0   0   0   1   1   1   1   1   1   0
 17T   0   0   0   0   1   1   1   0   0   0   0   0   0   0   0
 18T   0   0   0   0   0   0   0   1   1   0   0   0   0   0   0
 19T   0   0   0   0   0   0   0   0   0   0   0   0   1   0   0
 20T   1   1   1   1   1   1   1   1   1   1   1   1   0   0   0
