Number of Tool Switches: 30 

Time elapsed: 0.007800 
Tool Sequence:
     14J  6J  2J  7J  5J 11J 15J 10J  3J 13J 12J  4J  9J  8J  1J
  1T   1   1   1   1   1   1   1   1   1   1   1   1   1   1   1
  2T   1   1   1   1   1   1   1   1   1   1   1   1   1   1   1
  3T   1   1   1   1   1   1   1   1   1   1   1   1   1   1   1
  4T   1   1   1   1   1   1   1   1   1   0   0   0   0   0   0
  5T   1   1   1   1   1   1   1   1   0   0   0   0   0   0   0
  6T   1   1   1   1   1   1   1   1   1   1   1   1   1   1   1
  7T   1   1   1   1   0   0   0   0   0   0   1   1   1   1   1
  8T   0   0   0   0   1   1   1   1   1   1   1   1   1   1   1
  9T   1   1   1   1   1   1   1   1   1   1   1   1   1   1   1
 10T   0   0   0   0   0   0   0   1   1   1   1   1   1   1   1
 11T   0   0   0   0   1   1   1   1   1   1   1   1   1   1   1
 12T   1   1   1   1   1   1   1   0   0   0   0   0   0   0   1
 13T   1   1   1   1   0   0   0   0   0   1   1   1   1   1   1
 14T   1   1   1   1   1   1   1   0   0   0   0   0   1   1   1
 15T   0   0   0   0   0   0   0   0   1   1   1   1   1   1   1
 16T   1   1   1   1   1   1   1   1   1   1   1   1   1   1   1
 17T   1   1   1   1   1   1   1   1   1   1   1   1   1   1   1
 18T   1   1   1   1   1   1   1   1   1   1   1   1   1   1   1
 19T   1   1   1   1   1   1   1   1   1   1   1   1   1   1   1
 20T   1   1   1   1   1   1   1   1   1   1   1   1   1   1   1
 21T   1   1   1   1   1   1   1   1   1   1   0   0   0   0   1
 22T   0   0   0   0   0   0   0   1   1   1   1   1   1   1   0
 23T   1   1   1   1   1   1   1   1   1   1   1   1   0   0   0
 24T   1   1   1   1   1   1   1   1   1   1   1   1   1   1   1
 25T   1   1   1   1   1   1   1   1   1   1   1   1   1   1   0
