Number of Tool Switches: 47 

Time elapsed: 0.005856 
Tool Sequence:
     14J 13J  3J 15J  7J  2J 11J  5J  1J 10J  9J 12J  4J  6J  8J
  1T   0   0   0   1   1   1   1   0   0   0   0   0   0   1   0
  2T   1   1   1   0   0   0   0   0   1   1   0   1   1   0   0
  3T   0   0   0   0   0   0   0   0   0   0   0   0   0   1   1
  4T   1   1   1   1   1   1   1   1   0   0   0   0   1   0   0
  5T   1   1   1   0   0   1   1   1   1   1   1   1   1   1   0
  6T   1   1   1   0   0   0   0   1   0   0   1   0   0   0   0
  7T   0   0   0   1   1   1   1   1   0   0   1   0   0   0   0
  8T   1   1   1   1   1   1   1   1   0   0   0   1   1   0   0
  9T   0   0   0   0   0   0   0   0   1   1   1   1   1   1   0
 10T   1   1   1   1   1   1   1   0   0   0   0   0   0   1   1
 11T   1   1   1   0   0   1   0   0   0   0   0   0   0   0   0
 12T   0   0   0   0   0   0   0   0   0   0   1   1   0   0   1
 13T   0   0   0   0   0   0   1   1   1   0   0   0   0   0   0
 14T   1   1   1   1   1   1   0   0   0   0   0   0   0   0   0
 15T   0   0   0   0   1   0   0   1   0   0   0   0   1   1   1
 16T   0   0   0   0   0   0   0   0   0   0   0   0   1   1   1
 17T   0   0   0   1   1   1   1   1   1   0   0   0   0   0   1
 18T   0   0   0   1   1   0   0   0   0   1   1   1   1   0   0
 19T   0   0   0   0   0   0   1   0   0   0   0   0   0   0   0
 20T   0   0   0   0   0   0   0   0   1   1   1   1   1   1   1
 21T   0   0   0   1   0   0   0   0   0   1   1   1   0   0   0
 22T   0   0   0   1   1   0   0   0   1   1   0   0   0   0   0
 23T   0   0   0   0   0   1   1   1   1   1   0   0   0   1   1
 24T   1   1   1   0   0   0   0   1   1   1   1   1   0   0   1
 25T   1   1   1   0   0   0   0   0   1   1   1   1   1   1   1
