Number of Tool Switches: 27 

Time elapsed: 0.005565 
Tool Sequence:
      8J 11J  2J 13J  9J  7J 15J 12J  5J  1J 14J  4J 10J  3J  6J
  1T   1   1   1   1   1   1   1   1   0   0   0   0   1   0   0
  2T   0   0   0   0   1   0   0   0   0   0   0   1   1   1   1
  3T   0   0   0   1   1   0   0   0   0   1   0   0   0   0   0
  4T   0   0   1   1   0   0   0   0   0   0   0   0   0   0   0
  5T   0   0   0   0   0   0   0   1   1   0   0   0   1   1   1
  6T   0   0   0   0   0   0   0   1   1   1   1   1   0   0   0
  7T   1   1   0   0   0   0   0   0   1   0   0   0   0   0   1
  8T   1   1   1   0   0   0   0   0   0   0   0   0   0   1   1
  9T   0   0   0   0   0   1   0   0   0   0   1   1   1   0   0
 10T   0   0   0   1   1   1   1   0   1   1   1   1   1   1   1
 11T   0   0   0   0   0   1   1   0   0   1   1   1   0   0   0
 12T   1   1   1   1   1   0   1   1   1   1   1   0   0   0   0
 13T   1   1   1   0   0   0   0   0   0   0   0   0   0   0   0
 14T   0   0   0   0   0   1   1   0   0   0   0   0   0   0   0
 15T   0   0   0   0   0   0   0   1   0   0   0   0   0   1   0
