Number of Tool Switches: 44 

Time elapsed: 0.006097 
Tool Sequence:
     12J  2J 15J 11J  3J  9J 10J  4J  8J  7J  1J  5J 14J  6J 13J
  1T   1   1   1   1   1   1   1   0   0   0   0   0   0   0   1
  2T   1   1   1   0   0   0   0   0   0   0   0   0   0   0   1
  3T   1   1   1   0   0   0   0   0   0   0   0   0   1   1   0
  4T   0   0   0   1   1   0   1   1   1   1   1   1   1   1   0
  5T   0   0   0   0   1   1   0   0   0   0   0   0   0   0   1
  6T   1   1   1   0   0   0   1   1   1   1   1   1   1   0   0
  7T   0   0   0   0   1   1   1   1   0   0   0   0   0   0   0
  8T   1   1   1   1   1   1   0   0   0   0   0   1   1   0   0
  9T   0   0   0   0   0   0   1   1   1   1   0   0   0   0   1
 10T   1   1   1   1   1   0   0   0   0   0   1   0   0   1   0
 11T   1   1   0   0   0   0   0   0   0   0   0   1   0   0   0
 12T   0   0   0   0   0   1   0   0   0   0   1   1   1   0   0
 13T   1   1   1   1   1   1   0   0   0   0   0   0   1   1   1
 14T   1   1   1   1   1   1   1   1   1   1   0   0   0   0   0
 15T   0   0   0   0   0   1   1   1   1   1   1   1   0   0   0
 16T   0   0   0   0   0   0   0   1   1   1   1   1   1   1   1
 17T   0   0   1   1   0   0   0   0   0   0   0   0   0   0   0
 18T   0   0   0   0   0   1   0   0   0   0   0   0   0   0   1
 19T   0   0   0   0   0   0   0   1   1   1   1   1   1   1   0
 20T   1   1   1   0   0   0   1   1   1   1   1   0   0   1   1
 21T   0   0   0   0   0   0   0   0   0   0   0   0   0   1   1
 22T   0   0   0   1   0   0   1   1   1   1   1   1   1   1   1
 23T   0   0   0   0   0   0   0   0   1   1   0   0   0   1   0
 24T   0   0   0   1   1   0   0   0   0   0   1   1   1   0   0
 25T   0   0   0   1   1   1   1   0   0   0   0   0   0   0   0
