Number of Tool Switches: 27 

Time elapsed: 0.006043 
Tool Sequence:
      2J 13J  9J  6J 12J 14J  1J 11J  3J  8J 10J  7J  5J  4J 15J
  1T   1   1   1   1   1   0   0   0   0   1   1   0   0   0   1
  2T   1   1   1   1   1   1   1   1   0   0   1   1   1   1   0
  3T   0   0   0   0   0   1   1   1   1   1   1   1   1   1   1
  4T   0   0   0   0   1   1   1   1   1   1   1   1   1   1   1
  5T   0   0   0   0   0   0   1   1   1   1   1   1   1   1   1
  6T   1   1   1   1   1   1   1   1   1   1   1   1   1   0   0
  7T   1   1   1   1   1   1   0   0   1   0   1   1   1   1   1
  8T   1   1   1   1   1   1   1   1   1   0   0   0   0   1   1
  9T   0   0   0   0   1   1   1   1   1   1   1   1   1   1   1
 10T   1   1   1   1   0   0   0   0   1   1   0   1   1   1   0
 11T   1   1   1   1   1   1   1   1   0   0   0   0   0   0   0
 12T   1   1   1   1   1   1   1   1   1   1   1   1   0   0   1
 13T   1   1   1   1   0   0   0   0   1   1   1   1   1   0   0
 14T   0   0   0   0   0   0   0   0   0   1   0   0   1   1   1
 15T   1   1   1   1   1   1   1   1   0   0   0   0   0   1   1
