Number of Tool Switches: 23 

Time elapsed: 0.005039 
Tool Sequence:
      1J 11J  7J 12J  3J  8J  2J 14J 15J  9J 10J  6J 13J  5J  4J
  1T   0   0   0   0   0   0   0   0   0   1   1   0   0   0   0
  2T   0   0   0   0   0   0   0   0   1   1   1   1   1   1   0
  3T   0   0   0   0   0   0   1   1   1   1   1   0   0   0   0
  4T   0   0   0   0   1   1   0   0   0   0   0   0   0   1   0
  5T   0   0   0   0   0   1   0   0   0   0   1   1   1   1   0
  6T   1   1   1   1   0   0   0   0   0   0   0   0   0   0   1
  7T   0   0   0   0   0   0   0   1   1   0   0   1   1   0   0
  8T   0   0   0   0   0   0   1   1   0   0   0   0   0   0   1
  9T   0   0   0   0   0   0   0   0   1   1   0   0   0   1   1
 10T   1   1   1   1   1   0   0   0   0   0   0   0   0   0   0
 11T   1   1   1   1   1   1   0   0   0   0   0   0   1   0   0
 12T   1   1   1   1   1   1   1   0   0   0   0   0   0   0   0
 13T   0   0   0   0   0   0   1   1   1   1   1   1   0   0   0
 14T   1   1   1   1   1   1   1   1   0   0   0   0   0   0   1
 15T   0   0   0   0   0   0   0   0   0   0   0   1   1   1   1
