Number of Tool Switches: 44 

Time elapsed: 0.007599 
Tool Sequence:
      6J  2J  1J 11J  3J 13J 15J  8J  4J  7J 14J 12J 10J  5J  9J
  1T   1   1   1   1   1   1   1   1   0   1   1   1   1   0   0
  2T   1   1   1   1   1   1   1   0   0   0   0   0   0   0   1
  3T   1   1   0   0   0   0   0   0   0   1   1   1   1   0   0
  4T   0   0   0   0   1   1   1   1   1   1   1   1   1   0   0
  5T   1   1   0   0   0   0   0   1   1   1   1   1   0   1   1
  6T   1   1   1   0   1   1   0   0   0   0   0   0   1   1   1
  7T   0   0   0   1   1   1   1   1   1   0   0   0   0   0   0
  8T   0   0   0   0   1   1   1   0   1   1   1   1   1   1   1
  9T   1   0   0   0   0   0   0   0   0   0   1   1   1   1   1
 10T   0   0   0   0   0   0   0   0   0   0   0   0   0   1   1
 11T   0   0   1   1   1   0   0   0   0   0   0   0   1   1   1
 12T   1   1   1   1   1   1   1   0   1   0   0   0   1   1   1
 13T   1   1   1   1   0   0   0   1   1   1   1   1   0   0   0
 14T   0   0   0   0   0   0   1   1   1   1   1   1   0   0   0
 15T   0   0   0   1   0   0   1   1   0   0   0   1   1   1   0
 16T   1   1   1   1   0   0   0   1   0   1   1   0   0   0   0
 17T   0   1   0   0   0   1   0   0   1   0   0   1   0   1   1
 18T   1   1   1   1   1   1   1   1   1   1   1   0   0   0   0
 19T   0   0   1   1   1   1   0   0   1   1   0   0   0   0   0
 20T   0   0   1   0   0   0   1   1   0   0   0   0   1   1   1
