Number of Tool Switches: 29 

Time elapsed: 0.007396 
Tool Sequence:
      2J  9J 11J  6J  8J 10J 14J 15J  5J 13J  4J 12J  1J  7J  3J
  1T   1   1   1   1   1   0   1   1   1   1   1   1   1   1   1
  2T   1   1   1   1   1   0   0   0   0   1   1   1   1   0   0
  3T   1   1   1   0   0   1   1   1   1   1   1   1   1   0   0
  4T   1   1   1   1   1   1   1   1   1   1   1   1   1   1   0
  5T   1   1   1   1   1   1   1   1   1   0   0   0   1   1   1
  6T   1   1   1   1   1   1   0   0   0   0   0   0   1   1   1
  7T   1   1   0   0   0   1   1   1   1   1   1   1   1   1   1
  8T   1   1   0   1   1   1   1   0   0   0   0   0   0   0   0
  9T   0   0   0   0   0   0   1   1   1   1   1   1   1   1   1
 10T   1   1   1   1   1   1   1   1   1   0   0   0   0   1   1
 11T   0   0   1   1   1   1   1   1   1   1   1   0   0   0   0
 12T   0   0   0   1   1   1   0   0   0   1   1   1   1   1   1
 13T   0   0   1   1   0   0   0   0   0   0   0   1   0   0   1
 14T   0   0   0   0   0   1   1   1   1   1   1   1   1   1   1
 15T   1   1   1   0   1   0   0   1   1   1   1   1   0   1   1
