Number of Tool Switches: 25 

Time elapsed: 0.005012 
Tool Sequence:
      2J 13J  6J  5J  7J  1J 15J  4J 12J 10J  3J  9J 14J 11J  8J
  1T   0   0   0   0   0   1   1   1   1   1   1   1   1   1   1
  2T   0   0   0   0   0   0   1   1   1   1   1   1   1   1   1
  3T   0   0   0   0   0   0   0   0   0   0   0   0   0   1   1
  4T   1   1   1   1   1   1   0   0   0   0   0   0   0   0   0
  5T   1   1   1   1   1   1   0   0   0   0   0   0   0   0   0
  6T   1   1   1   1   1   1   0   0   0   0   0   0   0   0   0
  7T   0   0   0   0   0   0   0   0   0   1   1   1   1   1   1
  8T   0   0   0   0   1   0   0   0   0   0   0   0   0   0   0
  9T   1   1   1   1   0   0   0   0   0   0   0   0   0   0   0
 10T   0   0   0   0   0   0   1   1   1   1   1   1   1   1   1
 11T   0   0   0   0   0   1   1   1   1   1   1   1   1   1   1
 12T   1   1   1   1   0   0   0   0   0   0   0   0   0   0   0
 13T   0   0   0   0   1   0   0   0   0   0   0   0   0   0   0
 14T   0   0   0   0   0   0   0   0   0   0   0   0   0   0   1
 15T   0   0   0   0   1   1   1   1   1   1   1   0   0   0   0
 16T   1   1   1   1   1   1   1   1   0   0   0   0   0   0   0
 17T   1   1   1   1   1   1   1   1   1   1   1   1   1   1   1
 18T   0   0   0   0   0   0   0   0   1   1   1   1   1   1   1
 19T   1   1   1   1   1   1   1   1   1   1   1   1   1   0   0
 20T   1   1   1   1   1   1   1   1   1   1   1   1   1   1   1
 21T   0   0   0   0   0   0   0   0   1   0   0   0   0   0   0
 22T   0   0   0   0   0   0   1   1   0   0   0   0   0   0   0
 23T   0   0   0   0   0   0   0   0   0   0   0   0   0   1   0
 24T   1   1   1   1   0   0   0   0   0   0   0   0   0   0   0
 25T   0   0   0   0   0   0   0   0   0   0   0   1   1   0   0
