Number of Tool Switches: 34 

Time elapsed: 0.009788 
Tool Sequence:
      4J 14J  5J  7J  8J  3J 15J  9J  6J 13J  1J 12J 10J 11J  2J
  1T   1   1   1   1   1   0   0   0   0   0   1   1   1   1   1
  2T   1   1   1   0   0   0   0   0   1   1   1   1   1   1   1
  3T   1   1   1   1   1   1   1   1   1   1   1   1   1   1   1
  4T   1   1   1   1   1   1   1   1   1   1   1   1   1   1   1
  5T   1   1   1   1   1   1   1   1   1   1   0   0   0   0   1
  6T   1   1   1   1   1   0   0   0   0   0   1   1   1   1   1
  7T   1   1   1   1   1   1   1   1   1   1   1   1   1   1   1
  8T   1   1   1   1   1   1   1   1   1   1   1   1   1   1   1
  9T   1   1   1   1   1   1   1   1   1   1   1   1   1   1   1
 10T   1   1   1   1   1   1   1   1   1   1   1   1   1   1   0
 11T   0   0   0   0   0   1   1   1   1   1   1   1   1   0   0
 12T   1   1   1   1   1   1   1   1   1   1   1   1   1   1   1
 13T   1   1   1   1   1   1   1   1   1   1   1   1   1   1   1
 14T   0   0   0   1   0   0   1   1   1   1   1   1   1   1   1
 15T   1   1   1   1   1   1   1   1   1   1   1   1   0   0   0
 16T   1   1   1   1   1   1   1   0   0   0   0   0   0   0   0
 17T   1   1   1   1   1   1   1   1   1   1   1   1   1   1   1
 18T   1   1   1   1   1   1   1   1   1   1   1   1   1   1   1
 19T   1   1   1   1   1   1   0   0   0   0   0   0   1   1   1
 20T   0   0   0   0   0   1   1   1   1   1   1   1   1   1   1
 21T   1   1   1   1   1   1   1   1   1   1   1   1   1   1   1
 22T   1   1   1   1   0   0   0   1   1   1   0   0   0   1   1
 23T   0   0   0   0   1   1   1   1   0   0   0   0   0   0   1
 24T   1   1   1   1   1   1   1   1   1   1   1   1   1   1   0
 25T   0   0   0   0   1   1   1   1   1   1   1   1   1   1   1
