Number of Tool Switches: 39 

Time elapsed: 0.007132 
Tool Sequence:
      6J  8J  4J  9J  7J  5J 13J  2J 15J 10J  1J 14J 11J 12J  3J
  1T   1   0   0   0   0   1   1   1   1   1   1   1   1   1   1
  2T   1   1   1   1   1   0   0   0   1   1   1   1   0   0   0
  3T   1   1   1   1   1   1   1   1   1   1   1   1   1   1   1
  4T   1   1   1   1   1   1   1   1   1   1   0   0   0   0   1
  5T   1   1   1   0   0   0   1   1   0   0   0   1   1   1   1
  6T   1   1   1   1   1   1   1   1   0   0   0   1   1   1   1
  7T   1   1   1   1   1   1   1   0   0   0   0   0   1   1   1
  8T   1   1   1   1   0   0   0   1   1   1   1   1   1   1   1
  9T   1   1   1   1   1   1   1   1   1   1   1   1   1   1   0
 10T   1   1   0   0   1   1   1   1   1   1   1   0   0   0   1
 11T   0   0   1   1   1   1   1   1   1   1   1   1   1   1   1
 12T   1   1   1   0   0   1   1   1   1   1   1   1   1   1   1
 13T   0   0   0   1   1   1   1   1   1   1   1   1   1   1   1
 14T   0   1   1   1   1   1   1   1   1   1   1   0   0   1   1
 15T   1   1   0   0   0   0   0   0   1   1   1   1   1   1   1
 16T   0   0   0   1   1   1   1   1   1   1   1   1   1   1   1
 17T   0   1   1   1   1   1   1   1   0   0   1   1   1   1   0
 18T   1   1   1   1   1   1   1   1   1   1   1   1   1   0   0
 19T   1   1   1   1   1   0   0   0   1   1   1   0   0   1   0
 20T   1   0   1   1   1   1   0   0   0   0   0   1   1   0   1
