Number of Tool Switches: 27 

Time elapsed: 0.017241 
Tool Sequence:
     18J  5J 15J  9J 16J 17J  7J 14J 13J  6J  3J 10J 11J  8J 19J  4J  1J  2J 20J 12J
  1T   0   0   0   0   1   1   1   1   1   1   1   1   1   1   1   1   1   1   1   0
  2T   1   1   1   1   0   0   0   0   0   0   1   0   0   0   0   0   0   1   1   1
  3T   1   1   1   1   1   1   1   0   0   0   0   0   0   0   0   0   0   0   0   1
  4T   0   0   0   0   0   1   1   1   1   1   0   0   0   0   0   0   1   1   1   1
  5T   1   1   0   0   0   0   0   0   0   0   1   1   1   1   1   1   1   1   1   1
  6T   1   1   1   1   1   1   1   1   1   1   1   1   1   1   1   1   1   1   1   1
  7T   1   1   1   1   1   1   1   1   1   1   0   0   0   0   0   0   0   0   1   0
  8T   1   1   1   1   1   1   1   1   1   1   1   1   1   1   1   1   1   0   0   1
  9T   0   0   1   1   1   0   0   0   0   0   0   1   1   1   1   1   1   1   1   1
 10T   0   0   1   1   1   1   1   1   1   1   1   1   1   1   1   1   1   0   0   0
 11T   1   1   1   1   1   1   1   1   1   1   0   0   0   0   0   0   0   1   1   1
 12T   1   1   0   1   1   1   1   1   1   1   1   1   1   1   1   1   1   1   1   0
 13T   1   1   1   1   1   1   1   1   1   1   1   1   1   1   1   1   1   1   0   0
 14T   1   1   1   0   0   0   0   1   1   1   1   1   1   1   1   1   0   0   0   1
 15T   0   0   0   0   0   0   0   0   0   0   1   1   1   1   1   1   1   1   1   1
