Number of Tool Switches: 25 

Time elapsed: 0.019144 
Tool Sequence:
      2J  5J 10J 16J  1J  7J 12J  9J 18J  8J 14J 19J 20J 17J 15J  4J  3J 11J 13J  6J
  1T   0   0   0   0   0   0   0   0   0   0   0   0   0   0   0   0   0   0   1   1
  2T   0   0   0   0   0   0   0   0   1   1   1   1   1   1   1   1   1   1   1   1
  3T   0   0   0   0   0   0   0   0   1   1   1   0   0   0   0   0   0   0   0   0
  4T   1   1   1   1   1   1   1   1   1   1   1   1   1   1   1   1   1   1   1   1
  5T   1   1   1   1   1   1   1   1   1   0   0   0   0   0   0   0   0   0   0   0
  6T   1   1   1   1   1   1   1   1   0   0   0   0   0   0   0   0   0   0   0   0
  7T   1   1   1   1   1   1   1   1   1   1   1   1   1   1   1   1   1   1   1   1
  8T   1   1   1   1   1   1   1   1   1   1   1   1   1   1   1   1   1   1   1   1
  9T   0   0   0   0   0   0   0   0   0   0   1   1   1   1   1   1   1   1   1   1
 10T   1   1   1   1   1   1   1   1   0   0   0   0   0   0   0   0   0   0   0   0
 11T   1   1   1   1   1   1   1   1   1   1   1   1   1   1   1   1   1   1   1   1
 12T   1   1   1   1   1   1   1   1   1   1   1   1   1   1   1   1   1   1   1   1
 13T   1   1   1   1   1   1   1   1   1   1   1   1   1   1   1   1   1   1   1   1
 14T   0   0   0   0   0   0   0   0   0   0   0   0   0   0   1   1   1   1   1   1
 15T   0   0   0   0   0   0   0   0   0   0   0   1   1   1   1   1   1   1   1   1
 16T   0   0   0   0   0   0   0   0   0   1   1   1   1   0   0   0   0   0   0   0
 17T   1   1   1   1   1   1   1   1   1   1   1   1   1   1   1   1   1   1   1   1
 18T   1   1   1   1   1   1   1   1   0   0   0   0   0   0   0   0   0   0   0   0
 19T   1   1   1   1   1   1   1   1   1   1   1   1   1   1   1   1   1   1   1   1
 20T   0   0   0   0   0   0   0   1   1   1   0   0   0   0   0   0   0   0   0   0
 21T   1   1   1   1   1   1   1   1   1   1   1   1   1   1   1   1   1   1   1   1
 22T   0   0   0   0   0   0   0   0   0   0   0   0   0   1   1   1   1   1   0   0
 23T   1   1   1   1   1   1   1   1   1   1   1   1   1   1   0   0   0   0   0   0
 24T   1   1   1   1   1   1   1   0   0   0   0   0   0   0   0   0   0   0   0   0
 25T   0   0   0   0   0   0   0   0   1   1   1   1   1   1   1   1   1   1   1   1
