Number of Tool Switches: 17 

Time elapsed: 0.014902 
Tool Sequence:
     18J 10J  3J 12J 17J  5J  2J  1J  9J 14J  8J  6J 11J 19J 13J  7J 15J 20J  4J 16J
  1T   1   1   1   1   1   1   1   0   0   0   0   0   0   0   0   0   0   0   1   1
  2T   1   1   1   1   1   1   1   1   1   1   1   1   1   1   1   1   1   1   1   1
  3T   0   0   0   0   0   0   0   1   1   1   1   1   1   1   1   1   1   1   1   1
  4T   0   0   0   0   0   1   1   1   1   1   1   1   1   1   1   1   1   1   1   1
  5T   1   1   1   1   1   1   1   1   1   1   1   1   1   1   1   1   1   1   1   1
  6T   0   0   0   0   0   0   0   0   0   0   1   1   1   1   1   1   1   1   1   1
  7T   0   0   0   0   0   0   0   0   0   0   0   0   0   1   1   1   1   1   1   1
  8T   1   1   1   1   1   0   0   0   0   0   0   0   0   0   0   0   0   0   0   0
  9T   1   1   1   1   1   1   1   1   1   1   1   1   1   1   1   1   1   1   1   1
 10T   1   1   1   1   1   1   1   1   1   1   0   0   0   0   0   0   0   0   0   0
 11T   0   0   0   0   0   1   1   1   1   1   1   1   1   1   1   1   1   1   1   1
 12T   1   1   1   1   1   1   1   1   1   1   1   1   1   0   0   0   0   0   0   0
 13T   1   1   1   1   1   1   1   1   1   1   1   1   1   1   1   1   1   1   0   0
 14T   1   1   1   1   1   0   0   0   0   0   0   0   0   0   0   0   0   0   1   1
 15T   1   1   1   1   1   1   1   1   1   1   1   1   1   1   1   1   1   1   0   0
