Number of Tool Switches: 28 

Time elapsed: 0.013938 
Tool Sequence:
     20J 14J 17J 11J 12J  8J 13J 10J  7J 18J  2J  3J  6J 16J  4J 15J  9J  1J  5J 19J
  1T   1   1   1   1   1   1   1   1   1   1   1   1   1   1   1   1   1   1   1   1
  2T   0   0   0   0   0   0   0   0   0   0   1   1   1   1   1   1   1   1   1   1
  3T   1   1   1   1   1   1   0   0   0   0   0   0   0   0   0   0   0   0   0   0
  4T   1   1   1   1   1   1   1   1   0   0   0   0   0   0   0   0   0   0   1   1
  5T   0   0   0   0   0   0   0   0   0   0   0   0   0   0   1   1   1   1   1   1
  6T   0   0   0   0   0   0   1   1   1   1   0   0   0   0   0   0   0   0   0   0
  7T   0   0   0   0   0   0   0   0   0   1   1   1   1   1   1   1   1   1   1   1
  8T   0   0   0   0   0   1   1   1   1   1   1   1   1   1   1   1   1   1   1   1
  9T   1   1   1   1   1   1   1   1   1   1   1   1   1   1   1   1   0   0   0   0
 10T   0   0   0   0   0   0   0   1   1   1   1   1   1   1   1   1   1   1   1   0
 11T   0   0   0   0   0   0   0   0   1   1   1   1   1   1   1   1   1   0   0   0
 12T   0   0   0   0   0   0   0   0   0   0   0   0   0   0   0   1   1   1   1   0
 13T   1   1   1   1   0   0   0   0   0   0   0   0   0   0   0   0   0   0   0   0
 14T   0   0   0   0   0   0   0   0   1   1   1   1   0   0   0   0   0   0   0   0
 15T   1   1   1   1   1   1   1   1   0   0   0   0   0   0   0   0   0   1   0   0
 16T   0   0   0   0   0   0   0   0   0   0   0   0   1   1   1   0   0   0   0   0
 17T   0   0   0   0   0   0   0   0   0   0   0   0   0   0   0   0   0   0   0   1
 18T   0   0   0   0   0   0   0   0   0   0   0   0   0   1   0   0   0   0   0   0
 19T   1   1   1   1   1   1   1   1   1   0   0   0   0   0   0   0   0   0   0   0
 20T   1   1   1   1   1   1   1   1   1   1   1   1   1   0   0   0   0   0   0   0
 21T   0   0   0   0   1   0   0   0   0   0   0   0   0   0   0   0   0   0   0   0
 22T   1   1   1   1   1   1   0   0   0   0   0   0   0   0   0   0   0   0   0   1
 23T   0   0   0   0   0   0   1   0   0   0   0   0   0   0   0   0   0   0   0   0
 24T   0   0   0   0   0   0   0   0   0   0   0   0   0   0   0   0   1   1   1   1
 25T   1   1   1   1   1   1   1   1   1   1   1   1   1   1   1   1   1   1   1   1
