Number of Tool Switches: 31 

Time elapsed: 0.016672 
Tool Sequence:
      3J 20J 18J  8J 19J 12J 15J 13J 16J  9J 11J  1J 17J 10J  4J  6J 14J  5J  7J  2J
  1T   0   0   0   0   0   0   1   1   1   1   1   1   1   1   1   1   1   1   1   1
  2T   0   0   0   0   0   0   1   1   1   1   1   1   1   1   1   1   1   1   1   1
  3T   1   1   1   1   1   1   1   1   1   1   1   1   1   1   1   1   1   1   1   1
  4T   1   1   1   1   1   1   1   1   1   1   1   1   1   1   1   1   1   1   1   1
  5T   1   1   1   1   1   1   1   1   1   1   1   1   1   1   1   1   1   1   1   1
  6T   1   1   1   1   1   1   1   1   1   1   1   1   1   1   1   1   1   1   1   1
  7T   1   1   1   1   1   1   1   1   1   1   1   1   1   1   1   1   1   1   1   1
  8T   0   0   0   0   1   1   0   0   0   0   0   0   0   0   0   0   0   0   0   1
  9T   1   1   1   1   1   1   1   1   1   1   0   0   0   0   0   0   0   0   0   0
 10T   1   1   1   1   1   1   1   1   1   1   1   1   1   1   1   1   1   1   1   1
 11T   1   1   1   1   1   1   1   1   1   1   1   1   1   1   1   1   1   1   1   1
 12T   1   1   1   1   1   1   1   1   1   1   1   1   1   1   1   1   1   1   1   1
 13T   1   1   1   1   1   1   1   1   1   1   1   1   1   1   1   1   1   1   1   1
 14T   1   1   1   1   1   1   0   0   0   0   0   0   0   0   1   1   1   1   1   0
 15T   1   1   1   1   1   1   1   1   1   1   1   1   1   1   0   0   0   0   0   0
 16T   1   1   1   1   1   1   0   0   0   0   0   0   1   1   1   1   1   1   1   1
 17T   1   1   1   1   1   1   1   1   1   1   1   1   1   1   1   1   1   1   1   1
 18T   0   0   0   0   0   0   1   1   1   1   1   1   1   1   1   1   1   1   1   1
 19T   1   1   1   1   1   1   1   1   1   1   1   1   0   0   0   0   0   0   0   1
 20T   1   1   1   1   1   1   1   1   1   1   1   1   1   1   1   1   1   1   1   1
 21T   1   1   1   1   1   1   1   1   1   1   1   1   1   1   1   1   1   1   1   1
 22T   1   1   1   1   1   1   1   1   1   1   1   1   1   1   1   1   1   1   0   0
 23T   0   0   0   0   0   0   0   0   0   0   1   1   1   1   1   1   1   1   1   1
 24T   1   1   1   1   1   1   1   1   1   1   1   1   0   0   0   0   0   0   1   1
 25T   1   1   1   1   0   0   0   0   0   0   0   0   1   1   1   1   1   1   1   0
