Number of Tool Switches: 34 

Time elapsed: 0.016639 
Tool Sequence:
      2J 13J  4J 17J 11J  6J 20J  9J  3J 14J  1J 18J 10J 12J  5J  8J 16J 15J  7J 19J
  1T   0   0   0   0   1   1   1   0   0   0   0   0   0   0   0   0   0   0   0   0
  2T   0   0   0   0   0   1   1   1   1   0   0   0   0   0   0   0   0   0   0   1
  3T   1   1   1   1   1   1   1   0   0   1   1   0   0   0   0   0   0   0   0   0
  4T   0   0   0   0   0   0   0   1   1   1   1   1   1   0   0   0   0   0   0   0
  5T   0   0   0   0   0   0   0   0   0   0   0   0   0   0   0   1   1   1   1   0
  6T   0   0   0   1   1   1   1   0   0   1   0   1   1   1   1   1   1   1   1   0
  7T   0   0   1   1   0   0   0   0   0   0   1   0   0   0   0   0   0   0   0   0
  8T   1   1   0   0   0   0   0   1   0   0   0   0   0   0   0   0   0   0   1   0
  9T   0   0   0   0   0   0   0   0   0   0   0   0   0   1   0   0   0   0   0   1
 10T   0   0   0   0   0   0   0   0   0   0   0   0   0   0   1   1   1   0   0   0
 11T   1   1   1   1   1   1   1   1   1   1   0   0   0   0   0   0   0   0   0   0
 12T   0   0   0   0   0   0   0   0   1   1   0   0   0   0   0   0   0   0   0   0
 13T   0   0   0   0   0   0   0   0   0   0   1   1   0   0   0   0   0   0   0   0
 14T   0   0   0   1   1   0   0   0   0   0   0   0   0   0   1   1   0   0   0   0
 15T   0   0   0   0   0   0   0   0   0   0   1   1   1   1   1   1   1   1   0   0
 16T   1   1   0   0   0   0   0   0   0   0   0   0   0   0   0   0   0   0   0   1
 17T   0   0   1   0   0   0   0   0   0   0   0   0   1   1   0   0   0   1   1   1
 18T   1   1   1   0   0   0   0   0   0   0   0   0   1   1   1   0   0   0   0   0
 19T   0   0   0   0   0   0   0   1   1   0   0   1   0   0   0   0   0   0   0   0
 20T   0   0   0   0   0   0   0   0   0   0   0   0   0   0   0   0   1   1   1   1
