Number of Tool Switches: 35 

Time elapsed: 0.014524 
Tool Sequence:
     10J 11J 13J  9J  7J 20J 12J 15J  6J 18J 19J 16J  5J 14J  2J 17J  1J  4J  8J  3J
  1T   1   1   0   0   0   0   0   0   0   0   1   1   1   1   1   1   1   1   1   0
  2T   0   0   0   0   0   0   0   0   0   1   0   1   0   0   0   0   0   0   0   0
  3T   0   0   0   0   0   1   1   1   1   1   0   1   1   0   0   0   0   1   1   1
  4T   0   0   0   0   1   0   0   0   0   0   0   0   0   0   0   0   0   0   0   1
  5T   0   0   1   0   0   0   0   0   0   0   0   0   0   0   0   0   0   0   0   0
  6T   0   0   0   0   0   0   0   0   0   0   0   0   0   1   1   0   0   0   0   0
  7T   0   0   0   0   0   0   0   0   0   0   0   0   1   1   1   0   0   0   0   0
  8T   0   0   0   0   0   0   0   0   0   0   1   1   1   0   0   1   1   1   0   0
  9T   0   0   0   1   1   1   1   1   1   0   0   0   0   0   0   0   0   0   0   0
 10T   1   1   1   1   0   0   0   0   0   0   0   0   0   0   0   1   1   0   0   0
 11T   0   0   0   0   0   0   0   0   0   0   1   1   1   0   0   0   0   0   0   1
 12T   0   0   0   0   0   0   1   0   0   0   0   0   0   0   0   0   1   1   1   0
 13T   1   1   0   0   0   0   0   1   1   1   0   0   0   0   0   1   0   0   0   0
 14T   0   0   0   0   0   0   1   1   1   1   1   0   0   0   0   0   0   0   0   0
 15T   1   1   1   1   1   1   0   0   0   1   0   0   0   1   1   0   0   0   0   0
 16T   0   0   0   0   0   0   0   0   0   0   0   0   0   1   1   1   1   1   0   0
 17T   0   0   0   0   0   0   0   0   0   0   0   0   0   0   0   0   0   0   0   1
 18T   0   0   0   0   0   0   0   0   0   0   0   0   0   0   0   0   0   0   1   0
 19T   1   1   1   1   1   1   0   0   0   0   1   0   0   0   0   0   0   0   1   1
 20T   0   0   1   1   1   1   1   1   1   0   0   0   0   0   0   0   0   0   0   0
