Number of Tool Switches: 20 

Time elapsed: 0.015035 
Tool Sequence:
      5J 18J  8J 14J 15J 10J  6J 11J 17J  3J 12J 20J  9J 16J  1J  7J 19J  2J 13J  4J
  1T   1   1   1   1   1   1   1   1   1   1   1   1   1   1   1   1   1   1   1   1
  2T   1   1   1   1   1   1   1   1   1   1   1   1   1   1   1   1   1   1   1   1
  3T   1   1   1   1   1   1   1   1   1   1   1   1   1   1   1   1   1   1   1   1
  4T   1   1   1   1   1   1   1   1   1   1   1   1   1   1   1   1   1   1   1   1
  5T   1   1   1   1   1   1   1   1   1   1   1   1   1   1   1   1   1   1   1   1
  6T   1   1   1   1   1   1   1   1   1   1   1   1   1   1   1   1   1   1   1   1
  7T   1   1   1   1   1   1   1   1   1   1   1   1   1   1   1   1   1   1   1   1
  8T   0   0   0   0   0   0   0   0   0   0   0   0   0   0   1   1   1   1   1   1
  9T   1   1   1   1   1   1   1   1   1   1   1   1   1   1   1   1   1   1   1   1
 10T   1   1   1   1   1   1   1   1   1   1   1   1   1   1   1   1   1   1   1   1
 11T   1   1   1   1   1   1   1   1   1   1   1   1   1   1   1   1   1   1   1   1
 12T   0   0   0   0   0   0   0   0   0   0   0   0   0   0   0   0   0   1   1   1
 13T   1   1   1   1   1   1   1   1   1   1   1   1   1   1   1   1   1   1   1   1
 14T   1   1   1   1   1   1   1   1   1   1   1   1   1   1   1   1   1   1   1   1
 15T   1   1   1   1   1   1   1   1   1   1   1   1   1   1   1   0   0   0   0   0
 16T   0   0   0   0   0   0   0   0   0   0   1   1   1   1   0   0   0   0   0   0
 17T   1   1   1   1   1   1   1   1   1   1   0   0   0   0   0   0   0   0   0   0
 18T   0   0   0   0   0   0   0   0   0   0   0   0   0   0   0   1   1   1   1   1
 19T   1   1   1   1   1   1   1   1   0   0   0   0   0   0   0   0   0   0   0   0
 20T   0   0   0   0   0   0   0   0   1   1   1   1   1   1   1   1   1   0   0   0
