Number of Tool Switches: 24 

Time elapsed: 0.014079 
Tool Sequence:
     20J 18J  3J 15J 16J 17J 13J 11J 14J 12J 10J  9J  8J  6J  1J  2J  7J  5J  4J 19J
  1T   1   1   1   1   1   1   1   1   1   1   1   1   1   1   1   1   1   1   1   1
  2T   1   1   1   1   1   1   0   0   0   0   0   0   0   0   0   0   0   0   0   0
  3T   0   0   0   0   0   0   0   0   0   0   1   1   1   1   1   1   1   1   1   1
  4T   1   1   1   1   1   1   1   1   1   0   0   0   0   0   0   0   0   0   0   0
  5T   0   0   0   0   0   0   0   0   1   1   1   0   0   0   0   0   0   0   1   1
  6T   0   0   0   0   0   0   1   1   1   1   0   0   0   0   0   0   0   0   0   0
  7T   0   0   0   0   0   0   0   0   0   0   0   0   0   0   1   1   1   1   1   1
  8T   0   0   0   0   0   0   0   0   0   0   0   1   1   1   1   1   1   1   1   1
  9T   1   1   1   1   1   1   1   1   1   1   1   1   1   0   0   0   0   0   0   0
 10T   1   1   1   1   1   1   1   1   1   1   1   1   1   1   1   1   1   1   1   1
 11T   1   1   1   1   1   0   0   0   0   0   0   0   0   0   0   0   0   0   0   1
 12T   0   0   0   0   1   1   1   0   0   0   0   0   0   0   0   0   0   0   1   1
 13T   0   0   0   0   0   1   1   1   0   0   0   0   0   0   0   0   0   1   1   1
 14T   0   0   0   0   0   0   0   0   0   1   1   1   1   1   1   1   1   1   1   1
 15T   1   1   1   1   1   1   1   1   1   1   1   1   1   1   1   1   1   1   1   0
 16T   1   1   1   1   1   1   1   1   1   1   1   1   1   1   1   1   1   1   0   0
 17T   0   0   0   0   0   0   0   0   0   0   0   0   0   1   0   0   0   0   0   0
 18T   1   1   1   1   1   1   1   1   1   1   1   1   1   1   1   1   1   1   0   0
 19T   1   1   1   1   0   0   0   0   0   0   0   0   0   0   0   0   0   0   0   0
 20T   0   0   0   0   0   0   0   1   1   1   1   1   1   1   1   1   1   0   0   0
