Number of Tool Switches: 36 

Time elapsed: 0.016127 
Tool Sequence:
      1J 18J  7J 16J  9J  2J 13J 15J 20J  3J 14J  4J  6J 12J 17J  8J 19J 10J  5J 11J
  1T   0   0   0   0   0   1   1   1   1   1   0   0   0   0   0   0   0   1   1   1
  2T   0   0   0   0   0   0   0   0   0   0   0   0   0   0   0   1   1   1   1   1
  3T   0   0   0   0   0   0   1   1   1   1   1   1   1   1   1   1   1   1   1   1
  4T   1   1   1   1   1   1   0   0   0   0   0   1   1   1   1   1   1   1   1   1
  5T   1   1   1   1   1   1   1   1   1   0   0   0   0   0   0   0   0   0   0   0
  6T   1   1   1   1   1   1   1   1   1   1   1   1   1   1   1   1   1   1   1   1
  7T   0   0   0   0   1   0   0   0   0   0   0   1   1   1   1   1   1   1   1   1
  8T   1   1   1   1   1   1   1   1   1   1   1   1   1   1   1   1   1   1   1   1
  9T   0   0   0   0   0   1   1   1   1   1   1   1   1   1   1   1   1   0   0   0
 10T   1   1   1   1   1   1   1   1   1   1   1   1   1   1   1   1   1   0   0   0
 11T   1   1   1   1   1   1   1   1   1   1   1   1   0   0   0   0   0   0   0   1
 12T   1   1   1   1   1   0   0   0   0   1   1   0   0   0   0   0   0   1   1   1
 13T   0   0   0   1   1   1   1   1   1   1   1   1   1   0   0   0   0   0   0   0
 14T   0   0   0   1   1   1   1   1   1   1   1   1   1   1   1   1   1   1   1   1
 15T   0   0   0   0   0   1   1   1   1   1   1   1   1   1   1   1   1   0   0   0
 16T   1   1   1   1   1   0   0   0   0   0   1   1   1   1   1   1   1   0   0   0
 17T   0   0   0   0   0   0   0   0   0   0   0   0   0   0   0   1   1   1   1   1
 18T   0   0   0   0   0   0   0   0   1   1   1   1   1   1   1   1   1   1   1   1
 19T   1   1   1   0   0   0   0   0   0   0   0   0   0   1   1   1   1   1   1   1
 20T   1   1   1   1   1   1   1   1   1   1   1   0   0   0   0   0   0   1   1   1
 21T   1   1   1   1   0   0   0   0   0   0   0   0   1   1   1   0   0   0   0   0
 22T   1   1   1   1   1   1   1   1   1   1   1   1   1   1   1   1   1   1   1   1
 23T   1   1   1   1   1   1   1   1   0   0   0   0   0   0   0   0   0   1   1   0
 24T   1   1   1   1   1   1   1   1   1   1   1   1   1   1   1   0   0   0   0   0
 25T   1   1   1   0   0   0   0   0   0   0   0   0   0   0   0   0   0   0   0   0
