Number of Tool Switches: 25 

Time elapsed: 0.015585 
Tool Sequence:
     14J  6J 16J 10J  5J 18J 11J 19J 13J  9J  8J 17J  3J  2J 15J  4J  7J 12J 20J  1J
  1T   1   1   1   1   1   1   1   1   1   1   1   1   1   1   1   1   1   1   1   1
  2T   0   0   0   0   0   0   0   0   0   0   1   1   1   1   1   1   1   1   1   1
  3T   1   1   1   1   1   1   1   1   1   1   1   1   1   1   1   1   1   1   1   1
  4T   0   0   0   0   0   0   0   0   0   0   0   0   0   0   0   0   0   0   1   1
  5T   0   0   0   0   0   0   0   0   0   1   1   1   1   1   1   1   1   1   1   1
  6T   1   1   1   1   1   1   1   1   1   1   1   1   1   1   1   1   1   1   1   1
  7T   1   1   1   1   1   1   1   1   1   1   1   1   1   1   1   1   1   1   1   1
  8T   0   0   0   0   0   0   0   0   0   0   0   1   1   1   1   1   1   1   1   1
  9T   0   0   0   0   0   0   0   0   0   0   0   0   0   0   0   0   1   1   1   1
 10T   1   1   1   1   1   1   1   1   1   1   1   1   1   1   1   1   1   1   1   1
 11T   1   1   1   1   1   1   1   1   1   1   1   1   1   1   1   1   1   1   1   1
 12T   1   1   1   1   1   1   1   1   1   1   1   1   1   0   0   0   0   0   0   0
 13T   1   1   1   1   1   1   1   1   1   1   1   1   1   1   1   1   0   0   0   0
 14T   1   1   1   1   1   1   1   1   1   1   1   1   0   0   0   0   0   0   0   0
 15T   0   0   0   0   0   0   0   0   0   0   0   0   0   1   1   1   1   1   1   1
 16T   1   1   1   1   1   1   1   1   1   1   1   1   1   1   1   1   1   1   1   1
 17T   0   0   0   0   0   0   0   0   0   0   0   0   1   1   1   1   0   0   0   0
 18T   1   1   1   1   1   1   1   1   1   1   1   0   0   0   0   0   0   0   0   0
 19T   1   1   1   1   1   1   1   1   1   1   1   1   1   1   1   1   1   1   0   0
 20T   0   0   0   0   0   0   0   0   0   0   0   0   0   0   0   0   1   1   0   0
 21T   1   1   1   1   1   1   1   1   1   1   0   0   0   0   0   0   0   0   0   0
 22T   0   0   0   0   0   0   0   0   0   0   0   0   0   0   0   0   0   0   1   1
 23T   0   0   0   0   0   0   0   0   0   0   0   0   0   0   0   0   1   1   1   1
 24T   1   1   1   1   1   1   1   1   1   0   0   0   0   0   0   0   0   0   0   0
 25T   1   1   1   1   1   1   1   1   1   1   1   1   1   1   1   1   0   0   0   0
