Number of Tool Switches: 25 

Time elapsed: 0.016513 
Tool Sequence:
      5J 20J 15J  9J 14J 16J 19J 10J  1J 17J 11J 12J  8J  2J 18J  6J  4J 13J  3J  7J
  1T   1   1   1   1   1   1   1   1   1   1   1   1   1   1   1   1   1   1   1   1
  2T   1   1   1   1   1   1   1   1   1   1   1   1   1   1   1   1   1   1   1   1
  3T   1   1   1   1   1   1   1   1   1   1   1   1   1   1   1   1   1   1   1   1
  4T   1   1   1   1   1   1   1   1   1   1   1   1   1   1   1   1   1   1   1   1
  5T   1   1   1   1   1   1   1   1   1   1   1   1   1   1   1   1   1   1   1   1
  6T   1   1   1   1   1   1   1   1   1   1   1   1   0   0   0   0   0   0   0   0
  7T   1   1   1   1   1   1   1   1   1   1   1   1   1   1   1   1   1   1   1   1
  8T   1   1   1   1   1   1   1   1   1   1   1   1   1   1   1   1   1   1   1   1
  9T   0   0   0   0   0   0   0   0   0   0   0   1   1   1   1   1   1   1   1   1
 10T   1   1   1   1   1   1   1   1   1   1   1   1   1   1   1   1   1   1   1   1
 11T   1   1   1   1   1   1   1   1   1   1   1   1   1   1   1   1   1   1   1   1
 12T   0   0   0   0   0   0   0   0   0   0   0   0   1   1   0   0   0   0   0   0
 13T   1   1   1   1   1   1   1   1   1   1   1   0   0   0   0   0   0   0   0   0
 14T   1   1   1   1   1   1   1   1   1   1   1   0   0   0   0   0   0   0   0   0
 15T   0   0   0   0   0   0   0   0   0   0   0   1   0   0   0   0   0   0   0   0
 16T   1   1   1   1   1   1   1   1   1   1   0   0   0   0   0   0   0   0   0   0
 17T   0   0   0   0   0   0   0   0   0   0   0   0   0   1   1   1   1   1   0   0
 18T   0   0   0   0   0   0   0   0   0   0   1   1   1   1   1   1   1   1   1   1
 19T   0   0   0   0   0   0   0   0   0   0   0   0   0   0   0   1   0   0   0   0
 20T   0   0   0   0   0   0   0   0   0   0   0   0   0   0   0   0   1   1   1   1
 21T   0   0   0   0   0   0   0   0   0   0   0   0   0   0   0   0   0   0   1   1
 22T   0   0   0   0   0   0   0   0   0   0   0   0   0   0   1   0   0   0   0   0
 23T   0   0   0   0   0   0   0   0   0   0   0   0   1   0   0   0   0   0   0   0
 24T   1   1   1   1   1   1   1   1   1   1   1   1   1   1   1   1   1   1   1   1
 25T   1   1   1   1   1   1   1   1   1   1   1   1   1   1   1   1   1   1   1   1
