Number of Tool Switches: 29 

Time elapsed: 0.015696 
Tool Sequence:
     18J  5J 11J 17J 13J 15J 12J  9J  4J  6J 10J 16J  3J 20J  2J 19J 14J  7J  8J  1J
  1T   1   1   1   1   1   1   1   1   1   1   1   1   1   1   1   1   0   0   0   1
  2T   0   0   0   0   0   0   0   1   1   1   1   1   1   1   1   1   0   0   0   1
  3T   1   1   1   1   1   0   0   0   0   0   0   0   0   1   1   1   1   1   1   0
  4T   0   0   0   1   1   1   1   1   1   1   1   1   1   1   1   1   1   1   1   0
  5T   1   1   1   1   1   1   1   1   0   0   0   0   1   0   0   0   0   0   0   0
  6T   1   1   1   0   0   0   0   0   1   0   0   0   1   1   1   0   0   0   0   0
  7T   0   0   0   0   0   1   1   0   0   0   0   0   0   1   1   1   1   1   1   1
  8T   1   1   1   0   0   0   0   1   1   1   1   1   1   1   1   1   1   1   1   1
  9T   1   1   1   1   1   1   1   1   1   1   1   1   1   1   1   1   1   1   1   1
 10T   0   0   0   1   1   1   1   1   1   1   1   1   1   0   0   1   1   1   1   1
 11T   1   1   1   1   1   1   1   1   1   1   1   1   0   0   0   0   0   0   0   1
 12T   1   1   0   0   0   0   0   0   0   1   1   1   1   1   1   1   1   1   1   0
 13T   0   0   1   1   1   1   1   0   0   0   0   1   1   1   1   1   1   1   1   1
 14T   1   1   1   1   1   1   1   1   1   1   1   1   0   0   0   0   1   1   1   1
 15T   1   1   1   1   1   1   1   1   1   1   1   0   0   0   0   0   1   1   1   1
