Number of Tool Switches: 36 

Time elapsed: 0.015444 
Tool Sequence:
      9J  5J 18J 20J 12J 14J  1J 10J 19J 13J  3J  8J 17J 15J 11J  7J 16J  2J  4J  6J
  1T   1   1   1   1   1   0   0   0   0   0   0   0   0   0   1   1   1   1   1   1
  2T   1   1   1   1   1   1   1   1   1   1   1   1   1   1   1   1   1   1   1   1
  3T   0   0   0   0   0   0   0   1   0   0   0   0   0   0   0   0   0   1   1   1
  4T   1   1   1   1   1   1   1   1   1   1   1   1   1   1   1   0   0   0   0   0
  5T   0   0   0   0   0   0   0   0   1   1   0   0   0   0   0   0   0   0   0   1
  6T   0   0   0   0   0   1   1   1   1   1   1   1   1   1   1   0   0   0   0   1
  7T   1   1   1   1   1   1   1   1   1   1   1   1   1   1   1   1   1   1   1   1
  8T   0   0   0   0   0   0   1   1   1   1   1   1   1   1   1   1   1   1   1   1
  9T   1   1   1   1   1   1   1   0   0   0   0   0   0   0   0   1   1   1   1   1
 10T   0   0   0   0   0   0   0   0   0   0   0   0   0   0   0   1   1   1   1   1
 11T   1   1   1   1   1   1   1   1   1   1   1   1   1   1   1   0   0   0   0   0
 12T   1   1   1   1   0   0   0   0   1   1   0   0   0   0   0   1   1   1   1   1
 13T   1   1   1   1   1   1   1   1   1   1   1   1   1   1   1   1   1   1   1   1
 14T   1   1   1   1   1   1   1   1   1   1   1   1   1   1   1   1   1   1   1   1
 15T   1   1   1   1   0   0   0   0   0   0   0   0   0   0   0   1   1   1   1   1
 16T   0   0   0   0   0   0   0   0   0   0   1   1   1   1   1   1   1   1   1   0
 17T   1   1   1   1   1   1   1   1   0   0   0   0   0   1   1   1   1   1   1   1
 18T   0   0   0   0   1   1   1   1   1   1   1   1   1   0   0   0   0   0   0   0
 19T   0   0   0   0   1   1   1   1   1   1   1   1   1   1   1   1   1   1   1   0
 20T   0   0   0   0   0   1   0   0   0   0   0   0   1   1   1   1   1   1   1   1
 21T   1   1   1   1   1   1   1   1   1   1   1   1   0   0   0   0   0   0   0   0
 22T   1   1   1   1   1   0   0   0   0   0   0   0   0   0   0   0   0   0   0   0
 23T   1   1   1   1   0   0   0   0   0   0   1   1   1   1   1   0   0   0   0   0
 24T   0   0   0   0   1   1   1   1   1   1   1   1   1   1   0   0   0   0   0   0
 25T   1   1   1   1   1   1   1   1   1   1   1   1   1   1   1   1   1   0   0   0
