Number of Tool Switches: 60 

Time elapsed: 0.017726 
Tool Sequence:
      9J  7J 12J 17J 15J  5J 13J 18J 19J 14J  1J 20J  4J 10J 11J 16J  6J  2J  3J  8J
  1T   1   1   1   1   1   1   1   1   1   1   1   1   1   1   1   1   0   0   0   1
  2T   0   0   0   1   1   1   1   1   0   0   0   0   0   0   1   1   1   1   1   1
  3T   1   1   1   0   0   0   0   0   1   1   1   1   1   1   1   1   1   1   1   1
  4T   0   0   0   1   1   0   0   0   0   1   1   1   1   1   1   1   1   0   0   0
  5T   0   0   1   1   1   1   1   1   0   0   0   1   1   1   1   1   1   0   1   1
  6T   0   0   0   0   1   1   1   1   1   1   1   1   1   1   1   1   1   0   1   1
  7T   1   1   0   0   0   0   0   0   0   1   1   1   1   1   0   0   0   0   0   0
  8T   1   1   1   1   1   1   1   1   0   0   0   0   0   0   1   1   1   1   0   0
  9T   1   1   1   1   1   1   1   0   0   0   0   0   0   0   0   1   1   1   0   0
 10T   0   0   0   0   1   1   0   0   0   0   1   0   0   0   0   0   1   0   1   1
 11T   0   0   0   0   0   1   1   1   1   0   0   0   1   1   1   1   1   1   0   1
 12T   0   0   1   1   1   1   1   1   1   1   0   0   0   0   0   0   0   0   1   1
 13T   1   1   0   0   0   0   0   0   0   0   0   1   1   1   1   1   1   1   1   1
 14T   1   1   0   0   1   1   1   1   1   0   0   0   1   1   1   1   1   1   1   1
 15T   0   0   1   1   0   0   1   1   1   1   1   1   1   1   1   1   1   1   1   1
 16T   1   1   1   1   1   1   1   1   1   1   0   0   0   0   0   0   0   1   1   0
 17T   1   1   1   0   0   0   1   1   1   1   1   1   1   1   1   0   0   0   0   0
 18T   1   1   1   1   0   0   0   1   1   1   1   0   0   0   0   0   0   1   1   0
 19T   1   0   0   0   0   0   0   0   0   1   1   0   0   0   0   1   1   1   0   1
 20T   1   1   1   1   0   1   0   0   1   0   1   1   1   1   0   0   0   0   0   0
 21T   1   1   1   1   1   0   0   0   1   1   1   1   1   1   1   1   1   1   1   0
 22T   1   1   1   1   1   1   1   1   1   1   1   1   0   0   0   0   0   1   1   0
 23T   1   1   1   1   1   1   1   1   0   0   0   1   1   1   1   0   0   0   0   1
 24T   0   0   0   0   0   0   0   0   1   1   1   1   1   1   1   1   1   1   1   1
 25T   0   1   1   1   1   1   1   1   1   1   1   1   0   0   0   0   0   1   1   1
