Number of Tool Switches: 20 

Time elapsed: 0.015815 
Tool Sequence:
      5J  4J 16J  7J  2J 11J 19J 17J  9J 13J 15J 10J 14J  6J  8J  3J 12J  1J 18J 20J
  1T   1   1   1   1   1   1   1   1   1   1   1   1   1   1   1   1   1   1   1   1
  2T   1   1   1   1   1   1   1   1   1   1   1   1   1   1   1   1   1   1   1   1
  3T   1   1   1   1   1   1   1   1   1   1   1   1   1   1   1   1   1   1   1   1
  4T   0   0   0   0   0   0   0   0   0   0   0   1   1   1   1   1   1   1   1   1
  5T   1   1   1   1   1   1   1   1   1   1   1   1   1   1   1   1   1   1   1   1
  6T   0   0   0   0   0   0   0   0   0   0   0   1   1   1   1   1   1   1   1   1
  7T   1   1   1   1   1   1   1   1   1   1   1   1   1   1   1   1   1   1   1   1
  8T   1   1   1   1   1   1   1   1   1   1   1   0   0   0   0   0   0   0   0   0
  9T   1   1   1   1   1   1   1   1   1   1   1   1   1   1   1   1   1   1   1   1
 10T   1   1   1   1   1   1   1   1   1   1   1   1   1   1   1   1   1   1   1   1
 11T   1   1   1   1   1   1   1   1   1   1   1   1   1   1   1   1   1   1   1   1
 12T   1   1   1   1   1   1   1   1   1   1   1   0   0   0   0   0   0   0   0   0
 13T   0   0   0   0   0   0   0   0   0   0   0   0   0   0   1   1   1   1   1   1
 14T   1   1   1   1   1   1   1   1   1   1   1   1   1   0   0   0   0   0   0   0
 15T   0   0   0   0   0   0   0   0   0   0   0   0   0   0   0   0   0   0   0   1
 16T   1   1   1   1   1   1   1   1   1   1   1   1   1   1   1   1   1   1   1   1
 17T   1   1   1   1   1   1   1   1   1   1   1   1   1   1   1   1   1   1   1   1
 18T   1   1   1   1   1   1   1   1   1   1   1   1   1   1   1   1   1   1   1   1
 19T   0   0   0   0   0   0   0   0   0   0   0   0   0   1   0   0   0   0   0   0
 20T   1   1   1   1   1   1   1   1   1   1   1   1   1   1   1   1   1   1   1   0
