Number of Tool Switches: 26 

Time elapsed: 0.014957 
Tool Sequence:
     13J 17J 10J 11J  8J 18J  3J  7J  9J 19J 14J 16J 20J  5J  6J  4J  1J 15J 12J  2J
  1T   0   0   0   0   0   0   0   1   0   0   0   0   0   0   0   1   1   1   1   1
  2T   1   1   1   1   1   1   1   1   1   1   1   1   1   1   1   1   0   0   0   0
  3T   0   0   0   0   0   0   0   0   1   1   1   1   1   1   1   1   1   1   1   1
  4T   1   1   1   1   1   1   1   0   0   0   0   0   0   0   0   0   1   1   1   1
  5T   1   1   1   1   1   1   1   1   1   1   1   1   1   1   1   1   0   0   0   0
  6T   1   1   1   1   1   0   0   0   0   0   0   0   0   0   0   0   0   0   0   0
  7T   1   1   1   1   0   0   0   0   0   0   0   0   0   0   0   0   0   0   0   0
  8T   0   0   0   0   0   0   0   0   0   0   0   0   0   0   0   0   0   1   1   1
  9T   0   0   0   0   1   1   1   1   1   1   1   1   1   1   1   1   1   1   1   1
 10T   1   1   1   1   1   1   1   1   1   1   1   1   1   1   0   0   0   0   0   0
 11T   1   1   1   1   1   1   1   1   0   0   0   0   0   0   0   0   1   1   1   1
 12T   0   0   0   0   0   0   0   0   0   0   0   1   1   1   0   0   0   0   0   0
 13T   0   0   0   0   0   1   1   1   1   1   1   1   1   1   1   1   1   0   0   0
 14T   1   1   1   1   1   1   1   1   1   0   0   0   0   0   0   0   0   0   0   0
 15T   0   0   0   0   0   0   0   0   0   1   1   1   1   1   1   1   1   1   1   1
 16T   1   1   1   1   1   1   1   0   0   0   0   0   0   0   1   1   1   1   1   1
 17T   0   0   0   0   0   0   0   0   0   1   1   1   1   1   1   1   1   0   0   0
 18T   1   1   1   1   1   1   1   1   1   1   1   0   0   0   0   0   0   1   1   1
 19T   0   0   0   0   0   0   0   0   1   1   1   1   1   1   1   1   1   1   1   1
 20T   0   0   0   0   0   0   0   1   1   0   0   0   0   0   1   0   0   0   0   0
