Number of Tool Switches: 35 

Time elapsed: 0.031850 
Tool Sequence:
      4J 25J  9J 18J  3J 17J 16J  2J  5J 13J 12J 11J 20J 21J 22J 10J 24J 15J 19J 23J  1J  6J  8J  7J 14J
  1T   0   0   0   0   0   0   0   0   0   0   0   0   0   0   0   0   0   0   0   0   0   1   1   1   1
  2T   0   0   0   0   0   0   0   0   0   0   0   0   0   1   1   1   1   1   1   0   0   0   0   0   0
  3T   0   0   0   0   0   0   0   0   0   0   0   0   0   0   0   0   0   0   0   0   1   1   1   1   1
  4T   1   1   1   1   1   1   1   1   1   1   1   1   1   1   1   1   1   1   1   1   1   1   1   1   1
  5T   0   0   0   0   0   0   1   1   1   1   1   1   1   1   1   1   0   0   0   0   0   0   0   0   1
  6T   0   0   0   0   0   0   0   0   1   1   1   1   1   1   1   0   0   0   0   0   0   0   0   0   0
  7T   1   1   1   1   1   1   1   1   1   1   1   1   1   1   1   1   1   1   1   1   1   1   1   1   1
  8T   0   0   0   0   0   1   0   0   0   0   0   0   0   0   0   0   0   0   0   0   0   1   1   1   1
  9T   0   0   0   0   0   0   0   0   0   1   1   1   1   1   1   1   1   1   1   1   1   1   1   1   1
 10T   1   1   1   1   1   0   0   0   0   0   0   0   0   0   0   0   0   1   1   1   1   1   1   1   1
 11T   1   1   1   1   1   1   1   1   1   1   1   1   1   0   0   0   0   0   0   0   0   0   0   0   0
 12T   1   1   1   1   1   1   1   1   1   0   0   0   0   0   1   1   0   0   0   0   0   0   0   0   1
 13T   0   0   0   0   0   0   0   0   0   0   0   0   0   0   0   0   0   0   0   1   1   1   1   1   0
 14T   0   0   0   0   0   0   0   0   0   0   1   1   1   1   1   1   1   1   1   1   1   1   1   1   0
 15T   1   1   1   1   1   1   1   1   1   1   1   1   1   1   0   0   0   0   0   0   0   0   0   0   0
 16T   1   1   1   1   1   0   0   0   0   0   0   0   0   0   0   1   1   0   0   0   0   0   0   0   0
 17T   0   0   0   0   0   0   0   1   1   1   1   1   1   1   1   1   1   1   1   1   1   1   1   1   0
 18T   0   0   0   0   0   1   0   0   0   0   0   0   0   0   0   0   0   0   0   0   1   0   0   0   0
 19T   1   1   1   1   1   1   1   1   1   1   1   1   0   0   0   0   0   0   0   0   0   0   0   0   0
 20T   1   1   1   1   1   1   1   1   0   0   0   0   0   0   0   0   1   1   1   1   1   0   0   0   0
 21T   0   0   0   0   0   0   0   0   0   0   0   0   0   0   0   0   0   0   0   1   0   0   0   0   0
 22T   0   0   0   0   0   0   0   0   0   0   0   0   0   0   0   0   1   1   0   0   0   0   0   0   0
 23T   0   0   0   0   0   0   0   0   0   0   0   0   1   1   1   1   1   1   1   0   0   0   0   0   0
 24T   1   1   1   1   1   1   1   1   1   1   0   0   0   0   0   0   0   0   1   1   0   0   0   0   0
 25T   0   0   0   0   0   0   1   0   0   0   0   0   0   0   0   0   0   0   0   0   0   0   0   0   1
