Number of Tool Switches: 28 

Time elapsed: 0.015856 
Tool Sequence:
      4J 14J  8J 10J 16J  5J 13J 11J  1J 17J  9J 15J  6J 20J 19J  2J 18J  3J 12J  7J
  1T   1   1   1   1   1   1   1   1   1   1   1   1   1   1   1   1   1   1   1   1
  2T   1   1   1   1   1   1   1   1   1   1   1   1   1   1   1   1   1   1   1   1
  3T   1   1   1   1   1   1   1   1   1   1   1   0   0   0   0   0   1   1   1   1
  4T   1   1   1   1   1   1   1   1   0   0   0   0   0   0   0   0   0   0   1   1
  5T   1   1   1   1   1   1   1   1   1   1   1   1   1   1   1   1   1   1   1   1
  6T   1   1   1   1   0   0   0   0   0   0   0   1   1   1   1   1   1   1   1   1
  7T   0   0   0   0   0   1   1   1   1   1   1   1   1   1   1   1   1   1   1   0
  8T   1   1   1   1   1   1   1   1   1   1   1   1   1   0   0   0   0   0   0   1
  9T   1   1   1   1   1   1   1   1   1   1   1   1   1   1   1   1   1   1   0   0
 10T   0   0   0   0   1   1   1   1   1   1   1   1   1   1   1   1   1   1   1   1
 11T   1   1   1   1   0   0   0   0   0   0   0   0   0   0   0   0   1   1   1   1
 12T   1   1   1   1   0   0   0   0   0   0   1   1   1   1   1   1   1   1   1   1
 13T   0   0   0   0   1   1   1   1   1   1   1   1   1   1   1   1   1   1   1   1
 14T   0   0   0   0   1   1   1   1   1   1   1   1   1   1   1   1   1   1   1   1
 15T   1   1   1   1   1   1   1   1   1   1   0   0   0   0   0   0   0   0   1   1
 16T   1   1   1   1   1   1   1   1   1   1   1   1   1   1   1   1   1   1   0   0
 17T   1   1   1   1   1   1   1   1   1   1   1   1   1   1   1   1   1   1   1   1
 18T   0   0   0   0   0   0   0   0   1   1   1   1   1   1   1   1   1   1   1   1
 19T   1   1   1   1   1   1   1   1   1   1   1   1   1   1   1   1   0   0   0   0
 20T   1   1   1   1   1   0   0   0   0   0   0   0   0   1   1   1   0   0   0   0
