Number of Tool Switches: 26 

Time elapsed: 0.016185 
Tool Sequence:
     19J  1J  2J 11J 13J  5J 20J 10J  3J 18J  4J 14J  7J  8J 16J 17J 15J 12J  9J  6J
  1T   1   1   1   1   1   1   1   1   1   1   1   1   1   1   1   1   1   1   1   1
  2T   1   1   1   0   0   0   0   0   0   0   0   0   0   0   0   0   0   0   0   0
  3T   1   1   1   1   1   1   1   1   1   1   1   1   1   1   1   1   1   1   1   1
  4T   1   1   1   1   1   1   1   1   1   1   1   1   1   1   1   1   1   1   1   1
  5T   1   1   1   1   1   1   1   1   1   1   1   1   1   1   1   1   1   1   1   1
  6T   1   1   1   1   1   1   1   1   1   1   1   1   1   1   1   1   1   1   1   1
  7T   0   0   0   0   0   0   0   1   1   1   1   1   1   1   1   1   1   1   1   1
  8T   1   1   1   1   1   1   1   0   0   0   1   1   1   1   1   1   1   1   1   1
  9T   1   1   1   1   1   1   1   1   1   1   1   1   1   1   1   1   1   1   1   1
 10T   0   0   0   0   1   1   1   1   1   1   1   1   1   1   1   1   1   1   1   1
 11T   0   0   0   1   1   1   1   1   1   1   1   1   1   1   1   1   1   1   1   1
 12T   0   0   0   0   0   0   1   1   1   1   1   1   0   0   0   0   0   0   0   0
 13T   1   1   1   1   1   1   1   1   1   1   0   0   0   0   0   0   0   1   1   1
 14T   1   1   1   1   1   1   1   1   1   1   1   1   1   1   1   1   1   1   1   1
 15T   1   1   1   1   1   1   1   1   1   1   1   1   1   1   1   1   1   0   0   0
 16T   1   1   1   1   1   1   1   1   1   1   1   1   1   1   1   1   1   1   1   0
 17T   0   0   0   1   1   1   1   1   1   1   1   1   1   1   0   0   0   0   0   1
 18T   1   1   1   1   1   1   0   0   0   0   0   0   1   1   1   1   1   1   1   1
 19T   1   1   1   0   0   0   0   0   0   0   0   0   0   0   0   0   0   1   1   1
 20T   1   1   1   1   0   0   0   0   0   0   0   0   0   0   1   1   1   0   0   0
