Number of Tool Switches: 71 

Time elapsed: 0.018223 
Tool Sequence:
     12J  2J 18J  1J  4J 10J  7J 17J 11J 14J 20J  8J 15J 13J 19J 16J  6J  9J  5J  3J
  1T   0   0   1   1   1   1   1   0   0   0   1   1   1   1   1   1   0   0   0   1
  2T   0   0   0   0   1   1   1   1   1   1   1   1   1   1   1   0   0   0   1   0
  3T   0   0   1   1   1   0   0   1   0   0   0   0   0   1   1   1   0   1   1   0
  4T   0   0   0   0   0   0   0   1   1   1   1   1   1   1   1   1   1   1   0   0
  5T   0   0   0   0   0   1   1   1   1   1   1   0   0   0   1   1   0   1   0   0
  6T   0   0   1   1   1   1   1   1   1   1   0   0   0   0   0   0   0   0   1   1
  7T   1   1   1   1   1   1   1   1   1   1   0   0   0   0   0   0   1   1   1   1
  8T   1   1   0   1   1   1   1   0   0   0   1   0   0   0   0   0   1   1   1   1
  9T   1   1   1   1   0   1   0   0   0   0   0   0   1   1   1   1   1   1   1   1
 10T   1   1   1   1   0   0   1   1   0   0   0   0   1   1   1   1   1   1   1   1
 11T   1   1   0   1   1   1   1   1   1   0   0   0   0   0   0   1   0   0   0   0
 12T   0   0   1   0   0   1   1   1   1   1   1   1   1   1   1   1   1   0   0   0
 13T   1   1   1   0   0   0   0   1   1   1   1   1   0   0   0   0   0   0   1   1
 14T   1   1   0   0   1   0   0   1   1   1   1   1   1   1   1   1   1   1   1   1
 15T   1   1   0   0   1   1   1   1   1   1   1   0   0   0   1   1   1   1   0   1
 16T   1   1   1   1   1   0   0   0   0   0   0   1   1   1   0   0   0   0   1   0
 17T   1   1   1   1   1   1   1   0   0   0   0   1   1   0   0   1   1   1   1   0
 18T   1   1   1   1   0   0   0   0   1   1   1   1   0   0   0   0   1   1   1   0
 19T   1   0   0   0   1   1   1   1   1   1   1   1   1   1   1   1   1   1   0   1
 20T   1   1   1   0   0   1   1   0   0   1   1   1   1   1   0   0   0   0   0   0
 21T   1   1   0   0   0   0   0   0   0   0   0   0   0   1   1   1   1   1   1   1
 22T   1   1   0   1   1   1   1   1   1   1   1   1   1   1   1   0   1   0   0   1
 23T   0   1   1   1   1   0   0   0   0   0   0   1   1   0   0   1   1   1   0   1
 24T   0   0   1   1   0   0   0   0   1   1   1   1   1   1   1   0   0   0   1   1
 25T   0   0   1   1   1   1   1   1   1   1   1   1   1   1   1   1   1   1   1   1
