Number of Tool Switches: 30 

Time elapsed: 0.017024 
Tool Sequence:
     13J 10J 18J 20J  1J  2J 11J 16J  7J 17J  8J 14J  6J  3J  4J  9J 15J  5J 19J 12J
  1T   1   1   1   1   1   1   1   1   1   1   1   1   0   0   0   0   0   0   0   1
  2T   1   1   1   1   1   1   1   1   1   1   1   1   1   1   1   1   1   1   1   1
  3T   1   1   1   1   1   1   1   1   1   1   1   1   1   1   1   1   1   1   1   1
  4T   1   1   1   1   1   1   1   1   1   0   0   0   1   1   1   1   1   0   0   0
  5T   1   1   1   1   1   1   1   1   1   1   1   1   1   1   1   1   1   1   1   1
  6T   0   0   0   1   1   1   1   0   0   0   0   0   0   0   0   0   0   1   1   1
  7T   1   1   1   1   1   1   1   1   1   1   1   1   1   1   1   1   1   1   1   1
  8T   1   1   1   1   1   1   1   1   1   1   1   1   1   1   1   1   1   1   1   1
  9T   1   1   1   0   0   0   1   1   1   1   1   1   1   1   1   1   0   0   0   0
 10T   0   0   0   1   1   1   1   1   0   0   0   0   0   1   1   1   1   1   1   1
 11T   1   1   1   0   0   0   0   0   0   1   1   1   1   1   1   1   1   1   1   1
 12T   0   0   0   0   0   0   0   1   1   1   1   1   1   1   1   1   1   1   1   1
 13T   1   1   1   1   1   1   1   1   1   1   1   1   1   1   1   1   1   1   1   1
 14T   0   0   0   0   0   0   0   0   1   1   1   1   1   0   0   0   0   0   1   1
 15T   0   0   0   1   1   1   0   0   0   0   0   0   0   0   0   1   1   1   0   0
 16T   1   1   1   1   1   1   1   1   1   1   1   1   1   1   1   0   0   0   0   0
 17T   1   1   1   0   0   0   0   0   1   1   1   1   1   1   1   1   1   1   1   1
 18T   1   1   1   1   1   1   1   1   0   0   0   0   0   0   0   0   1   1   1   1
 19T   1   1   1   1   1   1   1   1   1   1   1   1   1   1   1   1   1   1   1   1
 20T   1   1   1   1   1   1   1   1   1   1   1   1   1   1   1   1   1   1   1   0
