Number of Tool Switches: 38 

Time elapsed: 0.014707 
Tool Sequence:
     19J 15J  8J 17J 12J 16J  4J  5J  9J  2J 10J 13J 11J  3J  1J 14J  7J  6J 20J 18J
  1T   0   0   0   1   1   1   1   1   1   0   0   0   0   0   1   0   1   1   0   0
  2T   1   1   1   1   0   0   0   0   0   0   0   0   0   0   0   1   0   0   1   1
  3T   0   0   0   0   1   0   0   0   0   0   0   0   0   0   0   0   0   0   0   0
  4T   0   0   0   0   0   0   0   0   0   0   1   0   0   0   0   1   1   1   0   0
  5T   0   0   0   0   0   1   1   1   1   1   0   0   1   0   0   0   0   0   0   0
  6T   0   0   0   0   0   0   0   0   0   0   0   0   0   1   1   1   0   0   0   1
  7T   0   0   0   0   0   1   1   1   0   0   0   0   0   0   0   0   0   0   0   0
  8T   0   0   0   0   0   0   0   0   0   0   1   1   1   1   1   0   0   0   1   0
  9T   0   0   1   0   0   0   0   0   0   1   1   0   0   0   0   0   0   0   0   0
 10T   0   0   0   0   0   0   0   0   0   0   0   0   0   0   0   0   1   1   0   1
 11T   1   1   0   0   0   0   0   0   0   0   0   0   0   0   0   0   0   0   1   0
 12T   0   0   0   0   0   0   0   0   0   0   1   1   1   1   0   0   0   0   0   0
 13T   0   0   0   1   1   0   0   1   1   1   0   1   0   0   0   0   0   0   0   0
 14T   0   0   0   0   0   0   0   0   1   1   0   0   0   0   0   0   1   0   0   0
 15T   1   1   1   1   1   0   0   0   0   0   0   1   0   0   0   0   0   0   0   0
 16T   1   1   1   1   1   1   0   0   0   0   0   0   0   0   0   1   1   1   1   0
 17T   0   0   0   0   0   0   0   0   0   0   0   0   0   0   0   0   0   0   0   1
 18T   1   1   1   0   0   0   1   0   0   0   0   0   0   0   0   0   0   0   0   0
 19T   0   0   0   0   0   1   1   1   1   1   1   1   1   1   1   1   0   0   0   0
 20T   0   0   0   0   0   0   0   0   0   0   0   0   1   1   1   0   0   1   1   1
