Number of Tool Switches: 34 

Time elapsed: 0.015983 
Tool Sequence:
      6J  7J 12J 20J 10J  4J  1J 17J 18J 15J 16J 13J 14J  9J  3J  8J 11J  2J 19J  5J
  1T   1   1   1   1   1   1   1   1   1   1   1   1   1   1   1   1   1   1   1   1
  2T   0   0   0   0   0   0   0   0   0   0   0   1   1   1   0   0   0   0   0   0
  3T   1   1   1   1   1   1   1   1   0   0   0   0   1   1   1   1   1   1   1   1
  4T   1   1   1   1   1   1   1   1   1   1   1   0   0   0   0   0   0   0   1   1
  5T   1   1   1   1   1   1   1   1   1   1   0   0   0   0   0   0   0   0   0   0
  6T   0   0   0   0   0   0   0   1   1   1   1   1   1   1   1   1   1   1   1   1
  7T   1   1   1   1   1   1   1   1   1   0   0   0   0   0   0   0   0   0   0   1
  8T   1   1   1   1   1   1   1   1   1   1   1   1   1   1   1   1   1   1   1   1
  9T   1   1   1   1   1   1   1   1   1   1   1   1   1   1   1   1   1   1   1   1
 10T   0   0   0   0   0   0   0   1   0   0   0   0   0   0   0   1   1   1   1   1
 11T   1   1   1   1   1   1   1   0   0   0   0   0   0   0   0   1   1   1   1   1
 12T   1   1   1   1   1   1   1   1   1   1   1   1   1   1   1   0   0   0   0   0
 13T   1   1   1   1   1   1   1   0   0   0   0   0   0   0   0   1   1   1   1   1
 14T   0   0   0   0   0   0   0   0   0   1   1   1   0   0   0   0   0   0   0   0
 15T   0   0   0   0   0   0   0   0   0   0   0   1   1   1   1   1   1   1   1   1
 16T   0   0   0   0   0   0   0   0   0   0   1   1   1   1   1   1   1   1   1   1
 17T   0   0   0   0   0   0   0   0   1   0   0   0   0   0   0   0   1   1   1   0
 18T   0   0   0   0   0   0   0   0   1   1   1   0   0   0   0   0   0   0   0   1
 19T   1   1   1   1   1   1   1   1   1   1   1   1   1   1   1   0   0   0   0   0
 20T   1   1   1   1   1   1   1   1   0   0   0   0   0   0   1   1   1   1   0   0
 21T   0   0   0   0   0   0   0   0   0   1   1   1   1   1   1   1   1   1   1   1
 22T   1   1   1   1   1   1   1   1   1   1   1   1   1   1   1   1   1   1   1   1
 23T   1   1   1   1   1   1   1   1   1   1   1   1   1   1   1   1   1   1   1   0
 24T   0   0   0   0   0   0   0   0   1   1   1   1   1   1   1   1   0   0   0   0
 25T   1   1   1   1   1   1   1   1   1   1   1   1   1   1   1   0   0   0   0   0
