Number of Tool Switches: 20 

Time elapsed: 0.016476 
Tool Sequence:
     20J  6J 13J  8J 14J 12J 19J  3J 11J  5J  2J 18J 17J 10J  9J  4J 15J  7J  1J 16J
  1T   1   1   1   1   1   1   1   1   1   1   1   1   1   1   1   1   1   1   1   1
  2T   0   0   0   0   0   0   0   0   0   0   0   0   0   0   0   0   1   1   1   1
  3T   1   1   1   1   1   1   1   1   1   1   1   1   1   1   1   1   1   1   1   1
  4T   1   1   1   1   1   1   1   1   1   1   1   1   1   1   1   1   1   1   1   1
  5T   1   1   1   1   1   1   1   1   1   1   1   1   1   1   1   1   1   1   1   1
  6T   1   1   1   1   1   1   1   1   1   1   1   1   1   1   1   1   1   1   1   1
  7T   0   0   0   0   0   0   0   0   0   0   1   1   1   1   1   1   1   1   1   1
  8T   0   0   0   0   0   0   0   0   1   1   1   1   1   1   1   1   1   1   1   1
  9T   1   1   1   1   1   1   1   1   1   1   0   0   0   0   0   0   0   0   0   0
 10T   1   1   1   1   1   1   1   1   0   0   0   0   0   0   0   0   0   0   0   0
 11T   1   1   1   1   1   1   1   1   1   1   0   0   0   0   0   0   0   0   0   0
 12T   1   1   1   1   1   1   1   1   1   1   1   1   1   1   1   1   1   1   1   1
 13T   0   0   0   0   0   0   0   0   0   0   1   1   1   1   1   1   1   1   1   1
 14T   1   1   1   1   1   1   1   1   1   1   1   1   1   1   1   1   1   1   1   1
 15T   1   1   1   1   1   1   1   1   1   1   1   1   1   1   1   1   1   1   1   1
 16T   1   1   1   1   1   1   1   1   1   1   1   1   1   1   1   1   1   1   1   1
 17T   1   1   1   1   1   1   1   1   1   1   1   1   1   1   1   1   1   1   1   1
 18T   1   1   1   1   1   1   1   1   1   1   1   1   1   1   1   1   1   1   1   1
 19T   0   0   0   0   0   0   0   0   0   0   0   1   1   1   1   1   0   0   0   0
 20T   1   1   1   1   1   1   1   1   1   1   1   0   0   0   0   0   0   0   0   0
