Number of Tool Switches: 26 

Time elapsed: 0.015774 
Tool Sequence:
     13J 20J 11J  2J  9J 19J  3J 12J  8J  4J 15J  7J  5J 14J 18J 10J 17J  1J 16J  6J
  1T   1   1   1   1   1   1   1   1   1   1   1   1   1   1   1   1   1   1   1   1
  2T   1   1   1   1   1   1   1   1   1   1   1   1   1   1   1   1   1   1   1   1
  3T   1   1   1   1   1   1   1   1   1   1   1   1   1   1   0   0   0   1   1   1
  4T   1   1   1   1   1   1   1   1   1   1   1   1   1   1   1   1   1   1   1   1
  5T   1   1   1   1   1   1   1   1   0   0   0   0   0   0   0   0   0   1   1   1
  6T   1   1   1   1   1   1   1   1   1   0   0   0   0   0   0   0   0   1   1   1
  7T   1   1   1   1   1   1   1   0   0   0   0   0   0   0   0   0   0   0   0   1
  8T   1   1   1   1   1   1   1   1   1   1   1   1   1   1   1   1   1   1   1   1
  9T   0   0   0   0   0   0   0   0   1   1   1   1   1   1   1   1   1   1   1   1
 10T   0   0   0   0   0   0   0   0   0   1   1   1   1   1   1   1   1   0   0   0
 11T   0   0   0   0   0   0   0   0   1   1   1   1   1   1   1   1   1   1   1   1
 12T   1   1   1   1   1   1   1   1   1   1   1   1   1   1   1   1   1   0   0   0
 13T   1   1   1   1   1   1   1   1   1   1   1   1   1   1   1   1   1   0   0   0
 14T   1   1   1   1   1   1   1   1   1   1   1   1   1   1   1   1   1   1   1   1
 15T   0   0   0   0   0   0   0   0   0   0   0   0   0   0   0   0   0   1   1   1
 16T   0   0   0   0   0   0   0   1   0   0   0   0   0   0   1   1   1   1   1   0
 17T   1   1   1   1   1   1   1   1   1   1   1   1   1   1   1   1   1   1   1   1
 18T   1   1   1   1   1   1   1   1   1   1   1   1   1   1   1   1   1   1   1   1
 19T   1   1   1   1   1   1   1   1   1   1   1   1   1   1   1   1   1   1   1   0
 20T   1   1   1   1   1   1   1   1   1   1   1   1   1   1   1   1   1   0   0   1
