Number of Tool Switches: 77 

Time elapsed: 0.018430 
Tool Sequence:
      6J  4J  7J  3J  1J 20J 12J 17J 19J 14J 15J  9J  5J 16J  8J  2J 10J 18J 13J 11J
  1T   1   1   1   1   1   1   1   1   1   1   1   1   0   0   0   1   1   1   1   0
  2T   0   0   0   0   0   0   0   0   1   1   1   1   0   1   1   1   1   1   1   1
  3T   1   1   0   1   0   0   0   0   0   0   0   1   1   1   1   1   1   0   0   0
  4T   0   0   0   1   1   1   1   1   1   1   1   1   1   1   1   1   1   1   1   1
  5T   0   0   0   0   0   0   1   1   0   1   1   1   1   1   1   1   1   1   0   0
  6T   1   0   0   0   0   0   0   1   1   1   1   0   0   0   0   0   0   0   1   0
  7T   0   0   1   0   0   1   0   0   0   0   0   1   1   1   1   1   1   1   1   1
  8T   0   0   1   1   1   1   1   1   0   0   1   1   0   1   1   0   0   0   0   1
  9T   1   1   1   1   1   1   1   0   0   0   0   1   0   0   0   0   0   1   1   1
 10T   1   1   1   0   0   1   1   1   1   1   1   0   1   1   1   1   0   0   0   1
 11T   1   1   1   1   0   0   0   0   0   0   0   0   1   1   0   0   0   1   1   1
 12T   1   1   1   1   1   1   0   0   0   1   1   1   1   1   1   1   1   1   1   1
 13T   0   0   0   1   1   1   1   0   0   1   1   0   1   0   0   1   1   1   1   0
 14T   1   1   0   0   1   1   1   1   1   1   0   0   0   1   1   0   0   0   0   1
 15T   1   1   1   1   1   1   1   1   1   1   0   0   0   0   0   0   1   1   1   1
 16T   1   1   1   0   0   0   1   1   0   1   0   0   1   1   1   1   1   1   1   1
 17T   1   1   0   1   1   0   0   0   1   1   1   0   1   0   0   1   1   1   1   1
 18T   1   1   1   0   0   0   0   1   1   0   0   0   0   0   1   1   0   0   1   1
 19T   0   0   0   0   1   1   1   0   0   1   1   1   1   1   0   0   0   1   1   0
 20T   0   0   1   1   1   1   1   1   1   0   0   0   1   1   1   1   1   0   0   1
 21T   0   1   0   1   1   1   1   1   1   0   0   1   1   1   1   0   0   0   0   0
 22T   1   0   1   1   1   1   1   1   1   1   1   1   1   0   0   0   1   1   0   0
 23T   0   1   1   1   1   0   0   1   1   1   1   1   0   1   1   1   1   1   1   1
 24T   1   1   1   0   0   1   1   1   1   0   1   1   1   0   0   0   0   0   0   0
 25T   1   1   1   1   1   0   0   0   1   0   1   1   0   0   1   1   1   0   0   0
