Number of Tool Switches: 29 

Time elapsed: 0.016296 
Tool Sequence:
      3J 14J  2J 20J 13J 11J 17J  8J 18J  4J  7J 12J 15J 16J  9J 19J 10J  6J  5J  1J
  1T   1   1   1   1   1   1   0   0   0   0   0   0   0   0   1   1   1   1   1   1
  2T   1   1   1   1   1   1   1   1   1   0   0   0   0   0   0   1   1   1   1   1
  3T   0   0   0   0   0   0   0   1   1   1   1   1   1   1   1   1   1   1   1   1
  4T   0   0   0   1   1   1   1   1   1   1   1   1   1   1   1   1   1   1   1   1
  5T   1   1   1   1   1   1   1   1   1   1   1   1   1   1   1   0   0   0   0   0
  6T   1   1   1   1   1   1   1   1   1   1   1   1   1   1   0   0   0   0   0   0
  7T   1   1   1   1   1   1   1   1   1   1   1   1   1   1   1   1   1   1   1   1
  8T   1   1   1   1   1   1   1   1   1   1   1   1   1   1   1   1   1   1   1   1
  9T   1   1   1   1   1   1   1   1   1   1   1   1   1   1   1   1   1   1   1   1
 10T   1   1   1   1   1   1   1   1   1   0   0   0   1   1   1   1   1   1   1   1
 11T   0   0   0   0   0   0   1   1   1   1   1   1   1   1   1   1   1   1   1   1
 12T   0   0   0   1   1   1   1   0   0   0   0   0   1   1   1   1   1   1   1   1
 13T   1   1   1   0   0   0   0   1   1   1   1   1   1   1   1   0   0   0   0   1
 14T   1   1   1   1   1   1   1   1   1   1   1   1   0   0   0   0   0   0   0   0
 15T   1   1   1   1   0   0   0   0   0   1   1   1   1   1   1   1   1   1   1   1
 16T   1   1   1   1   1   1   1   1   1   1   1   1   1   1   1   1   1   1   1   1
 17T   1   1   1   0   0   0   0   0   0   1   1   1   1   1   1   1   1   1   1   1
 18T   1   1   1   1   1   1   1   0   0   0   0   0   0   0   0   1   1   1   1   0
 19T   1   1   1   1   1   1   1   1   1   1   1   1   0   0   0   0   0   0   0   0
 20T   0   0   0   0   1   1   1   1   1   1   1   1   1   1   1   1   1   1   1   1
