Number of Tool Switches: 30 

Time elapsed: 0.015229 
Tool Sequence:
     12J 15J 20J  9J  1J  6J  4J  2J  7J  3J 17J 13J 10J 16J 14J  5J 19J 18J 11J  8J
  1T   1   1   0   0   0   0   0   0   0   0   0   0   0   1   1   1   1   0   0   0
  2T   0   0   0   0   0   1   1   1   0   0   0   0   0   0   1   1   1   1   1   1
  3T   0   0   0   0   0   0   0   0   1   1   1   1   1   1   0   0   0   0   0   1
  4T   1   1   0   0   0   0   0   0   0   0   0   0   0   0   0   0   0   0   1   1
  5T   0   0   1   1   0   0   0   0   0   0   1   1   1   1   1   1   0   1   1   1
  6T   0   0   0   1   1   1   1   1   1   1   0   0   0   0   0   0   0   0   0   0
  7T   0   0   0   0   0   0   1   1   1   1   1   0   1   1   1   1   0   0   1   0
  8T   0   0   0   0   1   1   1   0   0   0   0   0   0   0   0   0   1   1   1   1
  9T   1   0   0   0   0   0   0   0   0   0   0   1   1   0   0   0   0   0   0   0
 10T   1   1   1   1   1   0   0   0   0   0   0   0   0   0   0   0   1   0   0   0
 11T   0   0   0   0   0   0   0   1   1   1   1   0   0   0   0   0   0   1   0   0
 12T   0   1   1   0   0   0   0   0   0   1   1   1   0   0   0   0   0   0   0   0
 13T   0   0   1   1   1   1   1   1   1   0   0   0   0   0   0   0   1   0   0   0
 14T   1   1   1   1   1   1   0   0   0   0   0   0   0   0   0   0   0   1   0   0
 15T   0   0   0   0   0   0   0   0   0   0   0   1   1   1   1   1   0   0   0   0
