Number of Tool Switches: 23 

Time elapsed: 0.014585 
Tool Sequence:
      4J 20J 19J  7J  6J 17J 18J 13J  8J 10J  9J  1J 16J 11J  5J  3J  2J 14J 15J 12J
  1T   0   0   0   0   1   1   0   0   0   0   0   0   1   1   1   1   1   1   1   1
  2T   0   0   0   0   0   1   1   1   1   1   1   1   1   1   1   1   0   0   0   1
  3T   1   1   1   1   0   0   0   0   0   0   0   0   0   0   0   1   1   1   1   1
  4T   1   1   1   1   1   1   1   1   1   1   1   1   1   1   1   1   1   1   1   1
  5T   1   1   1   1   1   1   1   1   1   1   1   0   0   0   0   0   0   0   1   1
  6T   0   0   0   0   0   1   1   1   1   1   1   1   0   0   0   0   0   0   0   0
  7T   1   1   1   1   1   1   1   1   1   0   0   0   0   0   0   0   0   1   1   1
  8T   1   1   1   1   1   1   1   1   1   1   1   1   1   1   1   1   1   1   1   1
  9T   1   1   1   1   1   0   0   0   0   0   0   0   1   1   1   1   1   1   1   1
 10T   1   1   1   1   1   0   0   0   0   1   1   1   1   1   1   0   0   0   0   0
 11T   0   0   0   0   0   0   1   1   1   1   1   1   1   1   1   1   1   1   1   0
 12T   1   1   1   1   1   1   1   1   1   1   1   1   0   0   0   0   1   1   1   1
 13T   1   1   1   1   1   1   1   1   1   1   1   1   1   1   1   1   1   0   0   0
 14T   1   1   1   1   1   1   1   1   1   1   1   1   1   1   1   1   1   1   0   0
 15T   0   0   0   0   0   0   0   0   0   0   0   1   1   1   1   1   1   1   1   1
