Number of Tool Switches: 30 

Time elapsed: 0.031693 
Tool Sequence:
      4J 14J  9J  8J 10J 12J 24J 25J 15J 11J 21J 22J 19J 23J  6J 17J 16J  2J 18J  3J 20J 13J  1J  7J  5J
  1T   1   1   1   1   1   1   1   1   0   0   0   0   0   0   0   0   0   0   0   0   0   0   0   0   1
  2T   1   1   1   1   1   1   1   1   0   0   0   0   0   0   0   0   0   0   0   0   1   1   1   1   1
  3T   1   1   1   1   1   1   1   0   0   0   0   0   0   0   0   0   0   0   0   0   0   0   1   1   1
  4T   0   0   0   0   0   0   0   0   0   0   0   1   1   1   1   1   1   1   1   1   1   1   1   1   1
  5T   1   1   1   1   1   1   1   1   1   1   1   1   1   1   1   1   1   1   1   1   1   1   1   1   1
  6T   0   0   0   0   0   0   0   0   0   0   0   0   0   0   0   0   0   0   0   1   1   1   0   0   0
  7T   1   1   1   1   1   1   0   0   0   0   0   0   0   0   0   0   0   0   0   0   0   0   1   1   1
  8T   1   1   1   1   1   1   1   1   0   0   0   0   0   0   0   0   1   1   1   1   1   1   1   1   1
  9T   0   0   0   0   0   0   0   0   0   0   0   0   0   0   0   0   0   0   0   1   0   0   0   0   0
 10T   0   0   0   0   0   0   0   0   1   1   1   1   1   1   1   1   1   1   1   1   0   0   0   0   0
 11T   0   0   0   0   0   0   0   0   1   1   1   1   1   1   1   1   0   0   0   0   0   0   0   0   0
 12T   0   0   0   0   0   0   0   0   0   0   0   0   0   0   0   0   0   0   0   0   0   0   1   1   1
 13T   0   0   0   0   0   0   0   0   0   0   0   0   0   0   0   0   0   1   1   0   0   0   0   0   0
 14T   0   0   0   0   0   0   0   1   1   1   1   1   1   1   1   1   1   1   1   1   1   1   0   0   0
 15T   1   1   1   1   1   1   1   1   1   1   0   0   0   0   0   0   0   0   0   0   0   0   0   0   0
 16T   1   1   1   1   1   1   1   1   1   1   1   1   1   1   1   1   1   1   1   1   1   1   1   1   1
 17T   0   0   0   0   0   0   0   0   1   1   1   1   1   0   0   0   0   0   0   0   0   0   0   0   0
 18T   0   0   0   0   0   0   0   0   0   0   0   0   0   0   0   1   1   0   0   0   0   0   0   0   0
 19T   0   0   0   0   0   0   0   0   0   0   0   0   0   0   0   0   0   0   0   0   1   1   1   1   0
 20T   0   0   0   0   0   0   0   0   0   0   1   1   1   1   1   1   1   1   1   1   1   1   0   0   0
 21T   0   0   0   0   0   0   0   0   0   0   0   0   0   0   0   0   1   1   1   0   0   0   0   0   0
 22T   0   0   0   0   0   0   1   1   1   1   1   1   1   1   1   1   0   0   0   0   0   0   0   0   0
 23T   1   1   1   1   1   1   1   1   1   1   1   1   1   1   1   1   1   1   1   1   1   1   1   1   1
 24T   0   0   0   0   0   0   0   0   0   0   0   0   0   1   1   0   0   0   0   0   0   0   0   0   0
 25T   1   1   1   1   1   1   1   1   1   1   1   0   0   0   0   0   0   0   0   0   0   0   0   0   0
