Number of Tool Switches: 66 

Time elapsed: 0.018268 
Tool Sequence:
     14J 17J  4J  8J  9J  2J  7J  6J 16J 11J 20J  5J 19J 10J 15J 13J 18J  3J  1J 12J
  1T   0   0   1   1   1   1   1   1   1   1   1   1   1   0   0   0   0   1   1   1
  2T   1   1   1   1   1   1   0   0   0   0   0   0   1   1   0   0   1   1   1   1
  3T   1   1   1   1   1   0   0   0   0   0   1   1   1   1   1   1   1   1   1   1
  4T   0   0   1   0   0   0   0   1   1   1   1   0   0   0   0   0   0   0   1   1
  5T   0   0   1   1   0   0   1   1   1   1   0   1   1   0   0   0   0   0   0   0
  6T   1   1   0   0   0   0   1   1   0   1   0   0   0   0   0   1   1   1   1   1
  7T   0   0   0   0   1   1   1   1   0   0   0   1   1   1   1   1   1   1   1   1
  8T   1   1   1   1   1   1   1   1   1   1   0   0   0   1   1   0   0   0   0   0
  9T   1   1   1   1   0   1   1   1   1   1   1   1   1   1   1   1   1   1   0   0
 10T   0   0   1   1   1   1   0   0   0   0   0   0   0   0   1   1   0   0   0   0
 11T   1   1   1   1   1   1   1   1   1   1   1   1   0   0   0   0   0   0   0   1
 12T   1   1   0   0   0   0   0   0   1   0   1   1   1   1   1   1   1   1   1   1
 13T   1   1   1   0   0   0   0   0   0   1   1   1   1   1   1   1   1   0   0   0
 14T   1   1   0   0   0   0   1   1   1   1   1   1   1   1   1   1   1   0   0   0
 15T   0   0   0   1   1   0   0   0   1   1   0   1   1   1   1   1   1   1   1   1
 16T   1   1   1   1   1   1   1   1   1   0   1   0   0   0   0   1   1   1   1   1
 17T   0   0   0   1   1   1   1   1   0   0   0   1   1   1   1   1   1   1   1   1
 18T   0   0   0   1   1   1   1   0   0   0   1   1   1   1   1   1   1   1   1   1
 19T   1   1   1   0   0   1   1   1   1   1   0   0   0   0   1   1   1   1   1   1
 20T   1   1   1   1   1   1   0   0   0   0   1   1   1   1   0   0   0   0   1   1
 21T   1   1   0   0   0   0   0   0   1   1   1   0   0   1   1   0   0   1   1   1
 22T   1   1   0   0   0   1   1   0   0   1   1   1   1   0   0   0   1   0   0   0
 23T   0   0   0   0   1   0   0   1   1   1   1   1   1   1   1   1   1   1   0   0
 24T   1   1   1   1   1   1   1   1   1   0   1   0   0   1   1   1   0   0   1   0
 25T   0   0   1   1   1   1   1   1   1   1   0   0   0   0   0   0   0   1   0   0
