Number of Tool Switches: 38 

Time elapsed: 0.005501 
Tool Sequence:
      2J  8J  1J  7J 14J 10J 13J  9J  4J 12J  6J 15J 11J  5J  3J
  1T   0   0   0   0   0   0   1   1   1   0   0   1   0   0   0
  2T   1   1   1   1   1   1   0   0   0   0   0   0   0   1   1
  3T   0   0   0   0   1   1   0   0   0   0   0   0   0   0   0
  4T   0   0   0   0   1   1   1   1   1   0   0   0   0   0   0
  5T   0   0   0   1   0   0   1   1   1   1   1   0   0   0   0
  6T   0   0   0   0   0   1   1   1   1   0   0   0   1   1   1
  7T   1   0   0   0   0   0   0   0   0   0   0   0   0   0   0
  8T   0   0   0   0   0   0   0   0   0   0   0   1   0   0   0
  9T   0   0   1   1   1   1   0   0   0   1   0   0   0   0   0
 10T   1   1   0   0   0   0   0   0   0   0   1   1   1   0   1
 11T   0   0   1   1   0   0   0   0   1   0   0   1   1   0   1
 12T   1   1   1   0   0   0   0   0   0   1   0   0   0   0   0
 13T   1   1   1   1   0   0   0   0   0   0   0   0   0   0   1
 14T   0   1   0   0   0   0   0   0   0   1   1   1   1   1   0
 15T   0   0   0   0   1   1   0   0   0   0   0   0   1   0   0
 16T   0   0   0   0   0   0   1   1   1   0   1   0   0   0   0
 17T   0   0   0   0   0   0   0   0   0   1   1   1   1   1   0
 18T   0   0   0   0   1   0   0   0   0   0   0   0   0   1   0
 19T   1   1   1   1   0   0   1   1   0   0   0   0   0   0   0
 20T   0   0   0   0   0   0   0   0   0   1   1   0   0   1   1
