Number of Tool Switches: 28 

Time elapsed: 0.005310 
Tool Sequence:
      1J 13J 11J  7J 12J  6J  3J  2J 15J 14J  5J  4J 10J  8J  9J
  1T   1   1   1   1   0   0   0   0   0   0   0   0   0   0   0
  2T   0   0   0   0   0   1   0   0   0   0   0   0   0   0   1
  3T   0   0   0   1   1   0   0   0   0   0   0   0   0   1   0
  4T   0   0   0   0   0   0   0   0   0   1   0   0   0   0   1
  5T   0   0   0   0   0   0   0   1   1   1   1   1   1   0   0
  6T   0   0   0   0   0   1   1   0   0   0   0   0   0   0   0
  7T   1   1   1   0   0   0   0   0   0   0   0   0   0   0   0
  8T   0   0   0   0   0   1   1   1   1   1   1   1   0   0   0
  9T   0   0   0   0   0   0   0   0   0   0   0   0   0   1   1
 10T   1   1   1   1   1   1   1   1   1   1   1   1   1   1   0
 11T   0   0   0   0   0   0   0   1   0   0   0   0   0   0   0
 12T   0   0   0   0   0   0   1   1   1   1   1   1   1   1   0
 13T   1   1   1   1   1   0   0   0   0   0   0   1   1   1   1
 14T   0   0   0   0   0   0   0   0   0   0   1   0   0   0   0
 15T   0   0   0   0   0   0   0   0   1   0   0   0   0   0   1
 16T   0   0   0   0   0   0   0   0   0   0   0   0   0   1   0
 17T   1   1   1   1   0   0   0   0   0   0   0   0   0   0   1
 18T   0   0   0   0   1   1   1   1   1   1   1   1   0   0   0
 19T   1   1   1   1   1   0   0   0   0   0   0   0   1   0   0
 20T   0   0   0   0   1   1   1   0   0   0   0   0   1   0   0
