Number of Tool Switches: 22 

Time elapsed: 0.005679 
Tool Sequence:
     10J 14J  9J 15J 13J  7J  1J  5J  4J  3J 12J 11J  6J  8J  2J
  1T   1   1   1   1   1   1   1   1   1   1   1   1   1   0   0
  2T   0   0   0   0   0   1   1   1   1   1   1   1   1   0   0
  3T   1   1   1   1   1   1   1   1   1   1   1   1   1   1   1
  4T   1   1   1   1   1   1   1   1   1   1   1   0   0   0   0
  5T   1   1   1   1   1   1   1   1   1   1   1   0   0   0   0
  6T   1   1   1   1   1   0   0   0   0   0   0   0   0   0   0
  7T   0   0   0   0   0   0   0   0   0   0   0   0   0   1   1
  8T   1   1   1   1   1   1   1   1   1   1   1   1   1   1   1
  9T   0   0   0   0   0   1   1   1   1   1   1   1   1   1   1
 10T   0   0   0   0   0   0   0   0   0   1   1   1   1   1   1
 11T   0   0   0   0   0   0   0   0   0   0   1   1   1   1   1
 12T   1   1   1   1   1   1   1   1   1   1   1   1   0   0   0
 13T   1   1   1   1   1   0   0   0   0   0   0   0   0   1   1
 14T   0   0   0   0   0   1   1   1   1   1   0   0   0   0   0
 15T   0   0   0   0   0   0   0   0   0   0   0   0   0   1   1
 16T   1   1   1   1   1   0   0   0   0   0   0   0   1   0   0
 17T   1   1   1   1   1   1   1   0   0   0   0   0   0   0   0
 18T   0   0   0   0   0   0   0   0   0   0   0   1   1   1   1
 19T   0   0   0   0   0   0   0   1   1   0   0   0   0   0   0
 20T   0   0   0   0   0   0   0   0   0   0   0   1   1   1   1
