Number of Tool Switches: 21 

Time elapsed: 0.006662 
Tool Sequence:
      8J  9J  1J 12J 10J  3J  5J 15J  7J  2J  6J 11J 13J  4J 14J
  1T   0   0   0   0   0   0   0   0   0   0   0   0   0   0   1
  2T   0   0   0   0   0   0   0   0   0   1   1   1   1   1   1
  3T   0   0   0   0   1   1   1   1   1   1   1   1   1   1   1
  4T   0   0   0   0   0   0   0   0   0   0   0   0   0   0   1
  5T   1   1   1   1   1   1   1   1   1   1   1   1   1   1   1
  6T   1   1   1   1   1   1   1   1   1   1   1   1   1   1   1
  7T   1   1   1   1   1   1   0   0   0   0   0   0   0   0   0
  8T   0   0   0   0   1   1   1   1   1   1   1   1   1   1   1
  9T   1   1   1   1   0   0   0   0   0   0   0   0   0   0   0
 10T   1   1   1   1   1   1   1   1   1   1   1   1   1   1   0
 11T   0   0   0   0   0   0   0   0   0   0   0   1   1   1   1
 12T   0   0   0   0   0   0   0   1   1   1   1   1   1   0   0
 13T   1   1   1   1   1   1   1   1   1   1   1   0   0   0   0
 14T   1   1   1   1   1   1   1   1   1   1   0   0   0   0   0
 15T   1   1   1   1   1   1   1   0   0   0   0   0   0   0   0
 16T   1   1   1   1   1   1   1   1   1   1   1   1   1   1   1
 17T   0   0   0   0   0   0   0   0   0   0   0   0   0   1   0
 18T   0   0   0   0   0   0   1   1   1   0   0   0   0   0   0
 19T   1   1   1   1   0   0   0   0   0   0   0   1   1   1   1
 20T   0   0   0   0   0   0   0   0   0   0   1   0   0   0   0
