Number of Tool Switches: 32 

Time elapsed: 0.005386 
Tool Sequence:
      8J  9J 15J 18J  2J  6J 14J  3J  1J  7J 12J 11J 19J 20J  4J  5J 17J 10J 16J 13J
  1T   1   1   0   0   0   0   0   0   1   1   1   1   1   1   1   1   1   1   1   1
  2T   0   0   0   1   0   0   0   0   0   0   0   1   0   0   0   0   0   0   0   1
  3T   1   1   0   0   1   1   0   0   0   0   0   0   0   1   1   0   0   0   0   0
  4T   1   1   1   1   1   0   0   1   0   0   0   0   0   0   0   0   1   1   1   1
  5T   0   0   0   0   0   1   1   1   1   0   1   1   1   1   0   0   0   0   0   0
  6T   0   0   0   0   1   0   0   0   0   1   1   1   0   0   0   0   0   0   1   1
  7T   0   0   0   0   0   0   0   0   0   0   0   0   0   0   0   1   1   1   1   0
  8T   0   0   0   0   0   0   0   0   0   0   0   0   0   0   1   1   0   0   0   0
  9T   1   1   1   1   0   0   0   0   0   1   0   0   0   0   0   0   0   0   0   0
 10T   0   0   0   0   0   1   1   1   1   1   1   1   1   1   1   1   1   1   0   0
 11T   0   1   1   1   0   0   0   0   0   0   0   0   1   0   0   0   0   0   0   0
 12T   0   0   1   1   1   1   1   1   1   0   0   0   0   0   0   0   0   0   0   1
 13T   0   0   0   0   0   0   0   0   0   1   1   0   0   0   0   0   0   0   0   0
 14T   0   0   0   0   1   1   1   1   1   0   0   0   1   0   0   0   0   0   0   0
 15T   1   0   1   0   0   0   1   0   0   0   0   0   0   1   1   1   1   1   1   0
