Number of Tool Switches: 20 

Time elapsed: 0.004351 
Tool Sequence:
      2J  4J 11J  6J  3J 14J  9J  1J  8J 16J 12J 13J 15J  5J  7J 18J 10J 17J 19J 20J
  1T   1   1   1   1   1   1   1   1   1   1   1   1   1   1   1   1   1   1   1   1
  2T   0   0   0   0   0   1   1   1   1   1   1   1   1   1   1   1   1   1   1   1
  3T   0   0   0   0   0   0   0   1   1   1   1   1   1   1   1   1   1   1   1   1
  4T   1   1   1   1   1   1   1   1   1   1   1   1   1   1   1   1   1   1   1   1
  5T   0   0   0   0   0   1   1   0   0   0   0   0   0   1   1   1   1   1   1   1
  6T   1   1   1   1   1   1   1   1   1   1   1   1   0   0   0   0   0   0   0   0
  7T   1   1   1   1   1   1   0   0   0   0   0   0   0   0   0   0   0   0   1   1
  8T   1   1   1   1   1   1   1   0   0   0   0   0   0   0   0   0   1   1   1   1
  9T   1   1   1   1   1   1   1   1   1   1   1   1   1   1   1   1   1   1   1   1
 10T   0   0   0   0   0   0   1   1   1   1   1   1   1   1   1   1   1   1   1   1
 11T   1   1   1   1   1   1   1   1   1   1   1   1   1   1   1   1   1   1   1   1
 12T   1   1   1   1   1   1   1   1   1   1   1   1   1   1   1   1   1   0   0   0
 13T   1   1   1   1   1   0   0   0   0   0   0   0   1   0   0   0   0   0   0   0
 14T   0   0   0   0   0   0   0   1   1   1   1   1   1   1   1   1   0   0   0   0
 15T   1   1   1   1   1   0   0   0   0   0   0   0   0   0   0   0   0   1   0   0
