Number of Tool Switches: 40 

Time elapsed: 0.006024 
Tool Sequence:
      9J  2J  4J 19J  1J  5J  8J 20J 12J  3J  6J 15J  7J 16J 11J 10J 14J 17J 13J 18J
  1T   0   0   0   0   0   0   0   0   0   0   0   1   1   0   0   0   0   0   0   0
  2T   0   0   0   0   0   0   0   0   0   0   0   0   1   1   1   1   1   0   1   1
  3T   0   0   0   0   1   0   0   0   0   0   0   0   0   0   0   0   1   1   1   0
  4T   0   0   0   1   1   1   1   0   0   0   0   0   0   0   0   0   0   0   0   0
  5T   0   0   0   0   0   0   0   1   1   1   1   1   1   1   1   1   1   1   0   0
  6T   1   0   0   0   0   0   0   0   0   0   0   0   0   0   0   0   0   1   0   0
  7T   1   1   0   0   0   1   0   0   0   0   0   0   0   0   0   0   0   0   0   1
  8T   1   1   0   0   0   0   0   1   1   0   0   0   0   0   0   0   0   0   0   0
  9T   0   0   0   0   0   0   0   0   0   0   0   0   0   0   0   0   0   0   0   1
 10T   0   0   1   0   0   1   1   0   0   0   0   0   0   0   1   0   0   0   1   0
 11T   1   1   1   0   0   0   0   0   0   1   0   0   0   0   0   0   0   0   0   0
 12T   0   0   0   0   0   1   1   1   0   0   0   0   0   0   0   0   0   0   1   1
 13T   0   0   0   0   0   0   0   0   1   1   1   0   0   0   1   1   1   0   0   0
 14T   1   1   1   1   1   0   0   0   0   0   0   0   0   0   0   1   0   0   0   0
 15T   0   0   0   1   0   0   0   0   0   0   0   0   0   0   0   0   0   1   1   0
 16T   0   0   0   0   0   0   1   1   0   0   1   0   0   1   0   0   0   0   0   0
 17T   0   0   0   0   0   0   0   0   1   1   1   1   0   0   0   0   0   0   0   0
 18T   0   0   0   0   0   1   1   1   0   0   0   0   1   1   1   1   1   1   0   0
 19T   0   0   1   1   1   0   0   0   1   1   1   1   1   1   0   0   0   0   0   1
 20T   0   1   1   1   1   0   0   0   0   0   0   1   0   0   0   0   0   0   0   0
