Number of Tool Switches: 29 

Time elapsed: 0.005764 
Tool Sequence:
      5J 19J 17J  6J  3J  2J 18J  4J 15J  1J  9J  7J 10J 13J  8J 12J 11J 20J 14J 16J
  1T   1   1   1   1   1   1   1   1   1   1   0   0   0   0   0   0   0   1   1   1
  2T   0   0   0   0   0   1   1   0   0   0   0   0   0   0   0   0   0   0   0   0
  3T   0   0   0   0   0   0   0   0   0   0   0   0   0   0   0   0   0   0   1   1
  4T   1   1   1   1   1   1   1   1   1   1   1   1   1   1   1   1   1   1   1   1
  5T   0   0   0   0   0   0   0   1   1   0   0   0   0   0   0   0   0   0   0   0
  6T   0   0   0   0   0   0   0   0   0   0   0   1   1   1   1   1   1   1   1   1
  7T   1   1   1   1   1   1   1   1   0   0   0   0   0   0   0   0   0   0   0   1
  8T   1   1   1   1   1   1   1   1   1   1   1   1   1   1   1   1   1   1   1   1
  9T   1   1   1   1   1   0   0   0   0   0   0   0   0   0   0   0   0   0   0   0
 10T   0   0   0   0   0   0   0   0   0   1   1   1   1   1   1   1   1   1   1   1
 11T   0   0   0   0   0   0   0   0   0   0   1   1   1   1   1   1   1   1   1   0
 12T   0   0   0   0   0   0   0   0   1   1   1   0   0   0   0   0   0   0   0   0
 13T   0   0   0   0   0   0   0   0   0   0   0   0   0   0   0   0   1   1   1   0
 14T   0   0   0   0   0   1   1   1   1   1   1   1   1   0   0   0   0   0   0   0
 15T   0   0   0   0   0   0   0   0   0   1   1   1   1   1   1   1   1   1   1   0
 16T   1   1   1   1   1   0   0   0   0   0   0   0   0   0   0   0   0   0   0   1
 17T   1   1   1   0   0   0   0   0   0   0   0   0   0   0   0   0   0   0   0   0
 18T   0   0   0   0   0   0   0   0   0   0   0   0   0   0   0   0   0   0   0   1
 19T   0   0   0   0   0   0   0   0   0   0   0   1   1   1   1   1   1   1   0   0
 20T   0   0   0   1   1   1   1   1   1   1   1   1   1   1   1   1   1   1   0   0
 21T   0   0   0   0   0   0   0   0   0   0   0   0   0   0   0   1   0   0   0   0
 22T   1   1   1   1   1   1   1   1   1   1   1   1   1   1   1   1   1   0   0   0
 23T   0   0   0   0   0   0   0   0   0   0   0   0   0   1   1   0   0   0   0   0
 24T   1   1   1   1   1   1   1   1   1   1   1   0   0   0   0   0   0   0   0   0
 25T   1   1   1   1   1   1   1   1   1   0   0   0   0   0   0   0   0   0   1   1
