Number of Tool Switches: 28 

Time elapsed: 0.003937 
Tool Sequence:
     18J  1J  4J  2J  8J  6J 17J  3J 13J  5J 10J 14J 11J 15J  7J 16J 12J  9J 20J 19J
  1T   0   0   0   0   0   0   0   1   1   1   1   1   1   1   1   1   1   1   1   1
  2T   1   1   1   1   1   1   1   0   0   0   0   0   0   0   0   0   0   0   0   0
  3T   0   0   0   0   0   0   0   0   1   1   1   1   1   0   0   0   0   0   0   0
  4T   1   1   1   1   1   1   1   1   1   1   1   1   0   0   0   0   0   0   0   0
  5T   1   1   1   1   1   1   1   1   1   1   1   1   1   1   1   1   1   1   1   1
  6T   1   1   1   1   1   1   1   1   0   0   0   0   0   0   0   0   1   1   1   1
  7T   1   1   1   1   1   1   0   0   0   0   0   0   0   0   0   0   0   0   0   0
  8T   0   0   0   0   0   0   0   0   0   0   1   1   1   0   0   0   0   0   0   0
  9T   0   0   0   0   0   0   0   0   0   0   0   0   1   1   1   1   1   1   1   1
 10T   0   0   0   0   0   0   0   0   0   0   1   1   1   1   1   1   1   1   1   1
 11T   0   0   0   0   0   0   0   1   1   1   0   0   0   0   0   0   0   0   0   0
 12T   1   1   1   1   1   1   1   1   1   1   0   0   0   0   0   0   0   0   0   0
 13T   1   1   1   1   1   1   1   1   1   1   1   1   1   1   1   1   1   1   1   1
 14T   1   1   1   1   1   1   0   0   0   0   0   0   0   0   0   0   0   0   0   0
 15T   0   0   0   0   0   0   0   0   0   0   0   0   0   0   0   0   0   1   1   1
 16T   0   0   0   0   0   1   1   1   1   1   1   1   1   1   1   1   1   1   1   1
 17T   0   0   0   0   0   0   1   1   1   1   1   1   1   1   1   1   1   0   0   0
 18T   0   0   0   0   0   0   0   0   0   0   0   0   0   1   0   0   0   0   0   0
 19T   0   0   0   0   0   0   0   0   1   1   1   1   1   1   1   1   1   1   1   1
 20T   1   1   1   1   1   0   0   0   0   0   0   0   0   0   0   0   0   0   0   0
 21T   0   0   0   0   0   0   1   1   0   0   0   0   0   0   0   0   0   1   0   0
 22T   0   0   0   0   0   0   0   0   0   0   0   0   0   0   0   1   1   0   0   0
 23T   0   0   0   0   0   0   0   0   0   0   0   0   0   1   1   0   0   0   0   0
 24T   1   1   1   1   1   1   1   0   0   0   0   0   0   0   0   0   0   0   1   1
 25T   0   0   0   0   0   0   0   0   0   0   0   0   0   0   1   1   0   0   0   0
