Number of Tool Switches: 69 

Time elapsed: 0.010732 
Tool Sequence:
      7J  6J 11J 16J 17J 20J  5J  8J  9J 12J  1J 13J 18J 19J 10J 15J  2J  4J 14J  3J
  1T   1   1   1   1   1   1   1   1   1   1   1   0   0   1   1   0   0   1   1   1
  2T   0   0   0   0   1   0   0   1   1   1   1   1   1   1   1   1   1   1   1   1
  3T   0   0   0   0   1   1   1   1   1   1   1   1   1   1   1   1   1   1   1   1
  4T   1   1   1   0   0   1   0   0   0   1   1   0   0   0   0   0   0   1   1   1
  5T   1   1   1   1   0   0   1   1   0   0   0   0   0   1   0   0   0   1   1   1
  6T   1   1   1   0   0   0   0   0   0   1   1   1   0   0   0   0   0   0   1   1
  7T   1   1   0   0   0   0   1   1   1   1   1   1   1   1   1   1   1   0   0   0
  8T   1   1   1   1   1   0   0   1   1   0   0   0   0   0   1   1   1   1   0   0
  9T   1   1   1   1   1   1   1   1   0   0   0   1   1   1   1   1   1   1   1   1
 10T   0   0   0   0   0   0   0   1   1   0   0   1   0   0   0   1   1   1   0   0
 11T   1   1   1   1   1   1   1   1   1   1   0   0   0   0   0   0   0   1   1   1
 12T   0   0   0   1   1   1   1   0   0   1   1   1   1   0   0   0   0   0   0   1
 13T   0   0   1   1   1   1   1   0   0   0   0   1   1   1   0   0   0   1   1   1
 14T   1   1   1   1   1   1   1   0   0   0   0   1   1   1   0   0   0   0   1   0
 15T   0   0   1   1   0   0   1   1   1   1   1   0   1   1   1   1   0   0   0   0
 16T   1   1   0   1   1   1   1   1   1   1   1   1   1   0   0   0   0   1   1   1
 17T   1   1   0   0   0   0   1   1   1   1   1   1   1   1   1   1   1   0   0   0
 18T   0   0   0   0   0   1   1   1   1   1   1   1   1   1   1   1   1   0   0   0
 19T   0   0   1   1   1   0   0   0   0   1   1   1   1   1   1   1   1   0   0   1
 20T   0   0   0   0   1   1   1   1   1   1   1   0   0   0   1   1   1   1   1   0
 21T   0   0   1   1   1   1   0   0   0   1   1   0   0   0   1   1   1   1   1   1
 22T   1   1   1   0   0   1   0   0   0   0   0   0   1   1   1   1   1   1   1   0
 23T   1   1   1   1   1   1   1   0   1   0   0   1   1   1   1   1   1   0   0   1
 24T   1   1   0   1   1   1   0   0   1   0   1   1   1   1   1   1   1   0   0   0
 25T   1   1   1   1   0   0   0   1   1   0   0   0   0   0   0   0   1   1   1   1
