Number of Tool Switches: 29 

Time elapsed: 0.004912 
Tool Sequence:
      5J 17J 19J  7J 15J 11J 12J  3J  1J 20J  4J 16J  6J  9J 18J 13J  2J  8J 10J 14J
  1T   1   1   1   1   0   0   0   1   1   1   1   1   1   1   1   1   1   1   1   1
  2T   0   0   0   0   0   1   1   1   1   1   1   1   1   1   1   1   1   1   1   1
  3T   1   1   1   1   1   1   1   1   1   1   1   1   0   0   0   0   0   0   0   0
  4T   0   0   0   0   1   1   1   1   1   1   1   1   1   1   1   1   1   1   1   1
  5T   1   1   1   1   1   1   1   1   1   1   1   1   1   1   1   1   1   1   1   1
  6T   1   1   1   1   1   1   1   1   1   1   1   1   1   1   1   1   1   1   1   1
  7T   1   1   1   1   1   1   1   1   1   1   1   0   0   0   0   0   0   0   1   1
  8T   0   0   0   0   1   1   1   1   0   0   0   0   1   1   1   1   1   1   1   1
  9T   1   1   1   1   1   1   1   1   1   1   1   1   1   1   1   1   1   1   1   1
 10T   1   1   1   1   1   1   1   1   1   1   1   1   1   1   1   1   1   1   1   1
 11T   1   1   1   1   0   0   0   0   0   0   0   0   1   1   1   1   1   1   1   1
 12T   1   1   1   1   1   0   0   0   0   1   1   1   1   1   1   1   1   1   1   1
 13T   0   0   0   0   0   1   1   1   1   1   1   1   1   1   1   1   1   1   1   1
 14T   1   1   1   1   1   1   1   1   1   1   1   1   1   1   1   1   1   1   1   1
 15T   1   1   1   1   1   0   0   0   0   0   0   1   0   0   0   0   0   0   0   0
 16T   1   1   1   1   0   0   0   0   1   1   1   1   1   1   1   0   0   0   0   0
 17T   1   1   1   1   1   1   1   1   1   1   1   1   1   1   0   0   0   0   0   0
 18T   1   1   1   1   1   1   1   1   1   1   1   1   1   1   1   1   1   1   1   1
 19T   0   0   0   0   1   1   1   0   0   0   0   0   0   0   1   1   1   1   1   1
 20T   1   1   1   1   1   1   1   1   1   0   0   0   0   0   0   1   1   1   0   0
