Number of Tool Switches: 42 

Time elapsed: 0.005744 
Tool Sequence:
     16J  2J  3J 12J  1J 14J  4J 10J  6J  5J 13J 18J  7J  8J 17J 19J  9J 11J 15J 20J
  1T   0   0   0   1   1   1   1   1   0   0   0   0   0   0   1   1   1   1   1   1
  2T   0   0   0   0   0   0   0   0   0   0   0   0   0   1   0   0   0   0   0   0
  3T   1   1   1   1   0   0   0   0   0   0   0   1   0   0   0   0   0   0   0   0
  4T   0   0   1   1   1   1   1   1   1   1   0   0   0   0   0   0   0   0   0   0
  5T   0   0   0   0   0   0   0   0   0   0   0   0   1   1   1   1   1   1   0   0
  6T   1   0   0   1   0   0   0   0   0   1   1   1   1   0   0   0   0   0   0   1
  7T   1   1   1   0   0   0   0   0   0   0   0   0   0   0   0   0   1   1   0   0
  8T   0   0   0   0   1   1   1   0   1   1   1   1   0   0   0   0   0   0   0   0
  9T   1   1   0   0   0   0   1   0   0   0   0   0   0   0   1   0   0   0   0   0
 10T   0   1   0   0   0   0   1   1   1   0   1   0   0   0   0   0   0   0   0   0
 11T   1   0   0   0   0   0   0   0   0   0   0   0   0   0   0   0   0   0   1   0
 12T   0   0   0   0   1   0   0   0   0   0   0   0   1   0   0   0   0   0   1   0
 13T   0   0   0   0   0   1   0   0   0   0   0   0   0   0   0   1   1   0   0   0
 14T   0   0   0   0   1   1   0   0   0   0   0   0   0   1   0   0   0   0   0   1
 15T   0   0   1   1   0   0   0   1   0   0   0   0   0   0   0   0   0   0   0   0
 16T   0   0   0   0   0   0   0   0   0   1   1   1   1   1   0   0   0   1   0   0
 17T   0   1   0   0   0   0   0   0   0   0   0   0   0   0   1   1   1   1   0   0
 18T   0   0   1   0   0   0   0   0   0   0   0   0   0   0   0   0   0   0   1   1
 19T   0   0   0   0   0   0   0   0   1   1   1   1   1   1   1   1   0   0   0   0
 20T   0   0   0   0   0   0   0   1   1   0   0   0   0   0   0   0   0   0   1   1
