Number of Tool Switches: 21 

Time elapsed: 0.005055 
Tool Sequence:
     19J  2J  7J  5J 16J  4J  8J 14J  9J 12J 20J  6J 18J 17J  1J 13J 10J  3J 11J 15J
  1T   1   1   1   1   1   1   1   1   1   1   1   1   1   1   1   1   1   1   1   1
  2T   0   0   0   0   0   0   0   0   0   0   0   1   1   1   1   1   1   1   1   1
  3T   1   1   1   1   1   1   1   1   1   1   1   1   1   1   1   1   1   1   1   1
  4T   0   0   0   0   0   0   0   1   1   1   1   1   1   1   1   1   1   1   1   1
  5T   1   1   1   1   1   1   1   1   1   1   0   0   0   0   0   0   0   0   0   0
  6T   1   1   1   1   1   1   1   1   1   1   1   1   1   1   1   1   1   1   1   1
  7T   1   1   1   1   1   1   1   1   0   0   0   0   0   0   0   0   0   0   0   0
  8T   1   1   1   1   1   1   0   0   0   0   0   0   0   0   0   0   0   0   0   0
  9T   1   1   1   1   1   1   1   1   1   1   1   0   0   0   0   0   0   0   0   0
 10T   1   1   1   1   1   1   1   1   1   1   1   1   1   1   1   1   1   1   1   1
 11T   1   1   1   1   1   1   1   0   0   0   0   0   0   0   0   0   0   0   0   1
 12T   1   1   1   1   1   1   1   1   1   1   1   1   1   1   1   1   1   1   1   1
 13T   0   0   0   0   0   0   1   1   1   1   1   1   1   1   1   1   1   1   1   1
 14T   0   0   0   0   0   0   0   0   1   1   1   1   1   1   1   1   1   1   1   1
 15T   1   1   1   1   1   1   1   1   1   1   1   1   1   1   1   1   1   1   1   1
 16T   1   1   1   1   1   1   1   1   1   1   1   1   1   1   1   1   1   1   1   1
 17T   1   1   1   1   1   1   1   1   1   1   1   1   1   1   1   1   1   1   1   1
 18T   1   1   1   1   1   1   1   1   1   1   1   1   1   1   1   1   1   1   1   1
 19T   0   0   0   0   0   0   0   0   0   0   1   1   1   1   1   1   1   1   1   1
 20T   1   1   1   1   1   1   1   1   1   1   1   1   1   1   1   1   1   1   1   0
