Number of Tool Switches: 31 

Time elapsed: 0.005478 
Tool Sequence:
      6J 17J 19J 15J 18J  4J  7J 14J 16J  1J 20J  3J  5J  2J  8J 12J  9J 10J 11J 13J
  1T   0   0   0   0   0   0   1   1   1   1   1   1   1   1   0   0   0   0   1   1
  2T   1   1   1   1   1   1   1   1   1   1   0   0   0   0   0   0   0   0   0   0
  3T   0   0   1   1   1   0   0   0   0   0   0   0   0   0   0   0   0   0   0   0
  4T   0   0   0   0   0   0   0   0   0   0   0   0   0   0   1   0   0   0   0   1
  5T   1   1   1   1   1   1   0   0   0   0   0   0   0   0   0   0   0   0   0   0
  6T   0   0   0   0   1   1   1   1   0   0   0   0   0   0   0   0   0   0   0   0
  7T   1   1   1   0   0   0   0   0   0   0   0   0   0   0   0   0   0   0   0   0
  8T   0   0   0   0   0   0   0   0   0   1   1   0   0   0   0   0   0   0   0   0
  9T   0   0   0   0   0   1   0   0   0   1   1   1   1   1   0   0   1   1   1   1
 10T   0   0   0   0   0   0   1   0   0   0   0   0   0   0   0   0   0   0   0   1
 11T   0   0   0   0   0   0   0   1   1   0   1   1   1   1   0   0   0   0   0   0
 12T   0   0   0   0   0   0   0   0   0   0   0   0   0   0   0   0   0   1   1   1
 13T   0   0   0   0   0   1   1   1   1   0   0   0   0   0   1   1   1   1   1   0
 14T   0   0   0   0   0   0   0   0   0   0   0   0   1   1   1   1   1   1   1   0
 15T   0   0   0   1   0   0   0   0   0   0   0   0   0   0   0   0   1   1   0   0
 16T   0   0   0   0   0   0   0   0   0   0   0   1   1   1   1   1   1   0   0   0
 17T   1   1   1   1   1   0   0   0   1   0   0   0   0   0   0   0   0   0   0   0
 18T   0   0   0   0   0   0   0   0   0   0   0   0   0   0   0   1   0   0   0   0
 19T   0   0   0   0   0   0   0   0   0   0   0   1   0   0   0   0   0   0   0   0
 20T   1   1   0   0   0   0   0   0   0   1   1   0   0   0   1   1   0   0   0   0
