Number of Tool Switches: 30 

Time elapsed: 0.005396 
Tool Sequence:
      2J  6J  7J  4J 12J 19J 16J  8J  1J 10J  9J  3J 17J 11J  5J 14J 15J 13J 18J 20J
  1T   0   0   0   0   0   0   0   0   0   0   0   0   0   0   0   0   0   1   1   1
  2T   0   0   0   1   1   1   0   0   0   0   1   1   0   0   0   0   0   0   0   1
  3T   0   0   1   1   1   1   1   1   1   1   0   0   0   0   0   0   0   0   0   0
  4T   1   1   1   0   1   1   0   0   0   0   0   0   1   0   0   1   1   1   1   1
  5T   1   1   0   0   0   0   0   1   1   1   1   1   1   1   1   1   1   1   1   1
  6T   0   0   1   0   0   0   0   0   0   0   0   1   1   0   0   0   0   0   0   0
  7T   1   1   1   0   0   0   0   0   0   0   1   1   1   1   1   1   1   0   0   0
  8T   1   1   0   0   0   0   0   1   0   0   0   0   0   0   0   0   0   0   1   1
  9T   0   0   0   0   0   0   1   0   0   0   0   0   0   1   1   1   0   0   0   0
 10T   0   0   0   0   0   0   1   1   1   1   1   1   1   1   1   1   1   0   0   0
 11T   0   0   0   1   1   1   0   0   1   0   0   0   0   0   0   0   0   0   0   0
 12T   1   1   1   1   0   0   0   0   0   0   0   0   0   0   0   0   1   1   1   0
 13T   0   0   0   1   1   1   1   0   0   0   0   0   0   1   1   0   0   0   0   0
 14T   0   0   0   0   0   0   1   1   1   1   0   0   0   0   0   0   0   1   0   0
 15T   0   0   0   0   0   0   0   0   0   1   1   0   0   0   0   0   0   0   0   0
