Number of Tool Switches: 26 

Time elapsed: 0.006280 
Tool Sequence:
      3J  2J 15J 16J  4J  8J  6J 19J  5J 13J 11J  7J  9J 10J 14J  1J 17J 12J 18J 20J
  1T   1   1   1   1   1   1   1   1   1   0   0   0   0   0   0   0   0   0   0   0
  2T   0   0   0   0   0   0   1   1   1   1   1   1   1   1   1   1   1   1   1   1
  3T   1   1   1   1   0   0   0   0   0   0   0   0   1   1   1   1   1   1   1   1
  4T   1   1   1   1   1   1   1   1   1   1   1   1   1   1   1   1   1   1   1   1
  5T   1   1   1   1   1   1   1   1   1   1   1   1   1   1   1   1   1   1   1   1
  6T   1   1   1   1   1   1   1   1   1   1   1   1   1   1   1   1   1   1   1   1
  7T   1   1   1   1   1   1   1   1   1   1   1   1   1   1   1   1   1   1   1   1
  8T   1   1   1   1   1   1   1   1   1   0   0   0   0   0   0   0   0   0   0   0
  9T   0   0   0   0   0   1   1   1   1   1   1   1   1   1   1   1   1   1   1   1
 10T   1   1   1   1   1   1   0   0   0   0   0   0   0   0   0   0   1   1   1   1
 11T   1   1   1   1   1   1   1   1   1   1   1   1   1   1   1   1   1   1   1   1
 12T   1   1   1   1   1   0   0   0   0   1   1   1   1   1   1   1   1   1   1   1
 13T   0   0   0   0   0   1   1   1   1   1   1   1   1   1   1   1   1   1   1   1
 14T   1   1   1   0   0   0   0   0   0   1   1   1   1   1   1   1   0   0   0   0
 15T   1   1   1   1   1   1   1   1   1   0   0   0   0   0   0   0   0   0   0   1
 16T   1   1   1   1   1   1   1   1   1   1   1   1   1   1   1   1   1   1   1   1
 17T   0   0   0   0   1   1   1   1   1   1   1   1   1   1   1   1   1   1   1   1
 18T   0   0   0   1   1   0   0   0   0   1   1   1   0   0   0   0   0   0   0   0
 19T   1   1   1   1   1   1   1   1   1   1   1   1   1   1   1   1   1   1   1   0
 20T   1   1   1   1   1   1   1   1   1   1   1   1   1   1   1   1   1   1   1   1
