Number of Tool Switches: 28 

Time elapsed: 0.006616 
Tool Sequence:
     18J  7J 16J  8J 10J  3J 12J  1J 17J  9J 15J 20J  6J 11J 13J  5J 14J  4J  2J 19J
  1T   1   1   1   1   1   1   1   1   1   1   1   1   1   1   1   1   1   1   1   1
  2T   1   1   1   1   1   1   1   0   0   0   0   0   1   1   1   1   1   1   1   1
  3T   1   1   1   1   1   1   1   1   1   1   1   1   1   1   1   1   1   1   1   1
  4T   1   1   1   1   1   1   1   0   0   0   0   0   0   0   0   1   1   1   1   1
  5T   0   0   0   1   1   1   1   1   1   1   1   1   1   1   1   1   1   1   1   1
  6T   0   0   0   1   1   1   1   1   1   1   1   1   1   1   1   1   1   1   1   1
  7T   0   0   0   0   0   0   0   0   0   1   1   1   1   1   1   1   1   1   1   1
  8T   1   1   1   1   1   1   1   1   1   1   1   1   1   1   1   1   1   1   1   1
  9T   0   0   0   0   0   0   0   1   1   1   1   1   1   1   1   1   1   1   1   1
 10T   1   1   1   0   0   0   0   1   1   1   1   1   1   1   1   1   0   0   0   0
 11T   1   1   1   1   1   1   1   0   0   0   0   0   0   0   0   0   1   1   1   1
 12T   1   1   1   1   1   1   1   1   1   1   1   1   0   0   0   0   0   0   0   0
 13T   1   1   1   1   1   1   1   1   1   1   1   1   1   1   1   0   0   0   0   0
 14T   1   1   1   0   0   0   0   0   1   1   1   1   1   1   1   1   1   1   1   1
 15T   1   1   1   1   1   1   1   1   0   0   0   0   0   0   0   1   1   1   1   0
 16T   1   1   1   1   1   1   1   1   1   1   1   1   1   1   1   0   0   0   0   0
 17T   1   1   1   1   1   1   1   1   1   0   0   0   0   0   0   0   0   0   0   1
 18T   1   1   0   0   0   0   0   1   1   1   1   1   1   1   1   1   1   1   1   1
 19T   1   1   1   1   1   1   1   1   1   1   1   1   1   1   1   1   1   1   1   1
 20T   0   0   1   1   1   1   1   1   1   1   1   1   1   1   1   1   1   1   1   1
