Number of Tool Switches: 28 

Time elapsed: 0.005823 
Tool Sequence:
      4J 24J  5J  7J  1J 12J 10J  6J 23J 15J  3J 13J 20J  8J  9J 14J 17J 16J  2J 18J 22J 19J 21J 11J 25J
  1T   1   1   1   1   0   0   0   0   0   0   0   0   0   0   0   0   0   0   0   0   0   0   0   0   1
  2T   1   1   1   1   1   1   1   1   1   1   1   1   1   1   1   1   1   1   1   1   1   1   1   1   1
  3T   1   1   1   1   1   1   1   1   1   0   0   0   0   0   0   0   0   0   0   0   0   0   0   0   0
  4T   1   1   1   1   0   0   0   0   0   0   0   0   0   0   0   0   0   0   0   1   1   1   1   1   1
  5T   0   0   0   0   0   0   0   0   0   0   0   0   0   0   1   1   1   1   1   1   1   1   1   1   1
  6T   0   0   0   0   0   0   0   0   0   0   1   1   1   1   1   1   0   0   0   0   0   0   0   0   0
  7T   1   1   1   1   1   1   1   0   0   0   0   0   0   0   0   0   0   0   0   0   0   0   0   0   0
  8T   1   1   1   1   1   1   1   1   1   1   1   1   1   1   1   1   1   1   1   1   1   1   1   1   1
  9T   0   0   0   0   0   0   0   0   0   0   1   1   0   0   0   0   0   0   0   0   0   0   0   0   0
 10T   0   0   0   0   0   0   0   0   0   1   1   0   0   0   0   0   0   0   0   0   0   0   0   0   0
 11T   0   0   0   0   0   0   0   1   1   1   0   0   0   0   0   0   0   0   0   0   0   0   0   0   0
 12T   0   0   0   0   1   1   0   0   0   0   0   0   0   0   0   0   0   0   0   0   0   0   0   0   0
 13T   0   0   0   0   0   0   0   0   0   0   0   0   0   0   0   0   0   0   1   1   1   1   1   1   1
 14T   0   0   0   0   0   0   0   0   0   0   0   1   1   1   1   1   1   1   1   1   1   1   1   1   1
 15T   1   1   1   1   1   1   1   1   1   1   0   0   0   0   0   0   0   0   0   0   0   0   0   0   1
 16T   1   1   1   1   1   1   1   1   1   1   1   1   1   1   1   1   1   0   0   0   0   0   0   0   0
 17T   0   0   0   0   0   0   0   0   0   1   1   1   1   1   1   1   1   1   1   1   1   1   1   1   1
 18T   0   0   0   0   0   0   0   0   0   0   0   0   0   0   0   0   1   1   0   0   0   0   0   0   0
 19T   0   0   0   0   1   1   1   1   1   1   1   1   1   1   0   0   0   0   0   0   0   0   0   0   0
 20T   0   0   0   0   0   0   0   0   0   0   0   0   1   1   1   1   1   1   1   1   1   1   1   1   1
 21T   0   0   0   0   0   0   0   0   0   0   0   0   0   0   0   0   0   1   1   0   0   0   0   0   0
 22T   1   1   1   1   1   1   1   1   1   1   1   1   1   1   1   1   1   1   1   1   1   1   1   1   0
 23T   1   1   1   1   1   1   1   1   0   0   0   0   0   0   0   0   0   0   0   0   0   0   0   0   0
 24T   0   0   0   0   0   0   0   0   1   0   0   0   0   0   0   0   0   0   0   0   0   0   0   0   0
 25T   0   0   0   0   0   0   1   1   1   1   1   1   1   1   1   1   1   1   1   1   1   1   1   1   0
