Number of Tool Switches: 32 

Time elapsed: 0.003209 
Tool Sequence:
      2J  1J  8J 17J 10J 11J 19J 13J  3J  4J  5J  7J 12J 20J  9J  6J 15J 16J 18J 14J
  1T   1   1   1   1   0   0   0   0   0   0   0   0   0   0   0   0   0   0   0   0
  2T   1   1   1   1   1   1   1   1   1   1   1   1   1   1   1   1   1   1   1   1
  3T   0   0   0   0   0   0   0   0   1   1   1   1   1   1   1   1   1   1   1   1
  4T   0   0   0   0   0   0   0   0   0   0   0   0   0   1   1   1   1   1   1   1
  5T   0   0   0   0   0   0   0   0   0   0   0   0   0   0   0   0   0   1   1   1
  6T   0   0   0   0   0   0   0   0   0   0   1   1   1   1   1   1   1   1   1   1
  7T   0   0   0   0   0   0   1   1   0   0   0   0   0   0   1   1   1   1   1   1
  8T   0   0   0   0   1   1   1   1   1   1   1   1   1   1   1   1   1   1   1   1
  9T   0   0   0   0   1   1   1   1   0   0   0   0   0   0   0   0   0   0   1   1
 10T   0   0   0   0   0   0   0   0   0   0   0   0   0   0   0   0   1   0   0   0
 11T   1   1   1   1   1   1   0   0   0   0   0   0   0   0   0   1   1   1   1   0
 12T   1   1   1   1   1   1   1   1   1   1   0   0   0   1   1   1   1   0   0   0
 13T   1   1   1   1   1   1   1   1   1   1   0   0   0   0   0   0   0   0   0   0
 14T   0   0   0   0   0   0   0   0   0   0   0   0   0   1   1   1   1   0   0   0
 15T   0   0   0   0   0   0   0   0   0   0   1   1   1   1   1   1   0   0   0   0
 16T   1   1   1   1   1   1   1   1   1   1   1   1   1   1   1   0   0   0   0   0
 17T   0   0   0   0   0   0   0   0   0   0   1   1   1   1   0   0   0   0   0   0
 18T   1   1   1   1   1   1   0   0   0   0   0   0   0   0   0   0   0   0   0   1
 19T   1   1   1   1   1   1   1   1   0   0   0   0   0   0   0   0   0   1   0   0
 20T   0   0   0   0   0   0   0   0   1   1   0   0   0   0   0   0   0   0   0   0
 21T   0   0   0   0   0   0   1   1   1   1   1   1   1   0   0   0   0   0   0   0
 22T   1   1   1   1   0   0   0   0   0   0   0   0   0   0   0   0   0   0   0   0
 23T   1   1   1   1   1   1   1   1   1   1   1   1   1   0   0   0   0   0   0   0
 24T   0   0   0   0   0   0   0   0   1   1   0   0   0   0   0   0   0   1   1   1
 25T   0   0   0   0   0   0   0   0   0   0   1   1   1   0   0   0   0   0   0   0
