Number of Tool Switches: 34 

Time elapsed: 0.006619 
Tool Sequence:
     11J 10J 25J  3J  4J  7J 14J 12J  5J 13J  2J 18J 15J 16J 24J  1J 19J 23J 20J  8J  9J  6J 21J 17J 22J
  1T   1   1   1   1   1   0   0   0   0   0   0   0   0   0   0   0   0   0   0   0   0   0   0   1   1
  2T   0   0   0   0   0   0   0   1   1   1   0   0   0   0   0   0   0   0   0   0   0   1   1   1   1
  3T   0   0   0   0   1   1   1   1   1   1   1   1   1   1   1   1   1   1   1   1   1   1   1   1   1
  4T   1   1   1   1   0   0   0   0   0   0   0   0   0   0   0   0   0   0   0   0   0   0   0   1   1
  5T   1   1   1   1   1   1   1   1   1   1   1   1   1   1   1   1   1   1   1   1   1   1   1   1   1
  6T   0   0   0   0   0   0   0   0   0   0   1   1   1   1   1   1   1   1   1   1   1   1   1   1   1
  7T   0   0   0   0   0   0   0   0   1   1   1   1   1   1   1   1   1   1   1   1   1   1   1   0   0
  8T   0   0   0   0   0   0   0   0   0   0   0   0   0   0   0   0   0   0   1   1   1   1   1   0   0
  9T   1   1   1   1   1   1   1   1   0   0   0   0   0   0   0   1   1   1   1   1   1   1   1   0   0
 10T   0   0   0   0   0   0   0   0   0   0   0   0   0   0   1   1   1   1   0   0   0   0   0   0   0
 11T   0   0   0   0   0   0   0   1   1   1   0   0   0   0   0   0   0   0   0   0   0   0   0   0   0
 12T   1   1   1   1   1   0   0   0   0   0   0   0   0   0   0   0   0   0   0   0   1   0   0   0   0
 13T   0   0   0   0   0   0   0   0   0   0   1   1   1   1   1   1   1   1   1   1   1   1   1   0   0
 14T   0   0   0   0   0   0   0   0   0   0   0   0   0   0   0   0   0   0   0   0   0   0   0   1   0
 15T   1   1   1   1   1   1   1   1   1   1   1   1   1   0   0   0   0   0   0   0   0   0   0   0   1
 16T   0   0   0   0   0   0   0   0   1   1   1   1   1   1   1   1   1   1   1   1   1   1   1   1   1
 17T   1   1   1   1   1   1   1   1   1   1   1   1   1   1   1   0   0   0   0   0   0   0   0   0   0
 18T   1   1   1   1   1   1   1   1   1   1   1   1   1   1   1   1   1   1   0   0   0   0   0   0   0
 19T   0   0   0   0   0   1   1   0   0   0   0   0   0   0   0   0   0   0   0   0   0   0   0   1   0
 20T   1   1   1   1   1   1   1   1   1   1   1   1   1   0   0   0   0   0   0   0   0   0   0   0   0
 21T   0   0   0   0   0   0   0   0   0   0   0   0   0   1   0   0   0   0   0   0   0   0   0   0   0
 22T   0   0   0   0   0   0   0   0   0   0   0   0   0   1   1   1   1   1   1   0   0   0   0   0   0
 23T   0   0   0   0   0   0   0   0   0   0   0   0   0   0   0   0   0   0   0   1   1   1   1   1   1
 24T   1   1   1   1   1   1   1   1   0   0   0   0   0   0   0   0   0   0   1   1   0   0   0   0   0
 25T   0   0   0   0   0   1   1   0   0   0   0   0   0   0   0   0   0   0   0   0   0   0   0   0   1
