Number of Tool Switches: 20 

Time elapsed: 0.005241 
Tool Sequence:
     20J  1J  2J 16J 10J  6J  9J  5J  7J 12J  3J 15J 17J 11J 13J  8J  4J 14J 18J 19J
  1T   1   1   1   1   1   1   1   1   1   1   1   1   1   1   1   1   1   1   1   1
  2T   1   1   1   1   0   0   0   0   0   1   1   1   1   1   1   1   1   1   1   1
  3T   0   0   0   0   0   0   0   0   0   0   1   1   1   1   1   1   1   1   1   1
  4T   1   1   1   1   1   1   1   1   1   1   1   1   1   1   1   1   1   1   1   1
  5T   1   1   1   1   0   0   0   0   0   0   0   0   1   1   1   1   1   1   1   1
  6T   0   0   0   0   1   1   1   1   1   1   1   1   1   1   1   1   1   1   1   1
  7T   0   0   0   0   0   1   0   0   0   0   0   0   0   0   0   0   0   1   1   1
  8T   0   0   0   0   0   0   1   1   1   1   1   1   1   1   1   1   1   1   1   0
  9T   1   1   1   1   1   1   1   1   1   1   1   1   1   1   1   1   1   1   1   1
 10T   1   1   1   1   1   1   1   1   1   1   1   1   0   0   0   0   0   0   0   0
 11T   1   1   1   1   1   1   1   1   1   0   0   0   0   0   0   0   0   0   0   1
 12T   1   1   1   1   1   0   0   0   0   0   0   0   0   0   0   0   0   0   0   1
 13T   1   1   1   1   1   1   1   1   1   1   1   1   1   1   1   1   1   0   0   0
 14T   1   1   1   1   1   1   1   1   1   1   0   0   0   0   0   0   0   0   0   0
 15T   0   0   0   0   1   1   1   1   1   1   1   1   1   1   1   1   1   1   1   0
