Number of Tool Switches: 20 

Time elapsed: 0.005920 
Tool Sequence:
      3J  8J 10J 12J 13J 14J 15J  1J  2J  5J  4J  7J  9J  6J 11J
  1T   0   0   0   0   0   0   1   0   0   0   0   0   0   0   0
  2T   0   0   0   0   0   0   0   0   0   0   0   0   1   1   1
  3T   1   1   1   1   1   1   1   1   1   1   1   1   1   1   1
  4T   0   0   0   0   0   0   0   0   0   0   0   0   0   1   1
  5T   1   1   1   1   1   1   1   0   0   0   0   0   0   0   0
  6T   0   0   0   0   0   0   0   1   1   1   0   0   0   0   0
  7T   1   1   1   1   1   1   1   1   1   1   1   1   1   1   1
  8T   0   0   0   0   0   0   0   0   0   0   0   0   1   1   1
  9T   0   0   0   0   0   0   0   0   0   1   1   1   1   1   1
 10T   1   1   1   1   1   1   0   0   0   0   0   0   0   0   0
 11T   1   1   1   1   1   1   1   1   1   1   1   1   1   1   1
 12T   0   0   0   0   0   0   0   0   0   0   1   1   1   0   0
 13T   1   1   1   1   1   1   1   1   0   0   0   0   0   0   0
 14T   0   0   0   0   0   0   0   1   1   1   1   1   1   1   1
 15T   1   1   1   1   1   1   1   1   1   1   1   1   1   1   1
 16T   0   0   0   0   0   0   0   0   1   1   1   1   1   1   1
 17T   1   1   1   1   1   1   1   1   1   1   1   1   0   0   0
 18T   0   0   0   0   1   1   1   1   1   0   0   0   0   0   0
 19T   1   1   1   1   0   0   0   0   0   0   0   0   0   0   0
 20T   1   1   1   1   1   1   1   1   1   1   1   1   0   0   0
