Number of Tool Switches: 21 

Time elapsed: 0.005743 
Tool Sequence:
      6J 14J  3J 10J 12J  1J  5J  8J  4J  2J  7J 13J 11J  9J 15J
  1T   1   1   1   1   1   1   1   1   1   1   1   1   1   1   1
  2T   0   0   0   0   0   0   0   0   1   1   1   1   1   1   1
  3T   1   1   1   1   1   1   1   1   1   1   1   1   1   1   1
  4T   1   1   1   1   1   1   1   1   1   1   1   1   1   1   1
  5T   0   0   0   0   0   0   0   0   0   0   1   1   1   1   1
  6T   1   1   1   1   1   1   1   1   1   1   1   1   1   0   0
  7T   0   0   0   0   0   0   0   1   1   1   1   1   1   1   1
  8T   1   1   1   1   1   1   1   1   1   1   1   1   1   0   0
  9T   0   0   0   0   0   0   0   0   0   0   0   0   0   1   1
 10T   1   1   1   1   1   1   0   0   0   0   0   0   0   0   0
 11T   0   0   0   0   0   0   1   1   1   1   0   0   0   0   0
 12T   1   1   1   1   1   1   1   1   1   1   1   1   1   1   1
 13T   1   1   1   1   1   1   1   0   0   0   0   0   0   0   0
 14T   1   1   1   1   1   1   1   1   1   0   0   0   0   0   0
 15T   0   0   0   0   0   0   1   0   0   0   0   0   0   1   1
 16T   1   1   1   1   1   1   0   0   0   0   0   0   0   0   0
 17T   0   0   0   0   0   0   0   1   0   0   0   0   0   0   0
 18T   1   1   1   1   1   1   1   1   1   1   1   1   1   1   1
 19T   1   1   1   1   1   1   1   1   1   1   1   1   1   1   1
 20T   0   0   0   0   0   0   0   0   0   1   1   1   1   1   1
