Number of Tool Switches: 28 

Time elapsed: 0.005755 
Tool Sequence:
      3J  5J 11J 14J  9J 15J 12J  2J  4J  1J 13J  7J  8J  6J 10J
  1T   0   0   0   1   1   1   1   0   0   0   0   0   0   0   0
  2T   0   0   0   0   0   0   0   0   0   0   1   1   1   0   0
  3T   0   0   0   0   1   1   1   1   1   1   1   0   0   0   0
  4T   1   1   1   1   1   1   1   1   1   1   1   1   1   1   1
  5T   0   0   0   0   0   0   1   1   1   0   0   0   0   0   1
  6T   1   1   1   1   0   0   0   0   0   0   0   0   0   0   0
  7T   0   0   0   0   0   1   0   0   0   0   0   0   1   1   1
  8T   1   1   1   1   0   0   0   0   0   0   0   0   0   0   0
  9T   0   0   0   0   0   0   0   1   1   1   1   1   1   1   1
 10T   0   0   0   1   1   1   1   1   1   1   0   0   0   0   0
 11T   1   1   1   0   0   0   0   0   0   1   1   1   1   1   0
 12T   1   1   1   1   1   0   0   0   1   1   1   1   1   1   1
 13T   0   0   1   0   0   0   0   0   0   0   0   0   0   1   0
 14T   0   0   0   1   1   0   0   0   0   0   0   0   0   0   1
 15T   1   1   0   0   0   0   0   0   0   0   0   1   1   1   0
 16T   0   0   0   0   1   1   1   1   1   1   1   1   0   0   0
 17T   1   1   1   0   0   0   0   0   0   0   0   0   0   0   1
 18T   0   0   0   0   0   1   1   1   1   1   1   1   1   1   1
 19T   1   1   1   1   1   0   0   0   0   0   0   0   0   0   0
 20T   0   0   0   0   0   1   1   1   0   0   0   0   0   0   0
