Number of Tool Switches: 21 

Time elapsed: 0.005533 
Tool Sequence:
      3J  5J  7J 15J  4J  8J 11J 13J 14J 12J  1J 10J  9J  2J  6J
  1T   1   1   1   1   1   1   0   0   0   0   0   0   0   0   0
  2T   1   1   1   1   1   1   1   1   1   1   1   1   1   0   0
  3T   1   1   1   1   1   1   1   1   1   1   1   0   0   0   0
  4T   1   1   1   1   1   0   0   0   0   0   0   0   0   0   0
  5T   0   0   0   0   0   0   0   0   0   0   0   0   0   1   1
  6T   0   0   0   0   0   0   0   0   0   0   1   1   1   1   1
  7T   1   1   1   1   1   1   1   1   1   1   0   0   0   0   0
  8T   1   1   1   1   1   1   1   1   0   0   0   0   0   0   0
  9T   0   0   0   0   0   0   0   0   0   1   1   0   0   0   0
 10T   0   0   0   0   0   0   0   0   0   0   0   1   0   0   0
 11T   0   0   0   0   0   0   1   1   1   1   1   1   1   1   1
 12T   0   0   0   0   0   0   0   0   1   1   1   1   1   1   1
 13T   0   0   0   0   0   0   0   0   0   0   0   0   1   1   1
 14T   1   1   1   1   1   1   1   1   1   1   1   1   1   1   1
 15T   0   0   0   0   0   0   0   0   1   1   1   1   1   1   1
 16T   1   1   1   1   1   1   1   1   0   0   0   0   0   0   0
 17T   0   0   0   0   0   0   0   0   0   0   0   1   1   1   1
 18T   1   1   1   1   1   1   1   1   1   1   1   1   1   1   1
 19T   0   0   0   0   0   1   1   1   1   0   0   0   1   1   1
 20T   1   1   1   1   1   1   1   1   1   1   1   1   0   0   0
