Number of Tool Switches: 23 

Time elapsed: 0.006037 
Tool Sequence:
      3J  6J 12J  8J  2J  4J 10J 11J  5J  9J  7J 13J 14J  1J 15J
  1T   0   0   0   0   0   0   0   0   0   1   1   1   1   1   1
  2T   1   1   1   1   1   1   0   0   0   0   0   0   0   0   1
  3T   0   0   0   0   0   0   0   0   0   0   1   1   1   1   1
  4T   1   1   1   1   1   1   1   1   1   1   1   1   0   0   0
  5T   0   0   0   0   0   0   0   1   1   0   0   0   0   0   0
  6T   1   1   1   1   1   1   1   1   1   1   1   1   1   1   1
  7T   1   1   1   1   1   1   1   1   1   1   1   1   0   0   0
  8T   0   0   0   0   0   0   0   0   1   1   1   1   1   1   1
  9T   1   1   1   1   1   0   0   0   0   0   0   0   0   0   0
 10T   0   0   0   0   0   0   0   0   0   0   0   0   1   1   1
 11T   1   1   1   1   1   1   1   1   1   1   1   1   1   1   1
 12T   1   1   1   1   1   1   1   1   1   1   1   1   1   1   1
 13T   1   1   1   1   1   1   1   1   1   1   1   1   1   1   1
 14T   0   0   0   0   0   0   1   1   1   1   1   1   1   1   1
 15T   1   1   1   1   1   1   1   1   1   1   1   1   1   1   1
 16T   1   1   1   1   1   1   1   1   1   1   0   0   0   0   0
 17T   1   1   1   1   1   1   1   1   1   1   1   1   1   1   1
 18T   0   0   0   0   0   1   1   0   0   0   0   0   0   1   0
 19T   0   0   0   0   0   1   1   1   0   0   0   0   0   0   0
 20T   1   1   1   1   1   0   0   0   0   0   0   0   1   0   0
