Number of Tool Switches: 22 

Time elapsed: 0.005775 
Tool Sequence:
      6J 11J 15J  3J  5J  8J 14J  2J  9J 10J 13J  4J  1J  7J 12J
  1T   0   0   0   0   0   0   0   0   0   0   0   0   0   0   1
  2T   0   0   0   0   0   0   0   0   0   0   0   0   0   0   1
  3T   0   0   0   0   0   0   0   0   0   0   0   1   1   1   1
  4T   1   1   1   1   1   1   0   0   0   0   0   0   0   0   0
  5T   1   1   1   1   1   1   1   1   1   1   1   1   0   0   0
  6T   1   1   1   1   1   1   1   0   0   0   0   0   0   0   0
  7T   0   0   0   0   0   0   1   1   1   1   1   1   1   1   1
  8T   1   1   1   1   1   1   1   1   1   0   0   0   0   0   0
  9T   0   0   0   0   1   1   1   1   1   1   1   1   0   0   0
 10T   0   0   0   0   1   1   1   1   1   1   1   1   1   1   0
 11T   0   0   0   0   0   0   0   0   0   0   0   0   0   0   1
 12T   1   1   1   1   0   0   0   0   0   0   0   0   0   0   0
 13T   1   1   1   1   0   0   0   0   0   0   0   0   0   0   1
 14T   0   0   0   0   0   0   0   0   0   0   0   0   1   1   0
 15T   0   0   0   0   0   0   0   0   0   0   0   0   1   1   1
 16T   0   0   0   0   0   0   0   0   0   0   1   1   1   1   0
 17T   0   0   0   0   0   0   0   1   1   1   1   1   1   1   0
 18T   0   0   0   0   0   0   0   1   1   1   1   0   0   0   0
 19T   1   1   1   1   1   1   1   1   1   1   1   1   1   1   1
 20T   1   1   1   1   1   1   1   0   0   1   0   0   0   0   0
