Number of Tool Switches: 20 

Time elapsed: 0.928226 
Tool Sequence:
     12J 14J  9J  6J  1J  3J  7J  5J 13J  8J 11J  4J 10J 15J  2J
  1T   1   0   0   0   0   0   0   0   0   0   0   0   0   0   0
  2T   1   0   0   0   0   0   0   0   0   0   0   0   0   0   0
  3T   0   0   0   0   0   0   0   0   0   0   0   1   0   0   0
  4T   0   0   0   0   0   0   0   1   1   1   0   0   0   0   0
  5T   0   0   1   1   1   1   1   1   1   1   1   1   0   0   0
  6T   1   1   1   1   1   1   0   0   0   0   0   0   0   0   0
  7T   1   1   1   1   1   1   1   1   1   1   1   1   0   0   0
  8T   0   0   1   1   1   1   0   0   0   0   0   0   0   0   0
  9T   0   0   0   0   0   0   0   1   1   1   1   1   1   1   1
 10T   0   1   1   1   1   1   1   1   1   1   1   1   1   1   1
 11T   1   0   0   0   0   0   0   0   0   0   0   0   0   0   0
 12T   0   0   0   0   0   0   0   0   0   0   1   1   1   1   0
 13T   1   1   1   1   0   0   0   0   0   0   0   0   0   0   0
 14T   0   0   0   0   1   1   1   0   0   0   0   0   0   0   0
 15T   1   1   1   1   1   0   0   0   0   0   0   0   0   0   0
 16T   0   0   0   0   0   0   1   1   1   0   0   0   0   0   0
 17T   0   0   0   0   0   0   1   1   1   1   1   1   1   1   1
 18T   0   0   0   0   0   0   0   0   0   0   0   0   1   1   1
 19T   1   1   1   1   1   1   1   1   1   1   1   1   1   0   0
 20T   0   0   0   0   0   0   0   0   0   0   0   0   1   1   0
