Number of Tool Switches: 24 

Time elapsed: 1.936198 
Tool Sequence:
     10J 11J 14J 12J  7J  8J  4J  6J  5J 13J  3J  2J  1J 15J  9J
  1T   1   1   1   1   0   0   0   0   0   0   0   0   0   0   0
  2T   1   1   1   1   1   1   1   0   0   0   0   0   0   0   1
  3T   0   0   0   0   0   0   0   0   1   1   1   1   1   1   0
  4T   1   1   1   1   1   1   1   1   1   1   1   1   1   1   1
  5T   0   0   0   0   0   0   0   0   0   1   1   1   1   1   0
  6T   1   1   1   1   1   1   1   1   1   1   1   0   0   0   0
  7T   1   1   1   1   1   1   1   1   1   1   1   1   0   0   0
  8T   1   1   1   1   0   0   0   0   0   0   0   0   0   0   0
  9T   0   0   0   0   0   0   0   0   0   0   0   0   0   1   1
 10T   0   0   0   0   0   0   0   0   0   0   1   1   1   0   0
 11T   0   0   0   0   0   0   0   1   1   1   0   0   0   0   0
 12T   1   1   1   0   0   0   0   0   0   0   0   0   1   1   1
 13T   0   0   0   0   0   1   1   1   1   0   0   0   0   0   0
 14T   1   1   1   1   1   0   0   0   0   0   0   0   0   0   0
 15T   0   0   0   1   1   1   1   0   0   0   0   0   0   0   0
 16T   0   0   0   0   1   0   0   0   0   0   0   1   1   1   1
 17T   0   0   0   0   1   1   1   1   0   0   0   0   0   0   0
 18T   0   0   0   0   0   1   1   1   1   1   1   0   0   0   0
 19T   0   0   0   0   0   0   0   1   0   0   0   1   1   1   0
 20T   0   0   0   0   0   0   0   0   1   1   1   1   1   1   1
