Number of Tool Switches: 25 

Time elapsed: 1.226478 
Tool Sequence:
      8J  7J 13J  1J 11J 10J  4J 12J  2J  3J  6J  5J 14J 15J  9J
  1T   0   1   1   1   1   0   0   0   0   0   0   0   0   0   0
  2T   0   0   0   0   0   0   0   0   0   0   1   1   1   1   1
  3T   1   1   1   0   0   0   0   1   0   0   0   0   0   0   0
  4T   0   0   0   0   0   0   0   0   0   0   0   0   1   1   1
  5T   0   0   0   0   0   1   1   1   1   1   1   1   1   1   0
  6T   0   0   0   0   0   0   0   0   0   1   1   0   0   0   0
  7T   0   0   0   0   1   0   0   0   0   0   0   0   0   0   0
  8T   0   0   0   0   0   0   0   0   0   0   1   1   1   0   0
  9T   1   1   0   0   0   0   0   0   0   0   0   0   0   0   1
 10T   1   1   1   1   1   1   1   0   0   0   0   1   1   1   0
 11T   0   0   0   0   0   0   0   0   1   0   0   0   0   0   0
 12T   1   1   1   1   1   1   1   1   1   1   0   0   0   0   0
 13T   1   1   1   1   1   1   1   1   1   1   0   0   0   0   1
 14T   0   0   0   0   0   0   0   0   0   0   0   1   0   0   0
 15T   0   0   0   0   0   0   0   0   0   0   0   0   0   1   1
 16T   1   0   0   0   0   0   0   0   0   0   0   0   0   0   0
 17T   0   0   1   1   0   0   0   0   0   0   0   0   0   0   1
 18T   0   0   0   0   0   0   1   1   1   1   1   1   1   0   0
 19T   0   0   0   1   1   1   0   0   0   0   0   0   0   0   0
 20T   0   0   0   0   0   1   1   1   1   1   1   0   0   0   0
