Number of Tool Switches: 28 

Time elapsed: 1.461552 
Tool Sequence:
      3J  1J  6J  2J 10J 14J 11J 13J  5J  9J  8J  4J 12J 15J  7J
  1T   0   0   0   0   0   0   0   0   0   0   0   1   1   0   0
  2T   1   0   0   0   0   1   0   0   0   0   0   0   1   1   1
  3T   1   1   1   1   1   1   0   0   0   0   0   0   0   0   0
  4T   1   0   0   0   0   0   0   0   0   1   1   1   0   0   0
  5T   1   1   1   1   1   1   1   0   0   0   0   0   0   0   0
  6T   0   0   0   0   1   1   1   1   0   0   0   0   0   0   0
  7T   0   0   0   1   0   0   0   0   0   0   0   0   0   0   0
  8T   0   0   0   0   0   0   1   1   1   1   1   1   1   1   0
  9T   0   0   0   0   0   0   1   1   0   0   0   0   0   0   1
 10T   1   1   1   0   0   0   0   0   0   0   0   0   0   0   0
 11T   0   0   0   0   0   0   1   1   1   1   1   1   0   0   0
 12T   0   0   0   0   0   0   0   1   1   0   0   0   0   0   0
 13T   0   1   1   1   1   0   0   0   0   0   0   0   0   0   1
 14T   0   0   0   0   0   0   0   0   1   1   1   0   0   0   0
 15T   1   1   1   1   1   1   1   1   1   1   0   0   0   0   0
 16T   0   0   0   0   0   0   0   0   0   0   0   0   1   0   0
 17T   0   0   0   1   1   1   0   0   0   0   0   1   1   0   0
 18T   0   0   0   0   0   0   0   0   1   0   0   0   0   0   1
 19T   0   0   0   0   0   0   0   0   0   0   0   0   0   1   1
 20T   0   1   1   0   0   0   0   0   0   1   1   1   1   1   1
