Number of Tool Switches: 20 

Time elapsed: 1.116040 
Tool Sequence:
     13J 14J 10J  2J  6J 12J 15J  1J  7J  3J  9J  4J  8J 11J  5J
  1T   0   0   0   0   0   0   1   1   1   1   0   0   0   0   0
  2T   1   1   1   1   1   1   1   1   1   1   1   1   1   0   0
  3T   1   1   1   1   1   1   1   1   1   1   1   1   1   1   1
  4T   1   1   0   0   0   0   0   0   0   0   0   0   0   0   0
  5T   1   1   1   1   1   1   1   1   0   0   0   0   0   0   0
  6T   1   1   1   1   0   0   0   0   0   0   0   0   0   0   0
  7T   0   0   0   0   0   0   0   0   1   0   0   0   0   0   0
  8T   0   0   0   0   0   1   1   0   0   0   0   0   0   0   0
  9T   1   1   1   1   1   1   1   1   1   1   1   1   1   1   1
 10T   0   0   0   0   0   0   0   0   0   0   1   1   1   1   0
 11T   0   0   0   0   0   0   0   1   1   1   0   0   0   0   0
 12T   1   1   1   1   1   0   0   0   0   0   0   0   0   0   0
 13T   0   0   0   0   0   0   0   0   0   0   1   1   1   1   1
 14T   1   1   1   1   1   1   1   1   1   1   1   1   1   1   0
 15T   0   0   0   0   0   1   1   1   1   1   1   1   0   0   0
 16T   1   1   1   1   1   1   1   1   1   1   1   1   0   0   0
 17T   0   0   0   0   0   0   0   0   0   0   0   0   0   1   0
 18T   0   0   0   0   0   1   1   1   1   1   1   1   1   0   0
 19T   0   0   0   0   0   0   0   0   0   0   0   1   1   1   1
 20T   1   1   1   1   1   0   0   0   0   0   0   0   0   0   0
