Instancias/C1/1.txt                                          	    99 	 107.346083464000 24.612959165000 44
Instancias/C1/2.txt                                          	   108 	 94.029627484000 1.452123980000 2
Instancias/C1/3.txt                                          	    96 	 111.365347584000 42.250936712000 74
Instancias/C1/4.txt                                          	    97 	 105.574510797000 26.529431372000 51
Instancias/C1/5.txt                                          	    94 	 109.272409024000 66.519510555000 117
Instancias/C1/6.txt                                          	   109 	 96.479332037000 34.467782835000 73
Instancias/C1/7.txt                                          	   102 	 104.901687983000 5.329574512000 9
Instancias/C1/8.txt                                          	    99 	 109.590090852000 4.665416842000 7
Instancias/C1/9.txt                                          	   102 	 98.291506284000 10.617068465000 19
Instancias/C1/10.txt                                         	    85 	 102.754123422000 44.873522117000 87
