                            C1/1.txt                          	    99 	 45.761288231000 42.614372949000 184
                            C1/2.txt                          	   109 	 43.148372572000 15.456390818000 58
                            C1/3.txt                          	    97 	 55.521522677000 14.871646750000 36
                            C1/4.txt                          	    98 	 44.650159496000 7.938085085000 14
                            C1/5.txt                          	    96 	 49.890387648000 7.526570573000 10
                            C1/6.txt                          	   109 	 44.390478747000 24.020182144000 95
                            C1/7.txt                          	   102 	 50.859019278000 47.457714535000 184
                            C1/8.txt                          	   100 	 49.256811833000 15.254651283000 43
                            C1/9.txt                          	   102 	 48.182329100000 25.520927112000 94
                            C1/10.txt                         	    86 	 52.083592663000 10.078753920000 22
