Instancias/C1/1.txt                                          	    98 	 114.194436488000 27.455659837000 50
Instancias/C1/2.txt                                          	   107 	 94.085874250000 21.456901201000 41
Instancias/C1/3.txt                                          	    97 	 111.130178348000 7.369486521000 11
Instancias/C1/4.txt                                          	    97 	 98.136529668000 13.000162851000 27
Instancias/C1/5.txt                                          	    94 	 114.256863696000 14.492927916000 23
Instancias/C1/6.txt                                          	   108 	 79.859769832000 41.242910289000 108
Instancias/C1/7.txt                                          	   102 	 96.705657053000 3.592761527000 5
Instancias/C1/8.txt                                          	    99 	 100.364147654000 57.608441948000 115
Instancias/C1/9.txt                                          	   102 	 87.585587570000 3.708983894000 8
Instancias/C1/10.txt                                         	    85 	 92.744056104000 50.845654004000 102
