Instancias/C1/1.txt                                          	    99 	 98.728334036000 26.875382827000 54
Instancias/C1/2.txt                                          	   108 	 85.434757950000 18.774858050000 44
Instancias/C1/3.txt                                          	    96 	 109.433065576000 86.455027465000 160
Instancias/C1/4.txt                                          	    97 	 92.245078214000 28.172399872000 68
Instancias/C1/5.txt                                          	    94 	 94.593729617000 16.551411135000 31
Instancias/C1/6.txt                                          	   108 	 86.079511620000 3.109623621000 5
Instancias/C1/7.txt                                          	   102 	 102.637897695000 53.725517729000 99
Instancias/C1/8.txt                                          	   100 	 106.449221692000 20.144092129000 37
Instancias/C1/9.txt                                          	   102 	 96.761432199000 7.291751249000 12
Instancias/C1/10.txt                                         	    85 	 114.515026122000 79.410974548000 135
