Instancias/C1/1.txt                                          	   100 	 95.824216959000 12.689467545000 24
Instancias/C1/2.txt                                          	   107 	 96.998333985000 35.941987856000 73
Instancias/C1/3.txt                                          	    96 	 102.598474549000 36.703002298000 72
Instancias/C1/4.txt                                          	    96 	 96.809078392000 66.340363074000 139
Instancias/C1/5.txt                                          	    95 	 109.528652044000 2.703567535000 5
Instancias/C1/6.txt                                          	   108 	 82.351772937000 5.202550823000 11
Instancias/C1/7.txt                                          	   102 	 103.448061491000 71.983498168000 139
Instancias/C1/8.txt                                          	    99 	 108.791356982000 16.960575825000 31
Instancias/C1/9.txt                                          	   102 	 87.864568242000 14.197813734000 27
Instancias/C1/10.txt                                         	    85 	 110.094544174000 44.368299798000 77
