Instancias/C1/1.txt                                          	    99 	 93.376209615000 2.176947986000 3
Instancias/C1/2.txt                                          	   108 	 100.628352497000 7.686345810000 15
Instancias/C1/3.txt                                          	    96 	 113.086378733000 2.001544795000 3
Instancias/C1/4.txt                                          	    96 	 100.067550067000 16.327843521000 30
Instancias/C1/5.txt                                          	    94 	 109.721624509000 2.142808437000 3
Instancias/C1/6.txt                                          	   109 	 93.086634530000 15.857960803000 31
Instancias/C1/7.txt                                          	   102 	 117.088251558000 82.126596995000 141
Instancias/C1/8.txt                                          	   100 	 102.985042663000 52.460854929000 106
Instancias/C1/9.txt                                          	   102 	 82.874142651000 51.637295070000 120
Instancias/C1/10.txt                                         	    86 	 95.791405704000 2.272759693000 3
