Instancias/C1/1.txt                                          	    99 	 100.899846578000 70.145990827000 139
Instancias/C1/2.txt                                          	   108 	 81.188584562000 11.958951692000 26
Instancias/C1/3.txt                                          	    97 	 98.816491929000 2.433128059000 4
Instancias/C1/4.txt                                          	    97 	 92.390424437000 34.241236925000 61
Instancias/C1/5.txt                                          	    94 	 104.674965958000 73.386729664000 136
Instancias/C1/6.txt                                          	   109 	 89.006610742000 1.938143015000 3
Instancias/C1/7.txt                                          	   103 	 102.479119166000 22.074519896000 45
Instancias/C1/8.txt                                          	   100 	 108.792266079000 9.288758435000 15
Instancias/C1/9.txt                                          	   102 	 93.923775779000 53.853912780000 111
Instancias/C1/10.txt                                         	    85 	 97.401482174000 40.744247574000 77
