                            C1/1.txt                          	    99 	 142.684319431000 29.288634258000 35
                            C1/2.txt                          	   109 	 127.442478918000 46.165402810000 69
                            C1/3.txt                          	    97 	 141.500397776000 86.118285768000 120
                            C1/4.txt                          	    97 	 145.820392473000 140.537511143000 193
                            C1/5.txt                          	    93 	 161.297636527000 153.105253522000 189
                            C1/6.txt                          	   109 	 129.045545673000 101.751356859000 157
                            C1/7.txt                          	   103 	 167.288346480000 49.423192308000 53
                            C1/8.txt                          	   100 	 150.363328394000 134.836380388000 179
                            C1/9.txt                          	   102 	 142.884319587000 44.090773047000 56
                            C1/10.txt                         	    86 	 144.631330039000 25.462501387000 28
