                        GrupoA/L1-1.txt                       	    18 	 0.098134445000 0.010780286000 1
                        GrupoA/L1-2.txt                       	    17 	 0.096179101000 0.013251699000 1
                        GrupoA/L1-3.txt                       	    15 	 0.015903189000 0.000557473000 1
                        GrupoA/L1-4.txt                       	    18 	 0.102837721000 0.010406259000 1
                        GrupoA/L1-5.txt                       	    16 	 0.042539562000 0.005066708000 1
                        GrupoA/L1-6.txt                       	    19 	 0.125478466000 0.014996764000 1
                        GrupoA/L1-7.txt                       	    19 	 0.100708966000 0.012068212000 1
                        GrupoA/L1-8.txt                       	    16 	 0.054965710000 0.005640076000 1
                        GrupoA/L1-9.txt                       	    17 	 0.078832691000 0.006190898000 1
                        GrupoA/L1-10.txt                      	    15 	 0.033403949000 0.001111258000 4
                        GrupoA/L2-1.txt                       	    15 	 0.002240467000 0.000528785000 1
                        GrupoA/L2-2.txt                       	    15 	 0.003719538000 0.000501974000 1
                        GrupoA/L2-3.txt                       	    15 	 0.006489455000 0.001226201000 1
                        GrupoA/L2-4.txt                       	    15 	 0.004452587000 0.000891720000 1
                        GrupoA/L2-5.txt                       	    15 	 0.004895405000 0.000925644000 1
                        GrupoA/L2-6.txt                       	    15 	 0.004363429000 0.000952262000 1
                        GrupoA/L2-7.txt                       	    15 	 0.007462537000 0.000991891000 1
                        GrupoA/L2-8.txt                       	    15 	 0.004962336000 0.000900062000 1
                        GrupoA/L2-9.txt                       	    15 	 0.006307086000 0.001160253000 1
                        GrupoA/L2-10.txt                      	    15 	 0.004450381000 0.000734339000 1
                        GrupoA/L3-1.txt                       	    17 	 0.194885736000 0.025879962000 2
                        GrupoA/L3-2.txt                       	    16 	 0.111159560000 0.006543360000 1
                        GrupoA/L3-3.txt                       	    16 	 0.097290508000 0.013110444000 2
                        GrupoA/L3-4.txt                       	    16 	 0.084650743000 0.004228428000 1
                        GrupoA/L3-5.txt                       	    15 	 0.003439559000 0.000484651000 1
                        GrupoA/L3-6.txt                       	    19 	 0.157272259000 0.020100413000 2
                        GrupoA/L3-7.txt                       	    19 	 0.171124734000 0.018462319000 1
                        GrupoA/L3-8.txt                       	    16 	 0.122797443000 0.009431421000 1
                        GrupoA/L3-9.txt                       	    15 	 0.050275857000 0.000944865000 2
                        GrupoA/L3-10.txt                      	    18 	 0.198017111000 0.032059115000 2
                        GrupoA/L4-1.txt                       	    17 	 0.167009098000 0.018189916000 1
                        GrupoA/L4-2.txt                       	    18 	 0.195341486000 0.022036237000 1
                        GrupoA/L4-3.txt                       	    18 	 0.213324233000 0.024117599000 1
                        GrupoA/L4-4.txt                       	    19 	 0.177807895000 0.020794616000 2
                        GrupoA/L4-5.txt                       	    22 	 0.260784529000 0.029568972000 1
                        GrupoA/L4-6.txt                       	    18 	 0.136168373000 0.015623277000 1
                        GrupoA/L4-7.txt                       	    18 	 0.164961807000 0.022483070000 1
                        GrupoA/L4-8.txt                       	    20 	 0.166662784000 0.022573989000 5
                        GrupoA/L4-9.txt                       	    20 	 0.217441105000 0.027610880000 1
                        GrupoA/L4-10.txt                      	    18 	 0.195023342000 0.026028892000 1
                        GrupoA/L5-1.txt                       	    30 	 0.371479055000 0.060546546000 1
                        GrupoA/L5-2.txt                       	    21 	 0.124125403000 0.007352465000 1
                        GrupoA/L5-3.txt                       	    23 	 0.242346624000 0.024241849000 1
                        GrupoA/L5-4.txt                       	    23 	 0.271105269000 0.030664824000 1
                        GrupoA/L5-5.txt                       	    21 	 0.219403951000 0.049346348000 1
                        GrupoA/L5-6.txt                       	    26 	 0.336290329000 0.032524425000 1
                        GrupoA/L5-7.txt                       	    22 	 0.218563992000 0.035918990000 1
                        GrupoA/L5-8.txt                       	    21 	 0.234469862000 0.046595051000 1
                        GrupoA/L5-9.txt                       	    28 	 0.365365318000 0.056786744000 3
                        GrupoA/L5-10.txt                      	    25 	 0.283783014000 0.049518129000 2
                        GrupoA/L6-1.txt                       	    29 	 0.359254681000 0.032958430000 1
                        GrupoA/L6-2.txt                       	    24 	 0.318439506000 0.054111235000 1
                        GrupoA/L6-3.txt                       	    24 	 0.352190852000 0.067452131000 2
                        GrupoA/L6-4.txt                       	    26 	 0.308977177000 0.035932865000 2
                        GrupoA/L6-5.txt                       	    24 	 0.235633057000 0.038450617000 1
                        GrupoA/L6-6.txt                       	    25 	 0.257011801000 0.022772706000 1
                        GrupoA/L6-7.txt                       	    23 	 0.294057117000 0.031830418000 1
                        GrupoA/L6-8.txt                       	    23 	 0.226614092000 0.029079768000 1
                        GrupoA/L6-9.txt                       	    31 	 0.395257837000 0.060133776000 1
                        GrupoA/L6-10.txt                      	    23 	 0.218782734000 0.023811035000 1
                        GrupoA/L7-1.txt                       	    20 	 0.005041053000 0.000764116000 1
                        GrupoA/L7-2.txt                       	    20 	 0.003394014000 0.000721784000 1
                        GrupoA/L7-3.txt                       	    20 	 0.010102034000 0.000672769000 1
                        GrupoA/L7-4.txt                       	    20 	 0.045615839000 0.001217835000 1
                        GrupoA/L7-5.txt                       	    20 	 0.007581881000 0.001448245000 1
                        GrupoA/L7-6.txt                       	    20 	 0.007818886000 0.001426495000 1
                        GrupoA/L7-7.txt                       	    20 	 0.013576306000 0.001539392000 1
                        GrupoA/L7-8.txt                       	    20 	 0.012940020000 0.001274989000 1
                        GrupoA/L7-9.txt                       	    20 	 0.017520676000 0.001234848000 1
                        GrupoA/L7-10.txt                      	    20 	 0.027442997000 0.001363724000 1
                        GrupoA/L8-1.txt                       	    20 	 0.005031473000 0.001016168000 1
                        GrupoA/L8-2.txt                       	    22 	 0.234502384000 0.027225452000 1
                        GrupoA/L8-3.txt                       	    22 	 0.280765760000 0.035532602000 2
                        GrupoA/L8-4.txt                       	    21 	 0.163000492000 0.017328579000 1
                        GrupoA/L8-5.txt                       	    22 	 0.158315817000 0.013422320000 1
                        GrupoA/L8-6.txt                       	    21 	 0.148645099000 0.016284036000 1
                        GrupoA/L8-7.txt                       	    22 	 0.178478531000 0.011630735000 1
                        GrupoA/L8-8.txt                       	    27 	 0.369537536000 0.052325460000 1
                        GrupoA/L8-9.txt                       	    21 	 0.178036666000 0.009841177000 3
                        GrupoA/L8-10.txt                      	    21 	 0.211768558000 0.046559703000 1
                        GrupoA/L9-1.txt                       	    20 	 0.121120034000 0.001717566000 1
                        GrupoA/L9-2.txt                       	    20 	 0.020065389000 0.001249943000 1
                        GrupoA/L9-3.txt                       	    20 	 0.016024254000 0.002026320000 1
                        GrupoA/L9-4.txt                       	    20 	 0.159396234000 0.003611028000 2
                        GrupoA/L9-5.txt                       	    20 	 0.030241082000 0.001542846000 1
                        GrupoA/L9-6.txt                       	    20 	 0.021162317000 0.001242169000 1
                        GrupoA/L9-7.txt                       	    20 	 0.162335309000 0.002716371000 2
                        GrupoA/L9-8.txt                       	    20 	 0.006027206000 0.000784472000 1
                        GrupoA/L9-9.txt                       	    20 	 0.045251602000 0.001509741000 1
                        GrupoA/L9-10.txt                      	    20 	 0.025875485000 0.001631322000 1
                        GrupoA/L10-1.txt                      	    24 	 0.307476157000 0.046660014000 1
                        GrupoA/L10-2.txt                      	    24 	 0.273001630000 0.040043776000 1
                        GrupoA/L10-3.txt                      	    24 	 0.293723322000 0.032960806000 1
                        GrupoA/L10-4.txt                      	    21 	 0.220221772000 0.007723992000 1
                        GrupoA/L10-5.txt                      	    24 	 0.288100891000 0.067172513000 1
                        GrupoA/L10-6.txt                      	    24 	 0.259671863000 0.021266019000 1
                        GrupoA/L10-7.txt                      	    20 	 0.084809693000 0.001049516000 1
                        GrupoA/L10-8.txt                      	    22 	 0.253759208000 0.056854244000 1
                        GrupoA/L10-9.txt                      	    25 	 0.263545312000 0.030732188000 1
                        GrupoA/L10-10.txt                     	    24 	 0.300922347000 0.036199454000 2
                        GrupoA/L11-1.txt                      	    25 	 0.296484666000 0.025614141000 1
                        GrupoA/L11-2.txt                      	    24 	 0.372969067000 0.076545211000 16
                        GrupoA/L11-3.txt                      	    30 	 0.440449665000 0.068219029000 1
                        GrupoA/L11-4.txt                      	    25 	 0.323004569000 0.045229859000 1
                        GrupoA/L11-5.txt                      	    31 	 0.541087160000 0.089503756000 1
                        GrupoA/L11-6.txt                      	    27 	 0.399346703000 0.055754447000 1
                        GrupoA/L11-7.txt                      	    28 	 0.402358085000 0.033184433000 1
                        GrupoA/L11-8.txt                      	    30 	 0.451674965000 0.038849439000 1
                        GrupoA/L11-9.txt                      	    28 	 0.457575739000 0.057681920000 1
                        GrupoA/L11-10.txt                     	    26 	 0.382010708000 0.050057641000 1
                        GrupoA/L12-1.txt                      	    29 	 0.285287341000 0.033925169000 2
                        GrupoA/L12-2.txt                      	    29 	 0.334566315000 0.057082329000 1
                        GrupoA/L12-3.txt                      	    27 	 0.283850473000 0.061714115000 1
                        GrupoA/L12-4.txt                      	    26 	 0.197918745000 0.023601468000 1
                        GrupoA/L12-5.txt                      	    31 	 0.398568257000 0.078310041000 1
                        GrupoA/L12-6.txt                      	    26 	 0.210642023000 0.038950471000 2
                        GrupoA/L12-7.txt                      	    31 	 0.256768188000 0.027858598000 1
                        GrupoA/L12-8.txt                      	    29 	 0.299239456000 0.042913096000 1
                        GrupoA/L12-9.txt                      	    29 	 0.302571785000 0.042710279000 1
                        GrupoA/L12-10.txt                     	    29 	 0.307711369000 0.032324899000 1
                        GrupoA/L13-1.txt                      	    29 	 0.267083740000 0.033898897000 1
                        GrupoA/L13-2.txt                      	    34 	 0.450150949000 0.110100111000 9
                        GrupoA/L13-3.txt                      	    31 	 0.304151047000 0.026637455000 2
                        GrupoA/L13-4.txt                      	    35 	 0.385085205000 0.063385691000 1
                        GrupoA/L13-5.txt                      	    31 	 0.336917035000 0.059212146000 1
                        GrupoA/L13-6.txt                      	    28 	 0.312060987000 0.050507810000 1
                        GrupoA/L13-7.txt                      	    32 	 0.293507592000 0.043724776000 1
                        GrupoA/L13-8.txt                      	    32 	 0.361248744000 0.047139857000 2
                        GrupoA/L13-9.txt                      	    30 	 0.343155959000 0.045471153000 1
                        GrupoA/L13-10.txt                     	    28 	 0.350476780000 0.032255121000 1
                        GrupoA/L14-1.txt                      	    25 	 0.009297542000 0.001241635000 1
                        GrupoA/L14-2.txt                      	    25 	 0.031939410000 0.002009428000 1
                        GrupoA/L14-3.txt                      	    25 	 0.015360633000 0.001498503000 1
                        GrupoA/L14-4.txt                      	    25 	 0.087277294000 0.002188870000 1
                        GrupoA/L14-5.txt                      	    25 	 0.020329731000 0.001685376000 1
                        GrupoA/L14-6.txt                      	    25 	 0.009739737000 0.001486666000 1
                        GrupoA/L14-7.txt                      	    25 	 0.074558910000 0.002074571000 1
                        GrupoA/L14-8.txt                      	    25 	 0.041736698000 0.001664582000 1
                        GrupoA/L14-9.txt                      	    25 	 0.021869616000 0.001324674000 1
                        GrupoA/L14-10.txt                     	    25 	 0.017363304000 0.002083012000 1
                        GrupoA/L15-1.txt                      	    28 	 0.519050683000 0.077127032000 1
                        GrupoA/L15-2.txt                      	    26 	 0.242632416000 0.035443090000 1
                        GrupoA/L15-3.txt                      	    25 	 0.162551265000 0.006811457000 2
                        GrupoA/L15-4.txt                      	    29 	 0.534010772000 0.065186157000 1
                        GrupoA/L15-5.txt                      	    29 	 0.314371045000 0.046332962000 1
                        GrupoA/L15-6.txt                      	    25 	 0.115288733000 0.002047694000 1
                        GrupoA/L15-7.txt                      	    30 	 0.482661606000 0.062967407000 1
                        GrupoA/L15-8.txt                      	    38 	 0.790867530000 0.084004693000 2
                        GrupoA/L15-9.txt                      	    28 	 0.335159868000 0.030704159000 3
                        GrupoA/L15-10.txt                     	    27 	 0.362120820000 0.025384578000 2
                        GrupoA/L16-1.txt                      	    26 	 0.277322315000 0.034253200000 1
                        GrupoA/L16-2.txt                      	    25 	 0.046418732000 0.001191055000 1
                        GrupoA/L16-3.txt                      	    25 	 0.171266334000 0.003139788000 1
                        GrupoA/L16-4.txt                      	    25 	 0.031156495000 0.001286126000 1
                        GrupoA/L16-5.txt                      	    25 	 0.031885350000 0.002343713000 1
                        GrupoA/L16-6.txt                      	    25 	 0.073715068000 0.002166678000 1
                        GrupoA/L16-7.txt                      	    25 	 0.051309891000 0.001581659000 1
                        GrupoA/L16-8.txt                      	    25 	 0.038960836000 0.002476084000 1
                        GrupoA/L16-9.txt                      	    25 	 0.087993520000 0.002784712000 1
                        GrupoA/L16-10.txt                     	    25 	 0.016067785000 0.001329562000 1
                        GrupoA/L17-1.txt                      	    31 	 0.624240858000 0.104722148000 3
                        GrupoA/L17-2.txt                      	    26 	 0.377411173000 0.088433069000 1
                        GrupoA/L17-3.txt                      	    28 	 0.437827745000 0.056849340000 1
                        GrupoA/L17-4.txt                      	    32 	 0.521929749000 0.055629311000 1
                        GrupoA/L17-5.txt                      	    26 	 0.246634180000 0.023790049000 1
                        GrupoA/L17-6.txt                      	    30 	 0.543056475000 0.078865153000 1
                        GrupoA/L17-7.txt                      	    27 	 0.367991834000 0.055084940000 2
                        GrupoA/L17-8.txt                      	    25 	 0.146122980000 0.001128003000 1
                        GrupoA/L17-9.txt                      	    34 	 0.623369597000 0.065763396000 1
                        GrupoA/L17-10.txt                     	    29 	 0.480320799000 0.043854007000 1
                        GrupoA/L18-1.txt                      	    35 	 0.652276331000 0.110377985000 7
                        GrupoA/L18-2.txt                      	    36 	 0.675603038000 0.126907389000 1
                        GrupoA/L18-3.txt                      	    35 	 0.498833452000 0.058220536000 2
                        GrupoA/L18-4.txt                      	    36 	 0.667407346000 0.094265753000 1
                        GrupoA/L18-5.txt                      	    35 	 0.530047067000 0.065403285000 1
                        GrupoA/L18-6.txt                      	    36 	 0.647712508000 0.077063298000 2
                        GrupoA/L18-7.txt                      	    36 	 0.634734022000 0.087432167000 1
                        GrupoA/L18-8.txt                      	    35 	 0.608692334000 0.088475876000 3
                        GrupoA/L18-9.txt                      	    36 	 0.649213618000 0.096244933000 1
                        GrupoA/L18-10.txt                     	    33 	 0.524850885000 0.069859320000 2
                        GrupoA/L19-1.txt                      	    25 	 0.004251073000 0.001182565000 1
                        GrupoA/L19-2.txt                      	    25 	 0.008705682000 0.002288944000 1
                        GrupoA/L19-3.txt                      	    25 	 0.008533907000 0.001976422000 1
                        GrupoA/L19-4.txt                      	    25 	 0.007981918000 0.002067184000 1
                        GrupoA/L19-5.txt                      	    25 	 0.008313411000 0.002040800000 1
                        GrupoA/L19-6.txt                      	    25 	 0.007793706000 0.002064777000 1
                        GrupoA/L19-7.txt                      	    25 	 0.007713656000 0.001856632000 1
                        GrupoA/L19-8.txt                      	    25 	 0.007121628000 0.001892934000 1
                        GrupoA/L19-9.txt                      	    25 	 0.006864874000 0.001848116000 1
                        GrupoA/L19-10.txt                     	    25 	 0.009082642000 0.001944638000 1
                        GrupoA/L20-1.txt                      	    25 	 0.029027828000 0.002328258000 1
                        GrupoA/L20-2.txt                      	    25 	 0.008760515000 0.001806593000 1
                        GrupoA/L20-3.txt                      	    25 	 0.041279866000 0.002699592000 1
                        GrupoA/L20-4.txt                      	    25 	 0.007733030000 0.001565178000 1
                        GrupoA/L20-5.txt                      	    25 	 0.018785434000 0.001901407000 1
                        GrupoA/L20-6.txt                      	    25 	 0.018907282000 0.002154681000 1
                        GrupoA/L20-7.txt                      	    25 	 0.159726950000 0.003147094000 1
                        GrupoA/L20-8.txt                      	    25 	 0.022131438000 0.001379374000 1
                        GrupoA/L20-9.txt                      	    25 	 0.011340152000 0.002059870000 1
                        GrupoA/L20-10.txt                     	    25 	 0.022080596000 0.002281740000 1
                        GrupoA/L21-1.txt                      	    26 	 0.195948808000 0.030434082000 1
                        GrupoA/L21-2.txt                      	    27 	 0.353778248000 0.049651152000 1
                        GrupoA/L21-3.txt                      	    27 	 0.341414734000 0.050475312000 1
                        GrupoA/L21-4.txt                      	    29 	 0.416477377000 0.044210253000 1
                        GrupoA/L21-5.txt                      	    25 	 0.148914135000 0.002369736000 1
                        GrupoA/L21-6.txt                      	    25 	 0.071890500000 0.001151559000 1
                        GrupoA/L21-7.txt                      	    30 	 0.475829221000 0.082416371000 3
                        GrupoA/L21-8.txt                      	    28 	 0.368256445000 0.039299055000 1
                        GrupoA/L21-9.txt                      	    25 	 0.061993415000 0.003220234000 1
                        GrupoA/L21-10.txt                     	    27 	 0.381419674000 0.048488750000 2
                        GrupoA/L22-1.txt                      	    25 	 0.006269531000 0.001199540000 1
                        GrupoA/L22-2.txt                      	    25 	 0.009189819000 0.002048088000 1
                        GrupoA/L22-3.txt                      	    25 	 0.008476800000 0.002058408000 1
                        GrupoA/L22-4.txt                      	    25 	 0.008448105000 0.002221832000 1
                        GrupoA/L22-5.txt                      	    25 	 0.007447305000 0.001884299000 1
                        GrupoA/L22-6.txt                      	    25 	 0.006771828000 0.001749061000 1
                        GrupoA/L22-7.txt                      	    25 	 0.008159572000 0.002038759000 1
                        GrupoA/L22-8.txt                      	    25 	 0.007978892000 0.002347127000 1
                        GrupoA/L22-9.txt                      	    25 	 0.009126717000 0.002733427000 1
                        GrupoA/L22-10.txt                     	    25 	 0.009425942000 0.002516500000 1
                        GrupoA/L23-1.txt                      	    26 	 0.313712634000 0.071138122000 1
                        GrupoA/L23-2.txt                      	    25 	 0.009521961000 0.001805073000 1
                        GrupoA/L23-3.txt                      	    25 	 0.007016311000 0.001591909000 1
                        GrupoA/L23-4.txt                      	    25 	 0.037128082000 0.002246252000 1
                        GrupoA/L23-5.txt                      	    25 	 0.017960434000 0.001967240000 1
                        GrupoA/L23-6.txt                      	    25 	 0.043916634000 0.002351549000 1
                        GrupoA/L23-7.txt                      	    25 	 0.213429190000 0.055168570000 2
                        GrupoA/L23-8.txt                      	    25 	 0.015027298000 0.002493791000 1
                        GrupoA/L23-9.txt                      	    25 	 0.014643238000 0.001965330000 1
                        GrupoA/L23-10.txt                     	    25 	 0.007472761000 0.001759575000 1
                        GrupoA/L24-1.txt                      	    28 	 0.398972524000 0.080424278000 3
                        GrupoA/L24-2.txt                      	    27 	 0.332033268000 0.058166792000 1
                        GrupoA/L24-3.txt                      	    30 	 0.512142167000 0.064876517000 1
                        GrupoA/L24-4.txt                      	    26 	 0.264527979000 0.035908801000 1
                        GrupoA/L24-5.txt                      	    26 	 0.238785083000 0.034815205000 1
                        GrupoA/L24-6.txt                      	    25 	 0.013713961000 0.001344507000 1
                        GrupoA/L24-7.txt                      	    27 	 0.285868304000 0.022593192000 1
                        GrupoA/L24-8.txt                      	    26 	 0.361370826000 0.059427951000 4
                        GrupoA/L24-9.txt                      	    27 	 0.322138306000 0.045010173000 4
                        GrupoA/L24-10.txt                     	    28 	 0.359007925000 0.039026325000 1
                        GrupoA/L25-1.txt                      	    26 	 0.329690312000 0.022338188000 1
                        GrupoA/L25-2.txt                      	    26 	 0.211059086000 0.012912105000 1
                        GrupoA/L25-3.txt                      	    26 	 0.273850797000 0.026121145000 1
                        GrupoA/L25-4.txt                      	    25 	 0.082227856000 0.001392334000 1
                        GrupoA/L25-5.txt                      	    25 	 0.039572950000 0.001121054000 1
                        GrupoA/L25-6.txt                      	    26 	 0.348399508000 0.034781998000 1
                        GrupoA/L25-7.txt                      	    27 	 0.334702934000 0.058883977000 1
                        GrupoA/L25-8.txt                      	    26 	 0.248600321000 0.020821248000 1
                        GrupoA/L25-9.txt                      	    25 	 0.076896351000 0.001515772000 1
                        GrupoA/L25-10.txt                     	    27 	 0.356846609000 0.039357430000 1
                        GrupoA/L26-1.txt                      	    29 	 0.425600363000 0.045855444000 1
                        GrupoA/L26-2.txt                      	    28 	 0.377637055000 0.046132776000 1
                        GrupoA/L26-3.txt                      	    27 	 0.296840598000 0.041767005000 2
                        GrupoA/L26-4.txt                      	    27 	 0.400074205000 0.052294693000 1
                        GrupoA/L26-5.txt                      	    27 	 0.273528595000 0.026684459000 2
                        GrupoA/L26-6.txt                      	    31 	 0.470134691000 0.051255999000 1
                        GrupoA/L26-7.txt                      	    29 	 0.508382126000 0.058207171000 2
                        GrupoA/L26-8.txt                      	    29 	 0.415697487000 0.050252135000 1
                        GrupoA/L26-9.txt                      	    30 	 0.480777154000 0.062536515000 1
                        GrupoA/L26-10.txt                     	    31 	 0.534143084000 0.084391559000 7
                        GrupoA/L27-1.txt                      	    35 	 0.670348356000 0.094596950000 1
                        GrupoA/L27-2.txt                      	    35 	 0.718369176000 0.064940270000 1
                        GrupoA/L27-3.txt                      	    32 	 0.491838292000 0.035245566000 1
                        GrupoA/L27-4.txt                      	    31 	 0.416345832000 0.033107761000 1
                        GrupoA/L27-5.txt                      	    30 	 0.354180008000 0.028171681000 2
                        GrupoA/L27-6.txt                      	    32 	 0.368088905000 0.039585824000 1
                        GrupoA/L27-7.txt                      	    32 	 0.533580334000 0.055732961000 1
                        GrupoA/L27-8.txt                      	    33 	 0.582654788000 0.083685970000 3
                        GrupoA/L27-9.txt                      	    31 	 0.431300972000 0.046337923000 1
                        GrupoA/L27-10.txt                     	    33 	 0.528222472000 0.078416342000 12
                        GrupoA/L28-1.txt                      	    25 	 0.025944533000 0.001348081000 1
                        GrupoA/L28-2.txt                      	    25 	 0.005987557000 0.001261371000 1
                        GrupoA/L28-3.txt                      	    25 	 0.007655962000 0.001562611000 1
                        GrupoA/L28-4.txt                      	    27 	 0.064778904000 0.008917879000 1
                        GrupoA/L28-5.txt                      	    25 	 0.014047907000 0.001285695000 1
                        GrupoA/L28-6.txt                      	    25 	 0.023237500000 0.001666549000 1
                        GrupoA/L28-7.txt                      	    24 	 0.022190988000 0.001569287000 2
                        GrupoA/L28-8.txt                      	    25 	 0.034223304000 0.001705412000 1
                        GrupoA/L28-9.txt                      	    25 	 0.026194718000 0.001124522000 1
                        GrupoA/L28-10.txt                     	    25 	 0.019135536000 0.001309044000 1
                        GrupoA/L29-1.txt                      	    25 	 0.007066786000 0.001673007000 1
                        GrupoA/L29-2.txt                      	    25 	 0.006688274000 0.001644869000 1
                        GrupoA/L29-3.txt                      	    25 	 0.007048976000 0.001778949000 1
                        GrupoA/L29-4.txt                      	    25 	 0.007828040000 0.001801222000 1
                        GrupoA/L29-5.txt                      	    25 	 0.006921074000 0.001605846000 1
                        GrupoA/L29-6.txt                      	    25 	 0.006386586000 0.001404393000 1
                        GrupoA/L29-7.txt                      	    25 	 0.006104898000 0.001385323000 1
                        GrupoA/L29-8.txt                      	    25 	 0.006676435000 0.001426942000 1
                        GrupoA/L29-9.txt                      	    25 	 0.007265120000 0.001614325000 1
                        GrupoA/L29-10.txt                     	    25 	 0.007327060000 0.001629418000 1
                        GrupoA/L30-1.txt                      	    25 	 0.007730206000 0.001686643000 1
                        GrupoA/L30-2.txt                      	    25 	 0.007043863000 0.001479428000 1
                        GrupoA/L30-3.txt                      	    25 	 0.007510928000 0.001819736000 1
                        GrupoA/L30-4.txt                      	    25 	 0.007552035000 0.001510893000 1
                        GrupoA/L30-5.txt                      	    25 	 0.006479490000 0.001589575000 1
                        GrupoA/L30-6.txt                      	    25 	 0.007318072000 0.001628404000 1
                        GrupoA/L30-7.txt                      	    25 	 0.007294175000 0.001675431000 1
                        GrupoA/L30-8.txt                      	    25 	 0.008279646000 0.002249341000 1
                        GrupoA/L30-9.txt                      	    25 	 0.007297779000 0.001817189000 1
                        GrupoA/L30-10.txt                     	    25 	 0.007696039000 0.001953032000 1
                        GrupoA/L31-1.txt                      	    25 	 0.007666302000 0.001862200000 1
                        GrupoA/L31-2.txt                      	    25 	 0.008021920000 0.001644678000 1
                        GrupoA/L31-3.txt                      	    25 	 0.007637678000 0.001814096000 1
                        GrupoA/L31-4.txt                      	    25 	 0.008051166000 0.002081651000 1
                        GrupoA/L31-5.txt                      	    25 	 0.007913651000 0.001908475000 1
                        GrupoA/L31-6.txt                      	    25 	 0.007857848000 0.001825623000 1
                        GrupoA/L31-7.txt                      	    25 	 0.008086072000 0.002005737000 1
                        GrupoA/L31-8.txt                      	    25 	 0.008040516000 0.001919762000 1
                        GrupoA/L31-9.txt                      	    25 	 0.008426511000 0.001936677000 1
                        GrupoA/L31-10.txt                     	    25 	 0.007799357000 0.001988915000 1
                        GrupoA/L32-1.txt                      	    20 	 0.021498076000 0.001303831000 1
                        GrupoA/L32-2.txt                      	    22 	 0.109715974000 0.007919436000 1
                        GrupoA/L32-3.txt                      	    24 	 0.071513233000 0.009447040000 1
                        GrupoA/L32-4.txt                      	    20 	 0.055321246000 0.009244990000 14
                        GrupoA/L32-5.txt                      	    21 	 0.071660485000 0.004750755000 1
                        GrupoA/L32-6.txt                      	    22 	 0.106143915000 0.016024097000 2
                        GrupoA/L32-7.txt                      	    24 	 0.112172080000 0.021410490000 1
                        GrupoA/L32-8.txt                      	    23 	 0.107090167000 0.015962880000 1
                        GrupoA/L32-9.txt                      	    21 	 0.097940335000 0.008742458000 1
                        GrupoA/L32-10.txt                     	    21 	 0.056378350000 0.002405994000 1
                        GrupoA/L33-1.txt                      	    20 	 0.005415683000 0.000911432000 1
                        GrupoA/L33-2.txt                      	    20 	 0.005999995000 0.001184950000 1
                        GrupoA/L33-3.txt                      	    20 	 0.007165451000 0.001340922000 1
                        GrupoA/L33-4.txt                      	    20 	 0.008975704000 0.001858334000 1
                        GrupoA/L33-5.txt                      	    20 	 0.007009189000 0.001209594000 1
                        GrupoA/L33-6.txt                      	    20 	 0.006092986000 0.001121665000 1
                        GrupoA/L33-7.txt                      	    20 	 0.011048737000 0.001219540000 1
                        GrupoA/L33-8.txt                      	    20 	 0.006495150000 0.001163588000 1
                        GrupoA/L33-9.txt                      	    20 	 0.006397312000 0.001057243000 1
                        GrupoA/L33-10.txt                     	    20 	 0.005644861000 0.001326851000 1
                        GrupoA/L34-1.txt                      	    20 	 0.005662938000 0.001177040000 1
                        GrupoA/L34-2.txt                      	    20 	 0.006247480000 0.001529285000 1
                        GrupoA/L34-3.txt                      	    20 	 0.006358525000 0.001391344000 1
                        GrupoA/L34-4.txt                      	    20 	 0.006519746000 0.001398816000 1
                        GrupoA/L34-5.txt                      	    20 	 0.006861112000 0.001802144000 1
                        GrupoA/L34-6.txt                      	    20 	 0.005706573000 0.001224066000 1
                        GrupoA/L34-7.txt                      	    20 	 0.006053660000 0.001347332000 1
                        GrupoA/L34-8.txt                      	    20 	 0.006664715000 0.001485038000 1
                        GrupoA/L34-9.txt                      	    20 	 0.006911965000 0.001532087000 1
                        GrupoA/L34-10.txt                     	    20 	 0.006941736000 0.001633601000 1
