Number of Tool Switches: 38 

Time elapsed: 0.001506 
Tool Sequence:
      8J  2J  5J  3J  4J 14J 15J 10J  1J 11J 12J  7J 13J  6J  9J
  1T   1   1   1   1   1   1   1   1   1   1   1   1   1   1   1
  2T   1   1   1   1   0   0   0   1   0   0   1   1   1   1   1
  3T   1   1   1   1   0   0   0   1   1   0   0   0   1   1   1
  4T   1   1   0   0   0   0   1   1   1   1   1   1   1   1   1
  5T   1   0   0   1   1   1   1   1   1   1   1   0   0   0   0
  6T   0   1   1   1   1   1   0   0   0   1   1   1   1   1   1
  7T   1   1   1   0   0   0   0   0   1   1   1   1   1   1   1
  8T   0   0   0   0   1   1   1   1   1   1   1   1   1   1   0
  9T   1   1   1   1   1   1   1   0   0   0   0   0   0   0   0
 10T   0   0   1   1   1   1   1   1   1   1   1   1   1   1   1
 11T   0   1   1   1   1   1   1   1   1   1   1   1   0   0   1
 12T   1   1   0   0   1   1   1   1   1   1   1   1   1   1   1
 13T   1   1   1   0   0   0   0   1   1   1   1   1   1   1   1
 14T   1   0   0   1   1   1   1   1   1   1   1   1   1   1   1
 15T   1   1   1   1   1   1   1   0   0   0   1   1   1   1   1
 16T   1   0   1   1   1   1   1   1   1   1   1   1   1   1   0
 17T   0   1   1   1   1   1   1   0   0   1   0   0   1   1   1
 18T   1   1   1   1   1   1   1   1   1   0   0   1   0   0   1
 19T   1   1   1   1   1   1   1   1   1   1   0   0   0   0   0
 20T   1   1   1   1   1   1   1   1   1   1   1   1   1   1   1
