Number of Tool Switches: 37 

Time elapsed: 0.000933 
Tool Sequence:
      3J  4J 12J 13J  9J  5J  1J  2J 14J 11J  8J  6J 10J  7J 15J
  1T   0   0   0   0   0   0   1   1   0   0   0   0   0   1   1
  2T   1   1   1   1   1   1   1   1   1   1   1   1   1   1   1
  3T   1   0   0   0   0   1   1   1   0   0   0   1   1   1   1
  4T   0   0   0   0   1   1   1   1   1   0   0   1   1   0   0
  5T   1   1   1   1   1   1   1   1   0   1   1   1   1   1   1
  6T   0   0   0   0   0   0   0   1   1   1   1   0   0   0   0
  7T   1   1   1   0   0   0   0   0   0   1   1   1   1   1   1
  8T   1   1   1   1   1   1   1   1   1   0   0   0   0   0   0
  9T   0   0   0   0   1   1   0   0   0   0   1   1   1   1   1
 10T   0   1   1   1   1   1   1   1   1   0   1   1   1   0   0
 11T   0   0   1   1   1   0   0   0   1   1   1   0   0   1   1
 12T   1   1   1   1   1   1   1   1   1   0   0   0   1   1   1
 13T   1   1   1   1   0   0   0   0   0   0   0   0   0   0   0
 14T   1   1   1   1   1   1   0   0   1   1   0   0   0   0   0
 15T   0   0   0   1   1   1   1   0   0   0   0   0   0   0   0
 16T   0   0   0   1   0   0   0   0   0   1   0   0   0   1   1
 17T   1   0   0   0   0   0   0   0   0   0   0   0   0   0   0
 18T   0   0   1   0   0   0   0   0   1   1   1   1   1   0   0
 19T   1   1   0   0   0   0   1   1   1   1   1   1   0   0   0
 20T   0   1   0   0   0   0   0   0   0   1   1   1   1   1   1
