Number of Tool Switches: 39 

Time elapsed: 0.000878 
Tool Sequence:
     10J 11J  7J  1J  9J 12J  6J 13J 15J  8J  5J 14J  3J  4J  2J
  1T   0   0   0   1   1   0   0   0   0   0   0   0   0   0   0
  2T   0   0   0   0   0   0   0   1   1   0   0   0   0   0   0
  3T   1   1   0   0   0   0   0   0   0   0   0   0   0   0   0
  4T   0   0   0   0   0   1   0   0   0   0   0   0   0   0   0
  5T   1   1   1   1   0   0   0   0   0   0   0   0   0   0   0
  6T   1   1   0   0   0   0   0   0   0   0   0   0   0   0   0
  7T   1   1   1   0   0   0   0   0   0   0   0   0   0   0   0
  8T   0   0   0   0   0   0   0   1   1   1   1   1   0   0   0
  9T   0   0   0   1   0   0   1   1   0   0   0   0   0   0   0
 10T   0   0   0   0   0   0   0   0   0   0   0   0   0   0   1
 11T   0   0   0   0   0   0   0   0   0   0   0   0   1   1   1
 12T   0   0   0   0   1   1   0   0   0   0   0   0   0   0   0
 13T   0   0   0   0   0   0   0   0   1   0   0   0   0   0   0
 14T   0   0   0   1   0   0   0   0   0   1   1   0   0   0   0
 15T   0   0   0   0   0   0   0   1   1   0   0   1   1   1   1
 16T   1   0   0   0   0   0   0   0   0   0   0   0   0   0   0
 17T   0   0   0   0   0   0   0   0   0   1   1   0   0   0   0
 18T   0   0   0   1   0   0   0   0   0   0   0   1   1   1   1
 19T   0   0   1   0   1   0   0   0   0   0   1   0   1   1   0
 20T   0   0   1   0   0   1   1   0   0   0   0   0   0   0   0
 21T   0   0   1   0   0   1   1   0   1   1   0   0   0   0   0
 22T   0   1   0   0   1   0   0   1   0   0   0   1   0   0   0
 23T   0   0   0   0   0   0   1   0   0   1   1   1   0   0   0
 24T   0   0   0   0   0   0   0   0   0   0   0   0   1   1   1
 25T   0   0   0   0   1   1   1   0   0   0   0   0   0   0   0
