Number of Tool Switches: 41 

Time elapsed: 0.001996 
Tool Sequence:
      2J 12J  4J  1J 13J  9J  6J  7J 11J  3J  5J 10J 15J  8J 14J
  1T   1   0   0   0   1   0   0   0   1   1   1   1   1   1   1
  2T   1   1   0   0   0   0   0   0   1   1   1   1   1   1   1
  3T   1   1   1   1   1   1   1   1   1   1   1   1   1   1   1
  4T   1   1   1   1   1   1   1   1   1   1   1   1   1   1   1
  5T   1   0   0   0   0   1   1   1   0   0   1   1   1   1   1
  6T   1   1   1   1   1   1   1   1   1   1   0   0   1   1   1
  7T   1   1   1   1   1   1   1   1   1   1   1   1   1   1   0
  8T   1   1   1   1   0   1   1   1   1   1   1   1   0   0   1
  9T   0   1   1   1   1   1   1   1   1   1   1   1   0   0   1
 10T   0   1   1   1   0   1   1   1   1   1   1   1   1   1   1
 11T   1   1   1   1   1   0   0   1   0   0   1   1   1   1   1
 12T   1   1   1   1   1   1   1   1   1   1   0   0   1   1   1
 13T   1   1   1   1   1   0   0   0   1   1   1   1   1   1   1
 14T   1   1   1   1   1   0   1   1   1   0   0   0   0   0   0
 15T   0   0   1   1   1   1   1   1   1   1   1   1   1   1   1
 16T   1   1   1   1   1   1   0   0   0   0   0   0   0   0   0
 17T   1   1   0   0   1   1   1   1   1   1   1   1   1   1   1
 18T   0   0   1   1   1   1   1   1   1   1   1   1   0   0   0
 19T   1   0   0   0   1   1   1   1   0   1   0   0   1   1   1
 20T   0   1   1   1   0   1   1   0   0   0   1   1   1   1   0
