Number of Tool Switches: 61 

Time elapsed: 0.002390 
Tool Sequence:
     14J 11J  8J 13J  1J  5J  4J 10J 15J  3J 12J  2J  9J  6J  7J
  1T   1   1   0   0   0   0   1   1   1   1   0   0   1   1   1
  2T   1   1   1   1   0   0   0   0   0   0   0   0   0   0   0
  3T   0   0   1   1   1   1   1   0   0   0   0   1   1   1   1
  4T   1   1   1   1   0   0   0   0   1   1   1   1   1   1   0
  5T   0   0   1   1   1   1   1   1   1   0   0   0   0   0   0
  6T   1   1   1   1   1   1   1   1   0   0   1   1   1   1   0
  7T   0   0   0   1   1   0   0   0   0   1   1   1   1   0   1
  8T   0   0   1   0   0   1   1   1   1   1   0   0   0   0   0
  9T   1   1   1   1   1   1   0   0   0   1   1   1   1   1   1
 10T   1   1   1   1   0   0   1   1   1   1   1   1   1   1   1
 11T   1   0   0   0   0   0   0   1   0   1   1   1   1   0   1
 12T   0   0   0   0   0   0   1   1   1   1   1   0   0   1   0
 13T   1   1   1   0   0   1   0   1   0   0   1   1   0   1   1
 14T   1   1   0   0   1   1   1   1   0   0   1   1   1   0   1
 15T   0   0   0   0   1   1   1   1   1   1   0   0   1   1   0
 16T   1   1   1   1   1   1   1   1   1   1   1   1   1   0   1
 17T   0   0   0   1   1   1   1   1   0   1   1   1   1   1   1
 18T   0   1   1   1   1   1   0   0   1   1   1   0   0   1   1
 19T   0   1   1   1   1   1   1   0   0   0   0   0   0   0   0
 20T   0   0   0   1   1   1   1   1   1   0   0   1   1   1   1
 21T   1   1   1   1   1   0   0   0   1   1   1   0   0   1   1
 22T   1   0   0   0   0   0   0   0   1   1   1   1   0   0   0
 23T   1   1   1   0   1   1   1   1   1   0   0   1   0   1   1
 24T   1   1   1   1   1   1   0   0   1   1   1   1   1   0   0
 25T   1   1   0   0   0   0   1   1   1   0   0   0   1   1   1
