Number of Tool Switches: 52 

Time elapsed: 0.001976 
Tool Sequence:
     14J 12J  3J  5J 10J  9J 15J  4J  1J  2J 11J 13J  6J  8J  7J
  1T   0   0   1   1   1   1   1   1   1   1   1   1   1   1   1
  2T   0   0   1   1   1   1   1   1   0   0   0   0   0   0   0
  3T   0   0   0   0   0   0   1   1   1   0   0   1   0   0   1
  4T   1   1   1   1   1   1   1   1   1   1   0   0   1   1   0
  5T   0   0   0   1   1   1   1   1   1   1   1   1   1   1   1
  6T   1   1   1   1   1   1   1   0   0   0   0   0   0   0   0
  7T   1   1   0   0   0   0   0   1   1   0   1   1   1   1   1
  8T   1   1   1   1   1   0   0   0   0   1   1   1   0   0   0
  9T   0   0   1   1   1   1   1   1   0   1   1   1   1   1   1
 10T   1   1   1   1   1   1   1   1   0   1   1   1   1   1   1
 11T   0   0   0   1   1   1   1   1   1   1   1   0   1   1   1
 12T   0   0   0   0   0   1   1   1   1   0   1   1   1   1   0
 13T   1   1   1   0   0   0   1   0   0   0   1   1   1   0   0
 14T   1   1   1   1   1   1   0   0   1   1   1   1   1   1   1
 15T   1   1   1   1   1   1   0   0   0   1   0   0   0   1   1
 16T   1   1   0   0   0   0   0   0   0   0   0   0   0   0   0
 17T   1   0   0   0   0   0   0   0   1   1   1   1   1   1   1
 18T   1   1   1   1   1   1   1   1   1   0   0   1   1   0   0
 19T   1   1   0   0   0   0   0   0   1   0   0   0   0   1   1
 20T   1   1   1   1   1   1   0   0   1   1   1   0   0   0   0
 21T   1   1   1   1   1   1   0   1   1   1   1   1   1   1   1
 22T   1   1   1   0   0   0   1   1   1   0   1   1   1   1   1
 23T   0   0   0   0   0   0   1   1   1   1   0   0   0   0   0
 24T   0   1   1   0   0   0   0   0   0   1   0   0   1   1   1
 25T   0   0   0   1   1   1   1   1   0   1   1   1   0   0   1
