Number of Tool Switches: 59 

Time elapsed: 0.001112 
Tool Sequence:
      3J  6J 12J  1J 10J  7J 13J  9J 15J  8J  2J  5J  4J 14J 11J
  1T   1   1   0   0   0   1   1   0   0   0   0   0   0   0   0
  2T   0   0   0   0   0   0   0   0   1   0   0   0   0   0   0
  3T   0   0   0   0   0   0   1   1   1   1   0   0   0   1   1
  4T   0   0   1   0   0   0   0   1   0   0   0   1   1   1   1
  5T   0   0   0   0   0   0   0   1   1   1   1   0   0   0   0
  6T   0   0   0   0   1   0   0   0   0   0   1   0   0   0   1
  7T   1   1   1   1   1   1   1   0   0   0   1   1   1   1   1
  8T   0   0   0   0   1   1   0   0   1   0   0   1   1   0   0
  9T   1   1   1   1   0   0   1   1   0   0   1   1   1   0   0
 10T   0   0   0   0   0   0   1   1   1   1   0   0   0   1   1
 11T   1   1   1   0   0   0   0   0   0   0   0   0   0   0   0
 12T   1   1   0   0   0   1   0   1   1   1   0   0   1   0   1
 13T   0   0   0   0   1   0   0   0   0   0   0   0   1   1   1
 14T   0   0   0   0   0   0   0   0   0   1   1   1   1   1   0
 15T   1   1   1   1   0   0   0   0   0   1   1   1   0   0   0
 16T   1   1   0   1   1   1   0   0   1   1   1   1   1   1   0
 17T   1   1   0   1   1   1   1   0   0   1   1   1   1   0   1
 18T   0   0   1   1   0   0   0   0   1   0   0   1   0   1   0
 19T   0   0   0   0   0   1   0   1   0   0   1   0   0   0   0
 20T   0   0   1   1   1   1   1   1   1   1   0   0   1   0   0
 21T   0   1   0   1   1   1   1   0   0   0   1   1   0   1   1
 22T   1   0   0   0   0   0   0   0   0   0   0   0   0   0   0
 23T   1   1   1   1   1   1   1   1   1   1   0   0   0   0   0
 24T   0   0   1   1   1   0   0   0   0   0   0   0   0   0   0
 25T   0   0   1   0   0   0   1   1   0   0   0   0   0   1   1
