Number of Tool Switches: 33 

Time elapsed: 0.001683 
Tool Sequence:
     10J  8J  3J 14J  7J 15J 13J  2J  6J 12J  5J  9J 11J  1J  4J
  1T   1   1   1   1   1   1   1   1   1   1   1   1   1   1   1
  2T   0   0   0   0   0   1   1   1   0   0   0   1   1   1   1
  3T   0   0   0   0   0   0   0   1   1   1   1   0   0   1   1
  4T   1   1   1   1   1   1   1   0   0   0   0   0   0   0   0
  5T   1   1   1   1   1   1   1   0   1   1   1   1   1   1   1
  6T   0   0   0   1   1   0   0   0   1   1   1   1   1   1   1
  7T   1   1   1   1   1   1   1   1   1   1   1   1   1   1   1
  8T   1   1   1   1   1   1   1   1   0   0   0   1   1   1   1
  9T   1   1   1   1   1   1   1   0   1   1   1   1   0   0   0
 10T   1   0   0   0   0   1   1   1   1   1   1   1   1   1   1
 11T   1   1   1   0   0   0   0   1   1   1   1   1   1   1   1
 12T   0   0   0   0   0   1   1   1   1   1   1   1   1   0   0
 13T   1   1   1   1   1   1   1   1   1   1   1   1   1   1   1
 14T   1   1   1   1   1   1   1   1   1   1   1   1   1   0   0
 15T   1   1   1   1   1   1   1   1   1   1   0   0   0   0   0
 16T   1   1   1   1   1   0   0   1   1   1   1   0   0   1   1
 17T   1   1   1   1   1   1   1   1   1   1   1   1   1   1   1
 18T   1   1   1   1   1   1   1   1   1   1   1   1   1   1   1
 19T   0   1   1   1   1   0   0   0   0   0   1   0   1   1   1
 20T   1   1   1   1   1   1   1   1   0   0   0   1   1   1   1
