Number of Tool Switches: 21 

Time elapsed: 0.000764 
Tool Sequence:
     10J 15J  4J  1J 14J  6J  3J  2J 12J  8J  9J  5J  7J 13J 11J
  1T   0   0   0   0   0   1   1   0   0   0   0   0   0   1   1
  2T   0   0   1   1   1   1   1   1   1   1   1   0   0   0   0
  3T   0   0   0   0   0   0   0   0   0   0   1   1   1   0   0
  4T   1   0   0   0   0   0   0   0   0   0   0   0   0   0   0
  5T   0   1   1   0   0   0   0   0   0   0   0   0   0   0   0
  6T   0   0   0   0   0   0   0   0   1   1   1   1   0   1   1
  7T   0   0   0   0   1   1   1   0   0   0   0   0   1   1   1
  8T   0   0   0   0   0   0   0   1   1   1   1   1   1   0   0
  9T   0   0   0   0   0   0   0   0   0   0   0   1   1   1   0
 10T   1   1   1   1   1   1   1   1   1   1   0   0   0   0   1
 11T   0   0   0   1   1   1   1   1   1   0   0   0   0   0   0
 12T   0   0   0   0   0   0   0   1   0   0   0   0   1   1   1
 13T   1   1   0   0   0   0   0   0   0   0   0   0   0   0   0
 14T   1   1   1   1   0   0   0   0   0   1   1   1   0   0   0
 15T   1   1   1   1   1   0   0   0   0   0   0   0   0   0   0
