Number of Tool Switches: 58 

Time elapsed: 0.001483 
Tool Sequence:
      2J 15J  7J  5J 10J 14J  9J 11J 12J  8J  1J  6J  3J  4J 13J
  1T   0   0   0   0   1   0   0   1   1   1   1   0   0   0   0
  2T   0   0   1   1   0   0   0   1   1   1   1   1   1   0   0
  3T   1   1   1   1   1   1   1   0   0   1   1   1   1   1   0
  4T   1   1   1   1   1   1   1   1   1   1   0   0   0   0   0
  5T   1   1   1   1   1   1   1   0   0   1   1   1   1   1   0
  6T   1   1   0   0   0   1   1   1   1   0   0   0   0   0   0
  7T   1   1   1   1   1   1   1   1   1   1   1   1   0   1   1
  8T   1   1   1   0   0   0   0   0   0   0   0   0   0   0   0
  9T   1   1   0   0   0   0   1   1   1   1   1   1   0   1   1
 10T   0   0   1   1   1   1   1   1   1   1   1   1   1   1   1
 11T   1   1   1   1   1   1   0   0   0   0   0   0   0   0   0
 12T   1   1   0   0   0   0   0   1   1   0   0   0   1   1   1
 13T   0   0   0   0   1   0   0   0   0   1   1   1   1   1   1
 14T   1   1   1   1   1   1   1   1   1   1   1   1   1   1   1
 15T   1   1   1   1   0   1   1   1   1   0   0   0   1   0   1
 16T   1   1   1   1   0   1   1   0   0   1   1   1   1   1   1
 17T   1   1   0   0   1   0   0   1   1   1   1   0   0   1   1
 18T   1   1   1   1   0   1   1   1   1   1   1   1   0   1   1
 19T   0   0   0   0   0   1   1   1   1   0   0   1   1   0   0
 20T   0   0   0   1   1   0   1   1   1   0   0   0   1   0   1
 21T   1   1   1   1   1   1   0   0   0   0   1   1   1   0   1
 22T   0   0   1   1   1   0   0   1   1   0   0   1   1   1   0
 23T   0   0   1   1   1   0   1   0   0   0   0   0   0   1   1
 24T   0   0   0   0   0   1   1   0   0   1   1   1   1   1   1
 25T   0   0   0   0   1   1   0   0   0   1   1   1   1   1   1
