Number of Tool Switches: 19 

Time elapsed: 0.000654 
Tool Sequence:
     12J 15J  8J 13J  4J  5J  9J  2J 14J  1J  3J 10J 11J  6J  7J
  1T   1   1   1   1   1   1   1   1   1   1   1   1   1   1   1
  2T   1   1   1   1   1   1   1   1   1   1   1   1   1   1   1
  3T   1   1   1   1   1   1   1   1   0   0   0   0   0   0   0
  4T   0   0   0   0   0   0   0   0   1   1   1   1   1   1   1
  5T   0   0   0   0   0   0   0   0   0   0   0   0   1   1   1
  6T   0   0   0   0   0   0   0   0   1   1   1   1   1   1   1
  7T   0   0   0   0   1   1   1   1   0   0   0   0   0   0   0
  8T   1   1   1   1   1   1   1   1   1   1   1   1   1   1   1
  9T   1   1   1   1   1   1   1   1   1   1   1   1   0   0   0
 10T   0   0   0   0   0   0   0   0   0   0   0   0   0   1   1
 11T   1   1   1   0   0   0   0   0   0   0   0   0   0   0   0
 12T   1   1   1   1   1   1   1   1   1   1   1   1   1   0   0
 13T   1   1   1   1   1   1   1   1   0   0   0   0   0   0   0
 14T   0   0   0   0   0   0   1   1   1   1   1   1   1   1   1
 15T   1   1   1   1   0   0   0   0   0   0   0   0   0   0   0
 16T   0   0   0   0   0   0   0   0   1   1   1   1   1   1   1
 17T   0   0   0   0   0   0   0   0   0   0   0   0   0   0   0
 18T   1   1   1   1   1   1   0   0   0   0   0   0   0   0   0
 19T   0   0   0   1   1   1   1   1   1   1   1   1   0   0   0
 20T   0   0   0   0   0   0   0   0   0   0   0   0   1   1   1
