Number of Tool Switches: 25 

Time elapsed: 0.000909 
Tool Sequence:
      5J  4J 10J  8J 14J 15J  9J  7J 12J  1J 11J 13J  6J  3J  2J
  1T   0   0   0   1   0   0   1   1   1   1   1   1   0   0   0
  2T   0   0   0   0   0   0   0   0   0   0   1   1   0   0   0
  3T   1   1   1   1   0   0   1   0   0   0   0   0   1   1   1
  4T   0   0   0   1   1   1   1   0   0   0   0   0   0   1   1
  5T   0   0   0   0   1   0   0   0   1   1   1   1   1   1   0
  6T   0   0   0   0   0   0   0   1   1   1   1   1   0   0   1
  7T   1   1   1   0   0   0   0   0   0   0   0   0   0   0   0
  8T   1   1   1   0   0   0   0   0   0   0   0   0   0   0   0
  9T   0   0   0   0   0   1   1   1   0   0   0   0   0   0   0
 10T   1   1   1   1   0   0   0   1   1   1   0   0   1   0   0
 11T   0   0   0   0   0   1   1   0   0   0   0   0   0   0   0
 12T   0   0   0   0   1   1   0   0   0   1   1   1   1   1   1
 13T   0   0   0   0   0   0   0   1   1   0   0   0   0   0   0
 14T   0   0   0   0   1   0   0   0   0   0   0   0   1   1   1
 15T   1   1   1   1   1   1   0   0   0   0   0   0   0   0   0
