Number of Tool Switches: 27 

Time elapsed: 0.000933 
Tool Sequence:
      5J 12J 13J 10J  2J  9J  6J 15J  7J 11J  1J  3J  4J 14J  8J
  1T   0   1   1   1   1   1   1   1   1   1   1   1   1   1   1
  2T   1   1   1   1   1   0   0   0   0   1   1   1   1   1   1
  3T   1   0   0   1   1   1   1   1   1   1   1   1   1   0   0
  4T   1   1   1   1   0   0   0   0   0   0   0   0   0   0   0
  5T   0   1   1   1   1   1   0   0   0   0   0   0   0   0   0
  6T   1   1   1   1   1   1   1   1   1   0   0   0   0   0   0
  7T   1   1   1   1   1   0   0   0   1   1   0   0   1   1   1
  8T   0   0   0   1   1   1   1   1   1   1   1   1   1   1   1
  9T   0   0   1   0   0   1   1   1   1   1   1   1   1   1   1
 10T   1   1   0   1   1   1   1   1   1   1   1   1   1   1   1
 11T   0   1   1   1   1   1   1   1   1   1   1   1   1   1   1
 12T   1   1   1   0   0   0   0   0   0   0   1   1   1   1   1
 13T   1   0   0   0   0   0   1   1   1   1   0   0   0   0   0
 14T   1   0   0   0   1   1   1   1   0   0   1   1   1   1   1
 15T   1   1   1   0   0   1   1   1   1   1   1   1   0   1   1
