Number of Tool Switches: 25 

Time elapsed: 0.000675 
Tool Sequence:
     13J  5J  3J  2J  8J  1J  7J 10J  6J  4J 14J 12J 11J  9J 15J
  1T   0   0   0   0   0   0   0   0   0   0   0   1   1   1   1
  2T   1   1   1   1   1   1   1   1   1   1   1   1   1   1   1
  3T   0   0   0   0   0   0   0   0   0   1   1   1   1   1   1
  4T   1   1   1   1   1   1   1   1   1   1   1   1   1   1   1
  5T   0   0   0   0   0   0   0   0   0   0   1   1   1   1   1
  6T   1   1   1   1   1   1   1   1   1   1   1   1   1   1   1
  7T   0   0   0   0   0   0   0   0   0   0   0   0   1   1   1
  8T   1   1   1   1   1   1   1   1   1   1   1   1   1   1   1
  9T   0   0   0   0   0   0   0   1   1   1   1   1   1   1   1
 10T   1   1   1   1   1   1   1   1   1   1   1   1   1   1   1
 11T   1   1   1   1   1   1   1   1   1   1   1   1   1   1   1
 12T   0   0   0   0   0   0   0   0   0   1   1   1   1   1   1
 13T   0   0   0   0   0   0   0   0   0   0   0   0   0   1   1
 14T   1   1   1   1   1   1   1   1   1   1   1   1   1   1   0
 15T   1   1   1   1   1   1   1   1   1   1   1   1   1   0   0
 16T   1   1   1   1   1   1   1   1   1   1   1   1   0   0   0
 17T   1   1   1   1   1   1   1   1   1   1   1   0   0   0   0
 18T   1   1   1   1   1   1   1   1   1   1   0   0   0   0   0
 19T   1   1   1   1   1   1   1   1   1   0   0   0   0   0   0
 20T   1   1   1   1   1   1   1   1   1   0   0   0   0   0   0
 21T   0   0   0   0   0   0   0   0   0   0   0   0   0   0   1
 22T   0   0   0   0   0   0   0   0   0   0   0   0   0   0   1
 23T   1   1   1   1   1   1   1   1   0   0   0   0   0   0   0
 24T   1   1   1   1   1   1   1   0   0   0   0   0   0   0   0
 25T   0   0   0   0   0   0   0   0   1   1   1   1   1   1   0
