Number of Tool Switches: 53 

Time elapsed: 0.001063 
Tool Sequence:
      3J  8J  6J  9J 13J 12J  2J 10J  7J  1J 14J  4J 15J 11J  5J
  1T   0   0   0   0   0   1   0   0   0   1   1   1   1   1   1
  2T   0   0   0   0   0   0   0   1   0   0   0   0   0   0   1
  3T   1   1   1   1   1   1   1   1   1   0   0   0   1   1   1
  4T   0   0   0   0   0   0   1   0   0   0   1   1   1   1   0
  5T   0   1   1   1   1   1   1   1   1   0   0   0   0   1   1
  6T   0   0   0   0   1   0   0   0   0   1   1   0   0   0   0
  7T   0   1   1   1   1   1   1   1   1   1   1   1   1   1   0
  8T   0   0   1   0   0   0   1   1   0   0   0   0   0   0   0
  9T   0   0   0   0   0   1   1   1   1   0   0   0   0   0   0
 10T   0   0   1   1   1   0   0   1   0   1   1   0   0   0   1
 11T   1   1   0   0   0   0   0   0   0   0   0   0   0   0   0
 12T   1   1   1   0   0   0   0   0   0   0   0   0   0   0   0
 13T   1   1   0   0   0   1   0   0   0   0   0   1   1   1   1
 14T   0   0   0   1   1   0   1   1   1   1   1   1   0   0   1
 15T   1   0   0   0   0   0   1   1   0   0   1   1   0   0   0
 16T   1   1   1   1   1   1   1   0   1   1   0   0   0   0   0
 17T   0   1   0   0   0   0   0   0   0   1   1   1   1   1   0
 18T   1   1   1   1   1   1   1   0   0   0   0   0   0   0   0
 19T   0   0   1   1   0   0   0   0   0   0   0   0   0   0   0
 20T   0   0   1   1   1   1   0   0   0   0   0   0   0   0   0
 21T   1   1   0   0   0   0   0   0   0   1   0   0   1   1   0
 22T   0   0   0   1   0   0   0   0   1   1   1   1   1   1   1
 23T   0   0   0   0   1   0   0   1   1   0   0   0   1   0   0
 24T   1   0   0   0   0   0   0   0   1   1   1   1   1   1   1
 25T   1   0   0   0   0   1   0   0   1   0   0   1   0   0   1
