Number of Tool Switches: 22 

Time elapsed: 0.000660 
Tool Sequence:
      1J  6J  7J 14J  8J  5J  4J 13J 10J 11J 12J  9J  3J 15J  2J
  1T   1   1   1   1   1   1   1   1   1   1   1   1   1   1   1
  2T   1   1   1   1   1   1   1   1   1   1   1   1   1   1   1
  3T   0   0   0   0   0   1   1   1   1   1   1   1   1   1   1
  4T   0   0   0   0   0   0   0   0   0   0   1   1   1   1   1
  5T   1   1   1   1   1   1   1   1   1   1   1   1   0   0   0
  6T   1   1   1   1   1   1   1   1   0   0   0   0   1   1   1
  7T   1   1   1   1   1   0   0   0   1   1   0   0   1   1   1
  8T   1   1   1   1   1   1   1   1   1   1   1   1   1   1   1
  9T   0   0   0   0   0   1   1   1   1   1   1   1   0   0   0
 10T   1   1   1   1   1   0   0   0   0   0   0   0   0   0   0
 11T   0   0   0   0   0   0   0   0   1   1   1   1   1   1   1
 12T   1   1   1   1   1   1   1   1   0   0   1   1   0   0   1
 13T   0   0   0   0   0   0   0   0   1   1   0   0   1   1   1
 14T   1   1   1   1   1   1   1   1   0   0   1   1   1   1   0
 15T   1   1   1   1   1   1   1   1   1   1   0   0   0   0   0
