Number of Tool Switches: 20 

Time elapsed: 0.000663 
Tool Sequence:
      3J  9J  4J 15J  1J  2J  6J 11J  5J  7J 10J  8J 13J 12J 14J
  1T   0   0   0   0   0   0   0   0   0   1   1   1   1   1   1
  2T   0   0   0   0   0   0   1   1   1   1   1   1   1   1   1
  3T   1   1   1   1   1   1   1   1   1   1   1   1   1   1   1
  4T   1   1   1   1   1   1   1   1   1   1   1   1   1   1   1
  5T   0   0   0   0   0   0   0   1   1   1   1   0   0   0   0
  6T   0   0   0   0   0   0   0   0   0   0   1   1   1   1   1
  7T   0   0   0   0   0   0   0   0   0   0   0   1   1   1   1
  8T   1   1   1   1   1   1   1   0   0   0   0   0   0   0   0
  9T   0   0   0   0   0   0   0   0   0   0   0   1   1   1   1
 10T   1   1   1   1   1   1   1   1   1   1   1   1   1   1   1
 11T   0   0   0   0   0   0   0   0   0   0   0   0   1   1   1
 12T   0   0   0   0   0   0   0   1   1   1   1   0   0   0   0
 13T   1   1   1   1   1   1   0   0   0   0   0   0   0   0   0
 14T   1   1   1   1   1   1   1   1   1   1   1   1   0   0   0
 15T   1   1   1   1   1   1   1   1   1   0   0   0   0   0   0
 16T   0   0   0   0   0   0   0   0   0   0   0   0   0   0   1
 17T   1   1   1   1   1   1   1   0   0   0   0   0   0   0   0
 18T   1   1   1   1   1   1   1   1   1   1   1   0   0   0   0
 19T   1   1   1   1   1   1   1   1   1   1   0   0   0   0   0
 20T   0   0   0   0   0   0   0   0   0   0   0   1   1   1   0
