Number of Tool Switches: 54 

Time elapsed: 0.001103 
Tool Sequence:
      2J  8J  4J 12J  9J  6J 14J  5J  7J 11J 10J  3J 15J  1J 13J
  1T   1   1   0   0   0   0   0   1   1   1   1   1   1   1   1
  2T   1   1   1   1   1   0   0   1   0   0   1   1   1   1   1
  3T   0   0   0   0   1   0   0   0   1   1   1   1   0   0   0
  4T   0   0   0   0   0   1   1   1   1   1   0   0   0   0   0
  5T   1   0   0   1   1   1   1   1   1   1   0   0   0   0   0
  6T   0   1   1   1   0   0   0   0   0   0   0   0   0   0   0
  7T   1   0   0   0   1   1   1   1   1   1   1   1   1   1   1
  8T   0   0   0   0   0   0   1   0   0   0   0   0   0   1   1
  9T   0   0   1   0   0   1   0   0   0   0   0   1   1   1   1
 10T   1   1   0   0   0   0   0   0   1   1   1   1   1   1   0
 11T   0   0   0   0   0   0   0   1   1   1   1   0   0   0   0
 12T   1   0   0   0   0   0   1   0   0   0   0   1   1   1   1
 13T   0   0   1   0   0   0   0   0   0   0   1   1   1   0   1
 14T   0   1   1   1   1   1   0   1   0   0   0   0   0   0   0
 15T   0   1   1   1   1   1   0   0   0   0   0   0   0   0   0
 16T   0   1   1   0   0   1   0   0   1   1   0   0   1   1   1
 17T   0   0   1   1   1   1   1   0   0   0   0   0   0   0   0
 18T   0   1   1   1   0   0   0   0   1   1   1   0   0   0   0
 19T   0   0   0   1   1   1   1   1   0   0   1   1   1   0   0
 20T   1   0   0   1   0   0   1   1   0   0   0   0   0   1   1
 21T   0   0   0   1   1   1   1   0   0   0   1   0   0   0   1
 22T   0   1   1   0   1   0   1   0   0   0   0   0   0   0   0
 23T   1   1   0   0   0   0   0   0   0   0   0   0   0   0   0
 24T   1   0   0   0   0   0   0   0   0   0   0   1   1   1   0
 25T   1   0   0   0   0   0   0   1   1   1   0   0   0   0   0
