Number of Tool Switches: 34 

Time elapsed: 0.000912 
Tool Sequence:
      5J  6J 10J 12J 13J 14J  1J 15J  9J  4J  8J  2J  3J 11J  7J
  1T   1   1   1   1   0   0   0   0   0   0   1   1   1   1   1
  2T   0   0   0   0   1   0   0   1   1   1   1   1   1   1   1
  3T   0   0   0   0   0   1   1   0   0   0   0   1   1   0   0
  4T   1   1   1   1   1   1   1   0   0   0   0   0   0   1   1
  5T   0   0   0   0   1   1   1   1   1   1   0   0   0   1   1
  6T   0   0   0   0   0   0   0   0   0   1   1   0   0   0   0
  7T   0   0   0   0   0   0   0   0   1   1   1   1   1   0   0
  8T   1   1   1   1   1   0   0   1   1   0   0   1   1   1   1
  9T   1   1   1   1   1   1   1   0   0   0   0   0   0   0   0
 10T   1   1   1   1   1   1   1   1   1   0   0   0   1   1   1
 11T   1   1   1   1   1   1   1   1   1   1   1   1   1   1   1
 12T   0   0   0   0   0   1   1   1   0   0   0   0   0   0   0
 13T   0   0   0   0   0   1   1   0   0   1   1   0   0   0   1
 14T   1   1   1   1   0   0   0   0   0   1   1   1   0   0   0
 15T   0   0   0   0   1   0   0   1   1   0   0   0   0   0   0
 16T   1   1   1   1   1   0   0   1   1   1   0   0   0   0   0
 17T   0   0   0   0   0   0   0   1   1   1   1   1   1   1   0
 18T   0   0   0   0   0   1   1   0   0   0   1   1   1   1   1
 19T   1   1   1   1   0   0   0   0   0   0   0   0   0   0   0
 20T   1   1   1   1   1   1   1   1   1   1   1   1   1   1   1
