Number of Tool Switches: 21 

Time elapsed: 0.000879 
Tool Sequence:
      9J 13J  6J  8J 10J 14J 15J  2J  3J  4J  7J 11J  1J 12J  5J
  1T   0   0   0   0   1   1   1   1   1   1   1   1   1   1   1
  2T   1   1   1   1   1   1   1   1   1   1   1   1   1   1   1
  3T   1   1   1   1   1   1   1   1   1   1   1   1   1   1   1
  4T   0   0   0   0   1   1   1   1   1   1   1   1   1   1   1
  5T   1   1   1   1   0   0   0   0   0   0   0   0   0   0   0
  6T   0   0   0   0   1   1   1   1   1   0   0   0   0   0   0
  7T   1   1   1   1   0   0   0   0   0   0   0   0   0   0   0
  8T   0   0   0   0   0   0   0   0   0   0   0   0   1   1   1
  9T   0   0   0   0   0   0   0   0   0   1   1   1   1   1   1
 10T   1   1   1   1   0   0   0   0   0   0   0   0   0   0   0
 11T   1   1   1   1   1   1   1   0   0   0   0   0   0   0   0
 12T   0   0   0   0   0   0   0   0   0   1   1   1   1   1   1
 13T   1   1   1   1   1   1   1   1   1   1   1   1   1   1   1
 14T   0   0   0   0   1   1   1   1   1   1   1   1   1   1   0
 15T   0   0   0   0   0   0   0   1   1   1   1   1   0   0   0
 16T   1   1   1   1   0   0   0   0   0   0   0   0   0   0   1
 17T   1   1   1   0   0   0   0   0   0   0   0   0   0   0   0
 18T   0   0   0   0   0   0   0   0   0   0   0   0   0   0   1
 19T   1   1   1   1   1   1   1   1   1   0   0   0   0   0   0
 20T   0   0   0   1   1   1   1   1   1   1   1   1   1   1   0
