Number of Tool Switches: 30 

Time elapsed: 0.001748 
Tool Sequence:
     14J  1J 11J  4J  8J 15J  5J 10J  6J  9J  2J  7J  3J 12J 13J
  1T   1   1   1   1   1   1   1   1   1   1   1   1   1   1   1
  2T   1   1   1   1   1   1   1   1   1   1   1   1   1   1   1
  3T   1   1   1   1   1   1   1   1   1   1   1   1   1   1   1
  4T   1   1   1   1   1   1   1   1   1   1   1   1   1   1   1
  5T   1   1   1   1   1   1   0   0   0   0   0   0   1   1   1
  6T   0   0   0   0   0   0   1   1   1   1   1   1   1   1   1
  7T   1   1   1   1   1   1   1   1   1   1   1   1   1   1   1
  8T   1   1   1   1   1   1   1   1   1   1   1   1   1   1   1
  9T   1   1   1   1   1   1   1   1   1   1   0   0   0   0   0
 10T   1   1   1   1   1   1   1   1   1   1   1   1   1   1   1
 11T   0   0   0   0   1   1   1   1   1   1   1   1   1   1   1
 12T   0   0   0   0   1   1   1   1   1   1   1   1   0   0   0
 13T   1   1   1   1   1   1   1   1   1   1   1   1   0   0   0
 14T   1   1   1   1   1   1   1   1   1   1   1   1   1   1   1
 15T   1   1   1   1   1   1   1   1   1   1   1   1   1   1   1
 16T   1   1   1   1   1   1   1   1   1   0   0   0   0   0   0
 17T   1   1   1   1   1   1   0   0   0   0   1   1   1   1   1
 18T   1   1   1   1   0   0   0   0   0   0   0   0   0   0   0
 19T   0   0   0   0   0   0   1   1   1   1   1   1   1   1   1
 20T   1   1   1   1   1   1   1   1   1   1   1   1   1   1   1
 21T   1   1   1   1   1   0   0   0   0   1   1   1   1   1   1
 22T   1   1   1   1   1   1   1   1   1   0   0   0   1   1   1
 23T   0   0   0   0   0   1   1   1   1   1   1   1   1   1   1
 24T   1   1   1   1   0   0   0   0   0   1   1   1   1   1   1
 25T   1   1   1   1   1   1   1   1   1   1   1   1   1   1   1
