Number of Tool Switches: 46 

Time elapsed: 0.001752 
Tool Sequence:
     15J  1J  5J  2J 14J  7J  4J  3J  8J 10J 12J 11J  6J 13J  9J
  1T   0   0   1   0   0   1   1   1   1   1   1   0   0   0   0
  2T   1   1   1   1   0   0   0   0   0   1   1   1   1   1   0
  3T   1   0   0   1   1   0   0   0   0   0   0   0   0   0   0
  4T   0   1   1   1   1   1   1   1   1   1   1   1   0   0   0
  5T   0   0   0   0   1   1   1   1   0   0   1   0   0   1   1
  6T   0   0   1   0   0   0   0   1   1   0   0   0   1   1   1
  7T   0   1   1   1   0   0   0   0   1   1   1   1   1   1   1
  8T   1   1   1   1   1   1   1   0   0   0   0   0   0   0   0
  9T   0   0   0   0   1   1   1   1   0   0   0   1   1   1   1
 10T   1   0   0   1   1   1   1   1   0   0   0   1   1   0   0
 11T   0   1   0   0   1   1   0   0   1   1   1   1   1   1   1
 12T   1   1   1   0   0   0   0   0   0   0   0   0   0   0   0
 13T   1   0   0   0   0   1   1   1   1   0   0   0   0   0   0
 14T   0   1   1   0   0   0   1   1   1   0   0   0   0   1   1
 15T   1   0   0   1   1   0   0   0   0   1   1   1   1   1   1
 16T   1   1   0   0   0   0   0   1   1   1   1   0   0   1   1
 17T   1   0   0   1   0   0   0   0   1   1   1   1   1   0   1
 18T   1   1   1   1   1   1   0   0   1   1   0   0   0   0   0
 19T   0   0   0   0   0   0   1   0   0   0   0   1   1   1   1
 20T   0   1   1   1   1   1   1   1   0   1   1   1   1   0   0
