Number of Tool Switches: 27 

Time elapsed: 0.000648 
Tool Sequence:
      8J  9J  7J 11J  1J  4J  5J  6J 12J 13J  3J 15J  2J 14J 10J
  1T   0   0   0   0   0   0   0   0   0   0   0   0   1   1   0
  2T   0   0   0   0   0   0   0   0   0   0   0   0   0   0   1
  3T   0   0   0   0   0   0   0   1   0   0   0   1   1   1   0
  4T   1   1   0   0   0   0   0   0   0   0   0   0   0   0   0
  5T   0   0   0   0   0   0   0   0   0   0   1   1   1   1   1
  6T   1   1   1   1   1   1   1   1   1   0   0   0   0   0   0
  7T   0   0   0   0   0   0   0   0   0   0   1   0   0   0   0
  8T   0   0   0   0   0   0   0   0   0   1   1   1   1   0   0
  9T   0   0   0   0   0   0   0   1   1   1   0   0   0   0   0
 10T   0   0   0   0   0   0   0   0   1   1   0   0   1   1   1
 11T   1   1   1   1   1   1   0   0   0   0   0   0   0   0   0
 12T   0   0   0   0   1   1   1   0   0   0   0   0   0   0   0
 13T   0   0   0   0   0   1   1   1   0   0   0   0   0   0   0
 14T   0   0   0   0   0   0   0   0   1   1   0   0   0   1   1
 15T   0   0   1   1   1   1   1   0   0   0   0   1   0   0   1
 16T   0   0   0   1   1   0   0   0   0   0   0   0   0   0   0
 17T   1   1   1   1   0   0   0   0   0   0   0   0   0   0   0
 18T   1   1   0   0   0   0   0   0   1   1   1   0   0   0   0
 19T   0   0   1   0   0   0   0   0   0   0   0   0   0   0   0
 20T   0   0   0   0   0   0   1   1   0   0   1   1   0   0   0
