Number of Tool Switches: 32 

Time elapsed: 0.000833 
Tool Sequence:
      2J 15J  5J 11J  8J 14J  9J  1J  6J  4J 10J 12J  3J  7J 13J
  1T   1   1   1   1   1   1   1   1   0   0   0   0   0   0   0
  2T   0   0   0   0   0   0   1   1   1   1   1   1   1   1   1
  3T   1   1   1   0   0   0   1   1   1   0   0   0   0   0   0
  4T   0   0   0   0   0   0   1   1   1   1   1   1   1   1   1
  5T   1   1   1   1   1   1   0   0   0   0   0   0   0   0   0
  6T   1   1   1   1   0   0   0   0   0   0   0   0   0   0   0
  7T   1   1   1   1   1   0   0   0   0   0   0   0   0   0   0
  8T   1   1   1   0   1   1   0   0   0   1   1   1   1   1   1
  9T   0   0   0   0   0   0   0   0   1   1   1   1   1   1   0
 10T   0   0   0   1   1   1   0   0   0   1   1   1   1   1   0
 11T   1   1   1   0   0   0   0   0   0   0   0   0   0   0   0
 12T   1   1   1   1   0   0   0   0   0   0   0   0   0   1   1
 13T   0   0   0   0   0   0   1   1   1   1   1   1   1   1   1
 14T   0   0   0   1   1   1   0   0   0   1   1   1   1   0   0
 15T   0   0   0   1   1   1   0   0   0   0   0   0   0   1   1
 16T   1   1   1   0   0   1   1   1   1   1   1   1   1   0   1
 17T   0   0   0   0   0   0   1   1   1   0   0   0   0   1   1
 18T   1   1   1   1   1   1   1   1   1   1   1   1   1   0   1
 19T   0   0   0   1   1   1   1   1   1   1   1   1   1   0   0
 20T   0   0   0   0   1   1   1   1   1   0   0   0   0   1   1
