Number of Tool Switches: 45 

Time elapsed: 0.000929 
Tool Sequence:
     11J 15J 14J  2J 13J  4J  6J  8J  7J  5J 10J  3J  1J 12J  9J
  1T   0   0   0   1   1   1   1   1   1   1   1   1   1   1   1
  2T   1   1   1   1   1   0   0   0   0   0   0   0   0   0   0
  3T   1   1   1   0   0   0   0   0   0   0   0   0   0   0   0
  4T   1   1   1   0   0   0   1   1   1   1   1   1   0   0   0
  5T   0   0   0   0   1   0   0   0   0   0   0   1   1   1   1
  6T   1   1   1   0   0   0   0   1   1   1   1   1   0   0   0
  7T   0   0   0   0   0   1   0   0   0   0   1   1   1   1   1
  8T   0   0   0   1   0   0   0   0   0   1   1   1   1   1   1
  9T   0   0   0   0   1   1   0   0   0   0   1   0   0   0   0
 10T   0   0   0   0   0   0   1   1   1   0   0   1   1   1   0
 11T   0   0   0   1   0   0   0   0   0   1   0   0   0   0   0
 12T   1   1   1   0   0   0   0   0   0   1   0   0   1   1   1
 13T   1   1   1   1   1   1   1   0   0   0   0   0   0   1   1
 14T   0   0   0   1   0   1   1   1   1   1   1   1   1   1   1
 15T   0   0   0   0   0   0   0   1   1   1   0   0   1   1   1
 16T   0   0   1   1   1   1   0   0   0   0   0   0   0   0   0
 17T   1   1   0   0   0   0   0   0   0   0   0   0   0   0   0
 18T   0   0   0   0   1   0   0   0   0   0   0   0   0   0   1
 19T   0   0   1   1   0   1   1   1   1   1   0   0   0   0   0
 20T   0   0   0   1   1   1   1   1   1   0   1   0   0   0   0
 21T   0   0   0   0   1   1   1   0   0   0   0   0   0   0   0
 22T   1   1   1   1   1   1   1   1   1   0   1   0   0   0   0
 23T   0   0   0   0   0   0   1   1   1   0   0   0   0   0   0
 24T   1   1   1   0   0   0   0   0   0   1   0   1   1   0   0
 25T   1   1   0   0   0   0   0   0   0   0   1   1   1   1   1
