Number of Tool Switches: 31 

Time elapsed: 0.001428 
Tool Sequence:
      5J 14J 15J  8J  1J 13J 10J  4J  3J  6J 12J  9J  7J  2J 11J
  1T   0   0   0   0   0   0   1   1   1   1   1   1   1   1   1
  2T   1   1   1   1   1   1   0   0   0   1   1   1   1   1   1
  3T   1   1   1   1   1   1   0   0   0   0   1   1   1   1   1
  4T   1   1   1   1   0   0   0   0   0   0   0   0   0   0   0
  5T   1   1   1   1   1   1   1   1   1   1   1   1   1   1   1
  6T   1   1   1   1   1   1   1   1   1   1   1   1   1   1   1
  7T   1   1   1   0   0   0   0   0   0   0   0   0   0   0   0
  8T   1   1   1   1   1   1   1   0   0   0   0   0   0   0   0
  9T   0   0   0   0   0   0   0   1   1   1   1   1   1   1   1
 10T   1   1   1   1   1   1   0   0   0   0   0   0   0   0   0
 11T   1   1   1   1   0   0   0   0   0   0   1   1   0   0   0
 12T   1   1   1   1   0   0   0   0   0   0   0   0   1   1   1
 13T   0   0   0   0   0   0   1   1   1   1   1   1   1   1   1
 14T   1   1   1   1   1   1   1   1   1   1   1   1   1   1   1
 15T   0   0   0   0   0   0   1   1   1   1   1   1   1   0   0
 16T   1   1   1   1   1   1   1   1   1   1   0   0   0   1   1
 17T   0   0   0   0   0   0   1   1   1   1   0   0   0   0   0
 18T   1   1   1   1   1   1   1   1   1   1   1   1   1   1   1
 19T   0   0   0   0   1   1   1   1   1   0   0   0   0   0   0
 20T   0   0   0   1   1   1   1   1   1   1   1   1   1   1   1
 21T   1   1   1   0   0   0   0   0   0   0   0   0   0   0   0
 22T   0   0   0   1   1   1   0   0   0   0   0   0   1   1   1
 23T   1   1   1   1   1   1   1   1   1   1   1   1   0   0   0
 24T   0   0   0   0   1   1   1   1   1   1   1   1   1   1   1
 25T   0   0   0   0   1   1   1   1   1   1   1   1   1   1   1
