Number of Tool Switches: 15 

Time elapsed: 0.000769 
Tool Sequence:
     13J  5J  2J 12J  4J  8J  9J  1J  3J  7J 10J 14J  6J 11J 15J
  1T   0   0   0   0   0   0   0   0   0   0   0   0   0   1   1
  2T   1   1   1   1   1   1   1   0   0   0   0   0   0   0   0
  3T   0   0   0   0   0   0   0   1   1   1   1   1   1   1   1
  4T   1   1   1   1   1   1   1   1   1   1   1   1   1   1   1
  5T   0   0   0   0   0   0   0   0   0   0   0   1   1   1   1
  6T   1   1   1   1   1   1   1   1   1   1   1   1   1   1   1
  7T   1   1   1   1   1   1   1   1   1   1   1   1   1   1   1
  8T   1   1   1   1   1   1   1   1   1   1   1   1   1   1   1
  9T   1   1   1   1   1   1   1   1   1   1   1   1   1   1   1
 10T   1   1   1   1   1   1   1   1   1   1   1   1   1   1   1
 11T   1   1   1   1   1   1   1   0   0   0   0   0   0   0   0
 12T   1   1   1   1   1   0   0   0   0   0   0   0   0   0   0
 13T   1   1   1   1   1   1   1   1   1   1   1   1   1   1   1
 14T   0   0   0   0   0   0   0   1   1   1   1   0   0   0   0
 15T   0   0   0   0   0   1   1   1   1   1   1   1   1   0   0
