Number of Tool Switches: 35 

Time elapsed: 0.000885 
Tool Sequence:
      6J 11J 12J 14J  7J  2J 13J  8J  5J  4J  1J 15J 10J  3J  9J
  1T   0   0   0   1   1   1   1   1   0   1   1   1   1   1   1
  2T   0   0   0   0   0   1   0   0   0   0   0   1   1   1   0
  3T   0   0   0   1   1   1   1   1   0   0   0   0   0   0   0
  4T   0   0   0   0   0   0   1   1   1   1   1   1   1   1   1
  5T   1   1   1   1   1   1   1   1   1   1   1   1   1   1   1
  6T   1   1   1   1   1   1   0   0   0   0   0   0   0   0   0
  7T   0   0   0   0   0   0   0   0   1   1   0   0   0   1   1
  8T   1   1   1   1   0   0   0   1   1   1   1   1   1   1   0
  9T   1   1   1   1   1   0   0   0   0   0   0   0   0   0   0
 10T   1   1   1   0   0   0   0   0   0   0   0   0   0   0   0
 11T   1   1   1   1   0   1   1   0   0   1   1   1   1   0   0
 12T   1   1   1   1   0   0   0   0   1   1   0   0   0   0   0
 13T   0   0   0   0   1   1   1   1   1   1   1   1   1   1   1
 14T   0   0   0   0   1   1   1   1   1   0   0   0   0   0   1
 15T   1   1   1   1   0   0   1   0   0   0   0   1   1   1   1
 16T   0   0   0   0   0   0   0   1   0   0   1   1   1   1   1
 17T   1   1   1   0   1   1   1   1   1   0   0   0   0   0   0
 18T   0   0   0   0   1   1   1   1   1   1   1   1   1   1   1
 19T   0   0   0   0   1   0   0   0   1   1   1   0   0   0   0
 20T   1   1   1   1   0   0   0   0   0   0   1   0   0   0   1
