Number of Tool Switches: 44 

Time elapsed: 0.001914 
Tool Sequence:
     11J  8J  7J 13J 14J 15J  2J  4J  5J  3J  9J  1J  6J 10J 12J
  1T   1   1   1   1   1   1   1   1   1   1   1   0   0   0   0
  2T   1   0   0   1   1   1   1   1   1   1   1   1   1   1   1
  3T   0   1   1   1   1   1   1   1   0   0   1   1   1   1   1
  4T   0   1   1   1   1   1   1   1   1   1   1   1   1   1   1
  5T   0   0   0   1   1   1   1   1   1   1   1   1   1   1   1
  6T   1   1   1   1   1   1   1   1   1   1   0   0   1   1   1
  7T   1   1   1   0   0   0   0   1   1   1   1   1   1   1   1
  8T   1   1   1   1   1   1   1   1   0   0   1   1   1   1   1
  9T   1   1   1   1   1   1   1   1   1   1   1   1   1   1   1
 10T   1   1   1   1   1   0   0   0   1   1   1   1   1   1   1
 11T   1   0   0   0   1   1   1   1   1   1   1   1   1   1   1
 12T   1   1   1   1   1   0   0   0   1   1   1   1   1   1   1
 13T   1   1   0   0   0   1   1   1   1   1   1   1   1   1   1
 14T   0   1   1   1   1   1   1   1   1   1   0   1   1   1   1
 15T   1   1   1   0   1   1   1   1   1   0   0   0   1   1   1
 16T   1   1   1   1   1   1   0   0   0   0   0   0   0   0   0
 17T   1   1   1   1   0   0   1   1   1   1   1   1   1   1   1
 18T   0   0   1   1   1   1   0   0   0   1   1   1   1   1   1
 19T   1   1   1   1   1   1   1   1   1   1   1   1   0   0   0
 20T   1   1   1   1   1   1   1   1   1   1   1   1   1   1   0
 21T   1   1   1   0   0   1   1   1   1   1   1   1   1   1   1
 22T   1   1   1   1   1   1   1   1   1   1   1   1   1   1   1
 23T   1   0   0   1   0   0   1   0   0   0   1   1   0   0   1
 24T   1   1   1   1   1   1   1   1   1   1   0   0   0   0   0
 25T   1   1   1   1   1   1   1   1   1   1   1   1   1   1   1
