Number of Tool Switches: 22 

Time elapsed: 0.000629 
Tool Sequence:
      2J  9J  3J 14J 12J 11J 13J  4J  5J 15J  1J  8J  7J  6J 10J
  1T   0   0   0   0   1   1   1   1   1   1   1   1   1   1   1
  2T   1   1   1   1   1   1   1   1   1   1   1   1   1   1   1
  3T   0   0   0   0   0   0   1   1   1   1   1   1   1   1   1
  4T   1   1   1   1   0   0   0   0   0   0   0   0   0   0   0
  5T   0   0   0   0   1   1   0   0   0   0   0   0   0   0   0
  6T   1   1   1   1   0   0   0   0   0   0   0   0   0   0   1
  7T   1   1   1   1   1   1   1   1   1   1   1   1   1   1   1
  8T   1   1   1   1   1   1   1   1   1   1   1   1   1   1   1
  9T   1   1   1   1   1   1   0   0   0   0   0   0   1   1   1
 10T   0   0   0   0   0   1   1   1   1   1   1   1   1   1   1
 11T   0   0   0   0   0   0   0   0   0   1   1   1   0   0   0
 12T   0   0   0   0   1   1   1   1   1   0   0   0   0   0   0
 13T   1   1   1   1   1   1   1   1   1   1   1   1   0   0   0
 14T   1   1   1   1   0   0   0   0   0   0   0   0   0   0   0
 15T   0   0   0   0   0   0   0   0   0   0   0   0   0   1   1
 16T   1   1   1   1   1   0   0   0   0   0   0   0   0   0   0
 17T   0   0   0   0   0   0   1   1   0   0   0   0   0   0   0
 18T   1   1   1   1   1   1   1   1   1   1   1   1   1   0   0
 19T   0   0   0   0   0   0   0   0   1   1   1   1   1   1   0
 20T   0   0   0   0   0   0   0   0   0   0   0   0   1   1   1
