Instancias/A2/1.txt                                          	    11 	 0.084846937000 0.000850525000 1
Instancias/A2/2.txt                                          	    10 	 0.050123414000 0.000639626000 1
Instancias/A2/3.txt                                          	    10 	 0.054580173000 0.000866739000 1
Instancias/A2/4.txt                                          	    11 	 0.099752562000 0.001307647000 1
Instancias/A2/5.txt                                          	    11 	 0.093373472000 0.000827548000 1
Instancias/A2/6.txt                                          	    12 	 0.116200440000 0.001232434000 1
Instancias/A2/7.txt                                          	    11 	 0.090598670000 0.000948670000 1
Instancias/A2/8.txt                                          	    10 	 0.049286180000 0.000695280000 1
Instancias/A2/9.txt                                          	    11 	 0.057265191000 0.000817393000 1
Instancias/A2/10.txt                                         	    11 	 0.087098121000 0.000740897000 1
