                            A2/1.txt                          	    11 	 0.066845474000 0.000843843000 1
                            A2/2.txt                          	    10 	 0.020218132000 0.000231957000 1
                            A2/3.txt                          	    10 	 0.020882127000 0.000412524000 1
                            A2/4.txt                          	    11 	 0.085677215000 0.001157020000 1
                            A2/5.txt                          	    11 	 0.072983052000 0.001188120000 1
                            A2/6.txt                          	    12 	 0.093643422000 0.000893600000 1
                            A2/7.txt                          	    11 	 0.071826165000 0.000958511000 1
                            A2/8.txt                          	    10 	 0.013738375000 0.000226650000 1
                            A2/9.txt                          	    11 	 0.084506880000 0.000766636000 1
                            A2/10.txt                         	    11 	 0.085250961000 0.000612597000 1
