Instancias/A2/1.txt                                          	    11 	 0.091772298000 0.000915855000 1
Instancias/A2/2.txt                                          	    10 	 0.051973371000 0.000555301000 1
Instancias/A2/3.txt                                          	    10 	 0.056760645000 0.000619088000 1
Instancias/A2/4.txt                                          	    11 	 0.100290665000 0.001090732000 1
Instancias/A2/5.txt                                          	    11 	 0.095582866000 0.002227888000 3
Instancias/A2/6.txt                                          	    12 	 0.112901261000 0.001271685000 1
Instancias/A2/7.txt                                          	    11 	 0.094081810000 0.001151076000 1
Instancias/A2/8.txt                                          	    10 	 0.052389716000 0.000502051000 1
Instancias/A2/9.txt                                          	    11 	 0.092614886000 0.001667451000 2
Instancias/A2/10.txt                                         	    11 	 0.108701836000 0.001040252000 1
