Instancias/A2/1.txt                                          	    11 	 0.107726087000 0.001007606000 1
Instancias/A2/2.txt                                          	    10 	 0.049628408000 0.000417784000 1
Instancias/A2/3.txt                                          	    10 	 0.055844008000 0.000473444000 1
Instancias/A2/4.txt                                          	    11 	 0.096432521000 0.000983062000 1
Instancias/A2/5.txt                                          	    11 	 0.098730041000 0.001410281000 2
Instancias/A2/6.txt                                          	    12 	 0.117255994000 0.001427001000 1
Instancias/A2/7.txt                                          	    11 	 0.090595394000 0.001087032000 1
Instancias/A2/8.txt                                          	    10 	 0.050669817000 0.000629265000 1
Instancias/A2/9.txt                                          	    11 	 0.095023808000 0.000829606000 1
Instancias/A2/10.txt                                         	    11 	 0.110967406000 0.001641063000 2
