Instancias/A2/1.txt                                          	    11 	 0.086312117000 0.000911309000 1
Instancias/A2/2.txt                                          	    10 	 0.049181967000 0.000463861000 1
Instancias/A2/3.txt                                          	    10 	 0.068761145000 0.000697690000 1
Instancias/A2/4.txt                                          	    11 	 0.099851749000 0.001083809000 1
Instancias/A2/5.txt                                          	    11 	 0.102679918000 0.001581577000 2
Instancias/A2/6.txt                                          	    12 	 0.117883637000 0.001262532000 1
Instancias/A2/7.txt                                          	    11 	 0.092296526000 0.001162984000 1
Instancias/A2/8.txt                                          	    10 	 0.053125258000 0.000747397000 1
Instancias/A2/9.txt                                          	    11 	 0.095687308000 0.001002387000 1
Instancias/A2/10.txt                                         	    11 	 0.109925283000 0.001047772000 1
