Instancias/A2/1.txt                                          	    11 	 0.091288105000 0.000934515000 1
Instancias/A2/2.txt                                          	    10 	 0.049813645000 0.000922666000 2
Instancias/A2/3.txt                                          	    10 	 0.054321168000 0.000475508000 1
Instancias/A2/4.txt                                          	    11 	 0.097189559000 0.001177379000 1
Instancias/A2/5.txt                                          	    11 	 0.101598498000 0.001193042000 1
Instancias/A2/6.txt                                          	    12 	 0.144548733000 0.001585580000 1
Instancias/A2/7.txt                                          	    11 	 0.092347232000 0.001056818000 1
Instancias/A2/8.txt                                          	    10 	 0.050755861000 0.000492177000 1
Instancias/A2/9.txt                                          	    11 	 0.096335114000 0.000775369000 1
Instancias/A2/10.txt                                         	    11 	 0.105772763000 0.001721331000 2
