Number of Tool Switches: 23 

Time elapsed: 0.000231 
Tool Sequence:
     14J  2J  5J  4J  7J 12J 13J  3J  1J 15J  6J 10J  8J 11J  9J
  1T   0   0   0   0   0   1   1   1   1   1   1   1   1   1   1
  2T   1   1   1   1   1   1   0   0   0   0   0   0   0   0   0
  3T   0   0   0   0   0   1   1   1   1   1   1   1   1   1   1
  4T   1   1   1   1   1   1   1   1   1   1   1   1   1   1   1
  5T   1   1   1   1   1   0   0   0   0   0   0   0   0   0   0
  6T   1   1   1   1   1   1   1   1   1   1   1   1   1   1   1
  7T   1   1   1   1   1   1   1   1   1   1   1   1   1   1   1
  8T   1   1   1   0   0   0   0   0   0   0   0   0   0   1   1
  9T   1   1   1   1   1   1   1   1   1   1   1   1   1   1   1
 10T   1   1   1   1   1   1   1   1   1   1   1   1   1   1   1
 11T   0   0   0   0   0   0   1   1   1   1   1   1   1   1   1
 12T   1   1   1   0   0   0   0   0   0   0   1   1   1   1   1
 13T   1   1   1   1   1   1   1   1   1   1   1   1   1   1   1
 14T   1   1   1   1   1   1   1   1   1   1   0   0   0   0   0
 15T   1   1   1   1   1   1   1   1   1   1   0   0   0   0   0
 16T   0   0   0   1   1   1   1   1   1   1   1   1   1   1   1
 17T   1   1   1   1   1   1   1   1   1   1   1   1   1   1   1
 18T   1   1   1   1   1   1   1   1   1   1   1   1   1   1   1
 19T   1   1   1   1   1   1   1   1   1   1   1   1   1   1   1
 20T   0   0   0   1   1   0   0   0   0   0   1   1   1   0   0
