Number of Tool Switches: 41 

Time elapsed: 0.004791 
Tool Sequence:
      1J  7J 15J  9J 11J  2J 13J  5J  3J 10J  8J 14J  4J  6J 12J
  1T   1   1   1   1   1   0   0   0   1   0   0   0   0   0   0
  2T   0   0   1   1   1   1   1   1   1   1   1   1   1   1   1
  3T   1   1   0   1   1   1   1   1   1   1   1   1   1   1   1
  4T   0   0   1   0   0   0   0   0   1   1   1   1   1   1   1
  5T   1   1   0   0   0   1   1   1   0   0   0   0   0   0   0
  6T   0   0   1   1   1   0   0   0   0   0   1   1   1   1   1
  7T   0   0   0   1   1   1   1   0   0   0   0   0   0   0   1
  8T   1   1   0   0   0   0   0   0   0   0   0   0   0   0   1
  9T   1   1   1   0   0   0   0   1   1   1   1   1   1   1   0
 10T   1   1   1   1   1   0   0   0   0   0   0   0   1   1   1
 11T   0   0   0   0   0   0   1   1   1   1   0   0   0   0   1
 12T   1   1   1   0   0   1   1   0   0   0   0   0   0   0   1
 13T   0   0   1   1   1   1   0   0   0   1   0   0   0   0   0
 14T   1   1   1   1   1   1   1   1   0   0   0   0   0   1   0
 15T   0   1   0   0   1   1   1   1   1   1   1   1   1   1   0
 16T   1   0   0   0   0   0   1   1   1   1   1   1   0   0   0
 17T   0   0   1   1   0   0   0   0   1   1   1   1   1   1   0
 18T   0   0   0   0   0   1   1   1   0   0   0   0   1   1   1
 19T   1   1   0   0   0   0   0   0   1   1   1   1   0   0   0
 20T   0   0   0   1   1   1   0   1   0   0   1   1   1   0   0
