Number of Tool Switches: 32 

Time elapsed: 0.000327 
Tool Sequence:
     10J  5J  4J 15J  7J  3J  9J 13J 14J  8J  6J 11J  1J  2J 12J
  1T   0   0   0   0   0   0   0   0   0   0   0   1   1   1   1
  2T   1   1   1   1   1   1   1   0   0   0   0   0   0   0   0
  3T   1   1   1   1   1   1   1   1   1   1   1   1   1   1   1
  4T   1   1   0   1   1   1   1   1   1   0   0   0   0   0   0
  5T   1   1   1   1   1   1   1   1   1   1   1   1   1   1   1
  6T   0   0   0   0   0   0   0   1   1   1   1   1   1   1   1
  7T   1   1   0   0   1   1   1   1   1   1   1   1   1   1   1
  8T   1   1   0   0   0   0   0   0   0   0   0   0   0   1   1
  9T   0   0   0   0   0   1   1   1   1   1   1   1   1   1   1
 10T   1   1   1   1   1   1   1   1   1   1   1   1   1   1   1
 11T   0   0   0   1   1   0   0   0   0   0   0   0   0   0   0
 12T   1   1   1   1   1   1   0   0   0   0   0   0   0   0   0
 13T   1   1   1   1   1   1   1   1   1   1   1   1   1   1   1
 14T   1   1   1   1   1   1   1   1   1   1   1   1   1   1   1
 15T   0   0   1   1   1   1   1   1   1   0   0   0   0   0   0
 16T   1   1   1   0   0   0   0   0   0   1   1   1   1   1   1
 17T   0   0   0   0   0   0   0   0   0   0   1   1   1   1   1
 18T   1   1   1   1   1   1   1   1   1   1   1   1   1   1   1
 19T   0   0   0   0   0   0   0   0   0   1   0   0   0   0   0
 20T   0   0   1   1   1   1   1   1   1   1   1   1   1   1   1
 21T   0   0   1   1   1   1   1   1   1   1   1   1   1   1   0
 22T   1   1   1   1   1   1   1   1   1   1   0   0   0   0   0
 23T   1   1   0   0   0   0   1   1   1   1   1   0   0   0   0
 24T   0   0   1   0   0   0   0   0   0   0   1   1   1   0   0
 25T   1   1   1   1   0   0   0   0   0   0   0   0   0   0   1
