Number of Tool Switches: 38 

Time elapsed: 0.000319 
Tool Sequence:
     12J  6J  9J  2J 14J 15J  4J 11J 10J  1J  8J  5J  3J  7J 13J
  1T   1   1   1   1   1   1   1   1   1   1   1   1   1   1   1
  2T   1   1   1   0   0   0   0   0   1   1   1   1   1   1   1
  3T   1   1   1   1   0   0   0   0   1   1   1   1   1   1   1
  4T   1   1   1   1   1   1   1   1   1   1   1   0   0   0   1
  5T   1   1   0   0   1   1   1   1   1   1   1   1   1   0   0
  6T   1   1   1   1   1   1   1   1   0   0   0   0   1   1   1
  7T   1   1   1   0   0   0   0   1   1   1   1   1   1   1   1
  8T   1   1   0   0   1   1   1   1   1   1   0   0   0   1   1
  9T   0   0   0   1   1   1   1   0   0   0   1   1   1   0   0
 10T   1   1   1   1   1   1   1   1   1   1   0   1   1   1   1
 11T   0   0   1   1   1   1   1   1   1   0   0   1   1   1   1
 12T   1   1   1   1   1   1   1   1   1   1   1   0   0   1   1
 13T   1   1   1   1   0   0   0   1   1   1   1   1   0   0   0
 14T   1   1   1   1   1   1   1   1   1   1   1   1   1   1   1
 15T   1   1   1   1   1   1   1   0   0   0   1   1   1   1   1
 16T   0   0   0   0   0   1   1   1   0   1   1   1   1   1   1
 17T   1   1   1   1   1   1   1   1   0   0   0   1   1   1   1
 18T   0   0   1   1   1   0   0   0   1   1   1   0   1   1   0
 19T   0   0   0   1   1   1   1   1   1   1   1   1   0   0   0
 20T   1   1   1   1   1   1   1   1   1   1   1   1   1   1   1
