Number of Tool Switches: 31 

Time elapsed: 0.000166 
Tool Sequence:
      6J  4J  8J  1J 15J  2J  5J 11J  3J  9J  7J 10J 12J 13J 14J
  1T   0   0   0   0   1   1   0   1   0   0   0   0   0   0   0
  2T   0   0   0   0   0   0   0   0   0   1   1   1   0   0   0
  3T   0   0   1   1   1   1   1   0   0   0   0   0   0   0   0
  4T   1   1   1   1   1   1   1   1   0   1   1   1   1   1   1
  5T   0   0   0   0   0   0   1   1   1   0   0   0   0   0   0
  6T   0   0   0   0   0   0   1   0   0   0   0   0   0   0   0
  7T   0   0   0   0   0   0   0   0   0   1   1   0   0   0   0
  8T   0   0   0   0   0   0   0   0   0   0   0   0   0   0   1
  9T   0   0   0   0   0   0   0   0   1   1   0   0   0   0   0
 10T   0   0   0   0   0   0   0   0   1   0   0   0   0   0   0
 11T   0   0   1   1   1   1   0   0   0   0   1   0   0   0   0
 12T   1   1   0   0   0   0   0   0   0   1   1   1   0   1   1
 13T   1   1   0   0   0   0   0   0   0   0   0   0   0   0   0
 14T   0   0   0   0   0   0   0   0   0   0   0   1   1   1   1
 15T   1   1   1   0   0   0   0   1   0   0   0   0   0   0   0
 16T   1   1   1   1   0   0   0   0   1   0   0   1   0   0   0
 17T   0   0   0   0   0   0   0   0   1   0   0   0   1   1   1
 18T   0   0   0   1   1   0   0   0   0   0   0   0   1   1   0
 19T   0   0   0   0   0   0   1   1   0   0   0   0   1   0   0
 20T   0   0   0   0   0   1   0   0   0   0   0   0   0   0   0
