Number of Tool Switches: 29 

Time elapsed: 0.000284 
Tool Sequence:
      1J  3J  8J 15J  4J  5J  7J 11J 10J  6J  9J 13J  2J 12J 14J
  1T   0   0   1   1   0   0   0   0   1   1   1   1   1   1   1
  2T   0   0   0   0   1   1   1   1   1   1   1   1   1   1   1
  3T   1   1   1   1   1   1   1   1   1   0   0   0   0   0   1
  4T   1   1   1   1   1   1   1   1   1   1   1   1   1   1   1
  5T   1   1   1   1   1   1   1   1   0   0   0   0   0   0   0
  6T   1   1   1   0   0   1   1   1   1   1   1   1   1   1   1
  7T   1   1   0   1   1   1   1   1   1   1   1   1   1   1   1
  8T   1   1   0   1   1   0   0   0   0   0   1   1   1   1   1
  9T   1   1   1   1   1   1   1   1   1   0   0   0   0   1   1
 10T   1   1   1   0   1   1   1   0   0   1   0   0   0   0   0
 11T   1   0   0   0   0   0   0   0   0   1   1   1   1   1   1
 12T   0   1   1   1   0   0   1   1   1   1   1   1   1   1   1
 13T   0   1   1   0   0   1   1   1   1   1   1   1   1   1   0
 14T   0   0   1   1   1   1   0   0   0   0   0   0   0   0   0
 15T   1   0   0   1   1   0   0   1   1   1   1   1   1   0   0
