Number of Tool Switches: 26 

Time elapsed: 0.002803 
Tool Sequence:
      6J  1J  3J  4J 14J 13J 15J  5J 10J  2J  7J  8J  9J 11J 12J
  1T   0   0   0   1   1   1   1   1   1   1   1   1   1   1   1
  2T   1   1   1   1   1   1   1   1   1   1   1   1   1   1   1
  3T   0   0   0   1   1   1   1   1   1   1   1   1   1   1   1
  4T   1   1   1   0   0   0   1   1   1   0   0   1   1   1   1
  5T   0   0   0   0   0   1   1   1   1   1   1   1   1   1   1
  6T   1   1   1   1   1   0   0   0   0   1   0   0   0   0   0
  7T   1   1   1   1   0   0   0   0   0   1   1   1   1   1   1
  8T   1   1   1   1   1   1   1   1   0   0   0   0   0   0   1
  9T   1   1   1   1   1   1   1   1   1   1   1   1   0   0   0
 10T   1   1   1   1   1   1   1   1   0   0   0   0   1   0   0
 11T   1   1   1   0   0   0   0   0   1   1   1   0   0   1   1
 12T   0   0   0   0   1   1   1   1   1   1   1   1   1   0   0
 13T   1   1   1   1   1   1   0   0   1   1   1   0   0   1   1
 14T   1   1   1   1   1   1   1   1   1   0   0   1   1   1   1
 15T   0   0   0   0   0   0   0   0   0   0   1   1   1   1   0
