Number of Tool Switches: 42 

Time elapsed: 0.006224 
Tool Sequence:
      3J  5J 14J  1J  8J  4J  7J  2J  9J 13J 11J 15J 12J 10J  6J
  1T   1   1   0   0   0   1   1   1   1   1   1   1   1   1   1
  2T   1   1   1   1   1   1   1   1   1   1   1   1   1   1   1
  3T   0   0   0   0   0   1   1   1   1   1   1   0   0   1   1
  4T   0   0   0   0   0   1   1   1   1   1   1   1   1   1   1
  5T   1   1   1   1   1   1   0   1   1   1   0   0   1   1   1
  6T   1   1   1   1   1   1   1   1   1   1   0   0   1   1   1
  7T   0   0   1   1   1   1   0   0   1   1   1   1   0   0   1
  8T   0   0   1   1   1   1   1   1   0   0   0   1   1   1   1
  9T   1   1   1   0   0   0   1   1   1   1   1   1   1   1   0
 10T   1   1   1   1   1   1   1   1   1   1   1   1   1   1   1
 11T   0   0   0   1   0   0   1   0   0   0   1   1   1   0   0
 12T   1   1   1   1   1   0   0   1   1   1   1   1   1   1   1
 13T   1   1   1   1   1   1   1   1   0   0   0   1   1   1   1
 14T   1   1   1   1   1   1   0   0   1   1   1   1   1   1   1
 15T   1   1   0   0   1   0   0   0   1   1   1   1   0   0   1
 16T   1   1   1   1   1   0   1   1   1   1   1   1   1   1   0
 17T   1   1   1   1   1   1   1   1   1   1   1   0   0   1   1
 18T   1   1   1   1   1   1   1   1   1   0   0   0   0   0   1
 19T   1   1   1   1   1   1   1   0   0   1   1   1   1   0   0
 20T   1   1   1   1   1   1   1   1   0   0   1   1   1   1   0
