Number of Tool Switches: 38 

Time elapsed: 0.000314 
Tool Sequence:
     10J  4J 12J 14J  1J  7J  9J  3J 15J  2J 11J 13J  8J  6J  5J
  1T   1   1   1   1   0   0   0   1   1   1   1   0   0   1   1
  2T   1   0   0   1   1   1   1   1   1   1   1   1   1   1   1
  3T   1   0   1   1   1   1   1   1   1   1   1   1   1   1   1
  4T   1   1   1   1   1   1   1   1   1   1   1   1   1   1   1
  5T   1   1   1   0   0   1   0   0   0   1   1   1   1   1   1
  6T   1   1   1   1   0   0   1   1   1   1   1   1   1   1   1
  7T   1   1   1   1   1   1   1   1   1   0   0   0   0   0   1
  8T   1   1   1   1   1   0   0   0   1   1   1   1   1   0   0
  9T   1   1   1   1   1   1   0   1   1   1   1   1   1   1   1
 10T   0   0   0   0   1   1   1   1   1   1   1   1   1   1   1
 11T   1   1   1   1   1   1   1   0   0   0   0   0   0   1   1
 12T   0   0   0   1   1   1   1   1   1   1   1   1   1   0   0
 13T   1   1   1   0   0   1   1   1   1   1   1   0   0   0   0
 14T   1   1   1   1   1   1   1   1   1   1   1   1   0   0   0
 15T   0   1   1   1   1   1   1   1   0   0   0   0   1   1   1
 16T   0   0   0   1   1   1   1   1   1   1   1   1   1   1   1
 17T   1   1   1   1   1   0   1   0   0   0   0   1   1   1   1
 18T   1   1   1   1   1   1   0   0   0   0   0   1   1   1   1
 19T   1   1   0   0   0   0   1   1   1   1   1   1   1   1   0
 20T   0   1   1   0   1   1   1   1   1   1   1   1   1   1   1
