Number of Tool Switches: 18 

Time elapsed: 0.002043 
Tool Sequence:
      2J  4J 11J  6J  3J 14J  9J  1J  8J 12J 13J 15J  5J  7J 10J
  1T   1   1   1   1   1   1   1   1   1   1   1   1   1   1   1
  2T   0   0   0   0   0   1   1   1   1   1   1   1   1   1   1
  3T   0   0   0   0   0   0   0   1   1   1   1   1   1   1   1
  4T   1   1   1   1   1   1   1   1   1   1   1   1   1   1   1
  5T   0   0   0   0   0   1   1   0   0   0   0   0   1   1   1
  6T   1   1   1   1   1   1   1   1   1   1   1   0   0   0   0
  7T   1   1   1   1   1   1   0   0   0   0   0   0   0   0   0
  8T   1   1   1   1   1   1   1   0   0   0   0   0   0   0   1
  9T   1   1   1   1   1   1   1   1   1   1   1   1   1   1   1
 10T   0   0   0   0   0   0   1   1   1   1   1   1   1   1   1
 11T   1   1   1   1   1   1   1   1   1   1   1   1   1   1   1
 12T   1   1   1   1   1   1   1   1   1   1   1   1   1   1   1
 13T   1   1   1   1   1   0   0   0   0   0   0   1   0   0   0
 14T   0   0   0   0   0   0   0   1   1   1   1   1   1   1   0
 15T   1   1   1   1   1   0   0   0   0   0   0   0   0   0   0
