Number of Tool Switches: 36 

Time elapsed: 0.000141 
Tool Sequence:
      5J  1J  3J  4J  8J 11J  2J  6J  9J 15J 10J 14J  7J 13J 12J
  1T   1   1   1   0   0   0   0   0   0   0   0   0   0   0   1
  2T   0   0   0   0   0   0   1   0   0   0   0   0   0   0   0
  3T   0   0   0   0   0   0   0   0   0   0   1   1   1   1   1
  4T   0   0   0   0   0   0   0   1   1   1   1   0   0   0   0
  5T   1   1   0   1   1   0   0   0   0   0   0   0   1   0   0
  6T   0   0   0   0   0   0   0   0   0   0   0   0   0   1   0
  7T   1   1   1   1   1   1   1   0   0   0   0   0   0   1   0
  8T   0   0   0   0   0   0   0   0   0   0   0   1   1   0   0
  9T   0   0   0   0   0   0   0   0   0   1   1   1   1   0   0
 10T   0   0   1   1   0   0   0   0   0   0   0   0   0   0   0
 11T   1   1   0   0   0   1   0   0   0   0   0   0   0   0   0
 12T   0   0   0   0   0   0   1   0   0   0   0   1   0   0   0
 13T   0   0   0   0   0   0   1   0   0   0   0   0   0   0   1
 14T   0   0   0   0   0   0   1   1   1   1   0   0   0   0   0
 15T   0   0   0   0   0   1   0   0   0   0   0   0   0   0   0
 16T   0   0   0   0   0   1   0   1   1   0   0   0   0   0   0
 17T   0   0   0   0   0   0   0   0   0   1   1   0   0   0   0
 18T   0   0   0   0   0   0   0   0   0   0   0   0   0   0   1
 19T   0   0   0   1   1   1   0   0   0   0   0   0   0   0   0
 20T   0   0   0   0   0   0   0   0   1   1   0   0   0   0   0
 21T   1   1   1   1   1   0   0   0   0   0   1   0   0   0   0
 22T   0   0   0   0   1   0   0   0   0   0   0   1   1   1   0
 23T   0   0   0   0   0   0   0   1   1   0   0   0   0   0   0
 24T   0   0   0   0   0   0   0   1   0   0   0   0   0   0   0
 25T   0   0   1   0   0   0   0   0   0   0   0   0   0   1   1
