Number of Tool Switches: 24 

Time elapsed: 0.006081 
Tool Sequence:
      8J  5J  2J  3J  9J 15J 11J  6J 14J 10J  7J  1J 13J  4J 12J
  1T   0   0   0   0   0   1   1   1   1   1   1   1   1   1   1
  2T   1   1   1   1   1   1   1   1   1   1   1   1   1   1   1
  3T   1   1   1   1   1   1   1   1   1   1   1   1   1   1   1
  4T   0   0   0   0   0   0   1   1   1   1   1   1   1   1   1
  5T   1   1   1   1   1   0   0   0   0   0   1   1   1   1   1
  6T   1   1   1   1   1   0   0   0   0   0   0   0   0   1   1
  7T   0   0   0   0   0   1   1   1   1   1   1   1   1   1   1
  8T   1   1   1   1   1   1   1   1   1   1   1   1   1   1   1
  9T   1   1   1   1   0   0   0   0   0   0   0   1   1   1   1
 10T   1   1   1   1   1   1   1   1   1   1   1   1   1   1   1
 11T   1   1   1   1   1   1   1   1   1   1   1   1   1   1   1
 12T   1   1   1   1   1   1   0   0   0   0   0   1   1   1   1
 13T   1   1   1   1   1   1   1   1   1   1   1   1   1   0   0
 14T   1   1   1   1   1   1   1   1   1   1   1   0   0   0   0
 15T   1   1   1   1   0   0   0   0   0   0   0   0   0   0   0
 16T   0   0   0   0   1   1   1   1   1   1   1   1   1   1   1
 17T   0   0   0   0   1   1   1   1   1   1   1   1   1   1   1
 18T   1   1   1   1   1   1   1   1   1   1   1   1   1   1   1
 19T   1   1   1   1   1   1   1   1   1   1   0   0   0   0   0
 20T   1   1   1   1   1   1   1   1   1   1   1   0   0   0   0
