Number of Tool Switches: 51 

Time elapsed: 0.000312 
Tool Sequence:
      1J  6J 10J  8J 11J  4J 13J  2J  7J  5J 12J 14J 15J  3J  9J
  1T   1   1   1   1   1   1   0   0   0   0   0   1   1   1   1
  2T   1   1   1   1   1   1   1   0   0   0   1   1   1   1   1
  3T   1   1   1   1   1   0   0   0   0   0   1   1   1   1   1
  4T   1   1   0   1   1   1   1   0   0   0   1   1   1   1   1
  5T   1   1   0   1   1   1   1   1   1   1   1   0   0   1   1
  6T   0   0   1   0   1   1   1   1   1   1   1   1   1   1   1
  7T   1   1   1   1   1   1   1   1   1   1   0   0   1   1   1
  8T   0   0   1   1   1   1   1   1   1   1   1   1   1   1   1
  9T   1   1   1   1   1   0   0   1   1   1   1   1   0   0   0
 10T   1   1   1   1   1   1   1   1   1   1   1   0   0   0   1
 11T   0   0   1   1   0   1   1   1   1   1   1   1   1   1   1
 12T   1   1   1   1   1   1   1   1   1   1   1   1   1   1   1
 13T   1   1   1   1   1   1   1   1   1   1   1   1   0   0   0
 14T   1   1   1   1   1   1   1   1   1   1   1   1   1   1   1
 15T   1   1   1   1   1   1   1   1   1   1   1   1   1   1   1
 16T   1   1   1   1   1   0   1   1   1   1   1   1   1   1   1
 17T   1   1   1   1   0   1   0   0   0   1   1   1   1   1   1
 18T   1   0   0   1   1   1   1   1   1   1   1   1   1   1   1
 19T   1   1   1   1   1   0   1   1   1   1   1   1   0   0   0
 20T   1   1   1   0   0   0   1   1   1   1   1   1   1   1   0
 21T   0   1   0   0   1   1   0   1   1   1   1   1   1   0   0
 22T   1   1   1   0   0   1   1   1   1   0   0   1   1   1   1
 23T   0   0   0   1   0   1   1   1   1   1   1   1   1   1   1
 24T   1   1   1   1   1   1   1   1   1   1   0   0   1   1   1
 25T   1   1   1   0   1   1   1   1   1   1   0   0   1   1   1
