Number of Tool Switches: 24 

Time elapsed: 0.000190 
Tool Sequence:
      7J  5J  3J 13J  1J  2J  4J 15J  6J  9J 11J 14J 10J  8J 12J
  1T   0   0   0   0   1   1   1   1   1   1   1   1   1   1   1
  2T   1   1   1   1   0   0   0   0   0   0   0   0   0   0   0
  3T   0   0   0   0   1   0   0   0   0   0   0   0   0   0   0
  4T   0   0   0   0   0   0   0   0   0   1   1   1   1   1   1
  5T   0   0   0   0   0   0   0   0   0   1   1   1   1   1   1
  6T   1   1   1   1   1   1   1   1   1   1   1   1   1   1   1
  7T   1   1   1   1   1   1   0   0   0   0   0   0   0   1   1
  8T   0   0   0   0   0   1   1   1   1   1   1   1   1   1   1
  9T   1   1   1   1   0   0   0   0   0   0   0   0   0   0   0
 10T   0   0   0   0   1   0   0   0   0   0   0   0   0   0   0
 11T   1   1   1   1   0   0   0   0   0   0   0   0   1   1   1
 12T   0   0   0   0   0   0   1   1   1   0   0   0   0   1   0
 13T   1   1   1   1   1   1   1   1   1   1   1   1   1   1   1
 14T   1   1   1   1   1   1   0   0   0   0   0   0   0   0   1
 15T   1   1   1   1   1   1   1   1   1   1   1   1   1   0   0
 16T   0   0   0   0   0   1   1   1   1   1   1   1   0   0   0
 17T   0   0   0   0   0   0   0   0   0   0   0   0   1   0   0
 18T   1   1   1   1   1   1   1   1   1   1   1   1   0   0   0
 19T   0   0   0   0   0   0   1   1   1   0   0   0   0   0   0
 20T   1   1   1   1   1   1   1   1   1   1   1   1   1   1   1
