Number of Tool Switches: 18 

Time elapsed: 0.000184 
Tool Sequence:
      5J  2J  1J  9J  6J  8J  3J 12J 10J  4J 11J 15J  7J 13J 14J
  1T   0   0   0   0   0   0   1   1   1   1   1   1   1   1   1
  2T   0   0   0   0   0   0   0   1   1   1   1   1   1   1   1
  3T   1   1   1   1   1   1   1   1   1   1   1   1   1   1   1
  4T   1   1   1   1   1   1   1   0   0   0   1   1   1   1   1
  5T   1   1   1   1   1   1   1   1   1   1   1   1   1   1   1
  6T   1   1   1   1   1   1   1   1   1   1   1   0   0   0   0
  7T   0   0   0   0   0   0   0   0   0   1   1   1   1   1   1
  8T   0   0   0   0   0   0   1   1   1   1   0   0   0   0   0
  9T   1   1   1   1   1   1   1   1   1   0   0   0   0   0   0
 10T   1   1   1   1   1   1   1   1   1   1   1   1   1   1   1
 11T   1   1   1   1   1   1   0   0   0   0   0   1   1   1   1
 12T   1   1   1   1   1   1   1   1   1   0   0   0   0   0   0
 13T   1   1   1   1   1   1   1   1   1   1   1   1   1   1   1
 14T   0   0   0   0   0   0   0   0   0   1   0   0   0   0   0
 15T   1   1   1   1   1   1   0   0   0   0   1   1   1   1   1
