Number of Tool Switches: 43 

Time elapsed: 0.004050 
Tool Sequence:
     15J  9J 10J  2J 13J 12J  4J 14J  3J  6J  8J  1J  5J 11J  7J
  1T   1   1   1   1   0   0   0   0   0   0   0   1   1   1   1
  2T   0   0   0   1   1   1   0   0   0   0   0   0   0   1   1
  3T   0   0   0   0   1   1   1   0   0   0   0   0   0   0   0
  4T   1   1   1   1   0   0   1   1   1   1   0   0   0   1   1
  5T   1   1   0   0   0   0   0   0   0   1   1   1   1   1   1
  6T   1   1   1   0   1   0   0   0   0   0   0   0   1   1   0
  7T   1   1   1   1   1   1   0   0   0   0   1   1   1   1   1
  8T   1   1   0   1   1   1   1   1   0   0   0   0   0   0   0
  9T   0   0   0   0   1   0   0   0   0   0   0   0   0   0   1
 10T   0   0   1   1   1   0   1   1   1   1   1   1   1   1   1
 11T   0   0   0   0   0   1   1   1   1   1   1   1   1   1   1
 12T   0   0   1   0   1   1   1   1   1   1   1   0   0   0   0
 13T   0   0   0   1   0   1   1   1   1   1   1   1   1   1   0
 14T   1   1   1   1   1   0   1   1   1   1   1   1   0   0   0
 15T   0   0   1   1   0   0   0   1   1   1   1   1   1   0   0
 16T   0   0   0   0   0   1   1   0   0   0   1   1   1   1   0
 17T   1   0   0   1   1   1   0   1   1   0   0   0   0   0   1
 18T   1   1   0   0   0   0   0   0   1   1   0   0   0   0   0
 19T   1   1   1   0   0   1   0   0   0   0   0   0   0   0   1
 20T   0   1   1   0   0   0   1   1   1   1   1   1   1   0   0
