Number of Tool Switches: 34 

Time elapsed: 0.017126 
Tool Sequence:
     10J 13J  1J  8J  5J  2J  9J 11J 15J  3J  7J  6J 14J 12J  4J
  1T   1   1   1   0   1   0   0   0   1   1   1   1   1   1   1
  2T   0   0   1   1   1   1   1   1   0   0   0   0   0   0   0
  3T   1   1   1   1   1   1   1   1   1   1   1   1   1   1   1
  4T   0   0   1   1   1   1   1   1   1   1   1   1   1   1   1
  5T   1   1   0   0   0   0   1   1   1   1   1   1   1   1   1
  6T   1   1   0   0   1   1   1   1   1   1   1   1   1   1   1
  7T   1   1   1   1   1   1   1   1   1   1   1   1   1   1   1
  8T   1   1   1   1   0   1   1   0   0   0   1   1   1   1   1
  9T   1   1   0   0   1   1   1   1   1   1   1   1   1   1   1
 10T   0   0   1   1   1   1   1   1   1   1   1   1   1   1   1
 11T   1   1   1   1   1   1   0   0   0   0   0   0   0   0   1
 12T   1   1   1   1   1   1   1   1   1   1   1   1   1   1   1
 13T   1   1   1   1   0   0   0   1   1   1   0   0   0   0   0
 14T   1   1   1   1   1   1   1   1   1   1   0   0   0   0   0
 15T   1   1   1   0   0   1   1   1   1   1   1   1   1   1   1
 16T   0   0   1   1   1   1   1   1   1   1   1   1   1   1   1
 17T   1   1   1   1   1   1   1   1   0   0   0   0   0   1   1
 18T   1   1   1   1   0   0   0   0   1   1   1   1   1   1   1
 19T   1   1   0   1   1   0   0   0   0   0   1   1   1   0   0
 20T   0   0   0   1   1   1   1   1   1   1   1   1   1   1   0
