Number of Tool Switches: 40 

Time elapsed: 0.003532 
Tool Sequence:
      2J 10J  5J  9J  1J  3J  7J  8J 14J 15J  6J 12J  4J 11J 13J
  1T   0   0   0   0   0   1   1   1   0   0   1   1   1   1   1
  2T   1   1   1   0   0   0   0   0   0   0   0   0   0   1   1
  3T   0   0   0   0   0   1   1   1   1   1   1   1   1   1   1
  4T   0   0   0   0   0   0   1   1   0   0   0   0   0   1   1
  5T   0   0   0   1   1   1   1   0   0   1   1   1   1   1   1
  6T   0   0   0   1   1   1   1   1   0   0   0   0   0   0   1
  7T   1   1   0   0   0   0   0   0   0   0   1   1   1   0   0
  8T   1   1   0   0   0   1   1   1   1   1   1   1   1   0   0
  9T   1   1   0   0   0   0   0   0   0   0   0   1   1   0   0
 10T   1   1   1   1   0   0   0   0   1   1   1   1   1   1   1
 11T   0   0   0   0   1   0   0   0   1   0   0   0   0   0   0
 12T   0   0   1   1   1   1   0   0   0   0   0   0   0   1   1
 13T   1   1   1   0   0   1   1   0   0   0   0   0   0   1   1
 14T   1   1   1   1   1   0   0   1   1   0   0   0   0   0   0
 15T   1   1   1   1   0   0   0   0   0   1   0   0   0   0   0
 16T   0   0   0   1   1   1   1   1   1   1   1   1   1   1   1
 17T   1   1   1   0   1   0   1   1   1   1   1   1   1   0   0
 18T   0   1   1   1   1   1   1   1   1   1   1   0   0   0   0
 19T   1   0   1   1   1   0   0   1   1   1   0   0   0   0   0
 20T   0   0   1   1   1   1   0   0   1   1   1   1   1   1   0
