Number of Tool Switches: 29 

Time elapsed: 0.000174 
Tool Sequence:
     10J  7J  3J 12J  2J  4J  5J  8J 15J 11J 13J 14J  1J  6J  9J
  1T   1   1   1   1   1   1   1   1   1   1   1   1   1   1   1
  2T   1   1   1   1   1   1   1   1   1   1   1   1   1   1   1
  3T   1   1   1   1   1   1   1   1   1   1   1   1   1   1   1
  4T   1   1   1   1   1   1   1   1   1   1   1   1   1   1   1
  5T   0   0   0   0   0   0   1   1   1   1   1   1   1   1   1
  6T   1   1   1   1   1   1   1   1   1   1   1   1   1   1   1
  7T   1   1   1   1   1   1   1   1   1   1   1   1   1   1   1
  8T   0   0   0   0   0   0   0   1   1   1   1   1   1   1   1
  9T   0   0   0   0   0   0   0   1   1   1   1   1   1   1   1
 10T   0   0   0   0   0   0   1   1   1   1   1   1   1   1   1
 11T   1   1   1   1   1   1   1   1   1   1   1   1   1   1   1
 12T   1   1   1   1   1   1   1   1   1   1   1   1   1   1   1
 13T   1   1   1   1   1   1   1   1   1   1   1   1   1   1   1
 14T   1   1   1   1   1   1   1   1   1   1   1   1   1   1   1
 15T   1   1   1   1   1   1   1   1   1   1   1   1   1   1   1
 16T   1   1   1   1   1   1   1   0   0   0   0   0   1   1   1
 17T   1   1   1   1   1   1   1   1   1   1   1   1   1   1   1
 18T   1   1   1   1   1   1   1   1   1   1   1   1   1   1   1
 19T   1   1   1   1   1   1   1   1   1   1   1   1   1   1   0
 20T   0   0   0   0   0   0   0   1   1   1   1   1   1   0   0
 21T   1   1   1   1   1   1   1   0   0   0   0   0   0   1   1
 22T   1   1   1   1   1   1   0   0   0   0   0   0   0   0   1
 23T   1   1   1   1   1   1   1   0   0   0   0   1   0   0   0
 24T   1   1   1   1   1   1   1   1   1   1   1   0   0   0   0
 25T   1   1   1   1   1   1   0   0   0   0   0   0   0   0   0
