Number of Tool Switches: 36 

Time elapsed: 0.000214 
Tool Sequence:
      4J  1J  2J  7J  9J  8J 12J 10J 11J 14J 13J  6J 15J  5J  3J
  1T   1   1   1   1   1   1   1   1   1   1   1   1   1   1   1
  2T   1   1   1   1   1   1   1   1   1   1   1   1   1   1   1
  3T   1   1   1   1   1   1   1   1   1   1   1   1   1   1   1
  4T   1   1   1   0   0   0   0   1   1   1   1   1   1   1   1
  5T   1   1   1   1   1   1   1   0   0   0   0   0   0   0   1
  6T   1   1   1   1   1   1   0   0   0   0   0   0   0   0   0
  7T   1   1   0   1   1   0   0   0   0   0   0   1   1   1   1
  8T   1   1   0   1   1   1   1   1   1   1   1   1   1   1   1
  9T   1   1   1   1   1   0   0   0   0   1   1   1   1   1   1
 10T   1   1   0   1   1   1   1   1   1   1   1   1   1   1   1
 11T   1   1   1   1   1   1   1   1   1   1   1   1   1   1   1
 12T   1   1   1   1   1   1   1   1   1   1   1   1   1   1   1
 13T   1   1   1   1   1   1   1   1   1   1   1   1   1   1   1
 14T   1   1   1   1   1   1   1   1   1   1   1   1   1   1   1
 15T   0   0   1   0   0   1   1   1   1   1   1   1   1   1   1
 16T   1   1   1   0   0   0   1   1   1   1   1   1   1   1   1
 17T   0   0   1   1   1   1   1   1   1   1   1   1   1   1   1
 18T   1   1   1   1   1   1   1   1   1   1   1   1   1   1   1
 19T   0   0   0   1   1   1   1   1   1   1   1   1   1   1   1
 20T   1   1   1   1   1   1   1   1   1   0   0   0   0   0   0
 21T   0   0   1   1   1   1   1   1   1   1   1   1   0   0   0
 22T   0   0   0   0   0   0   0   1   1   1   1   1   1   1   1
 23T   1   1   1   0   0   1   1   1   1   1   1   1   1   1   1
 24T   1   1   1   1   1   1   1   0   0   0   0   0   1   1   0
 25T   1   1   1   1   1   1   1   1   1   1   1   0   0   0   0
