Number of Tool Switches: 17 

Time elapsed: 0.001656 
Tool Sequence:
      6J  8J  3J  7J  5J 13J 10J  1J  4J 11J  2J  9J 12J 14J 15J
  1T   1   1   1   1   1   1   1   1   1   1   1   1   1   1   1
  2T   1   1   1   1   1   1   1   1   1   1   1   1   1   1   1
  3T   1   1   1   1   1   1   1   1   1   1   1   1   1   1   1
  4T   1   1   1   1   1   1   1   1   1   1   1   1   1   1   1
  5T   1   1   1   1   1   1   1   1   1   1   1   1   1   1   1
  6T   1   1   1   1   1   1   1   0   0   0   0   0   0   0   0
  7T   0   0   0   0   0   0   0   1   1   1   1   0   0   0   0
  8T   1   1   1   1   1   1   1   1   1   1   1   1   1   1   1
  9T   1   1   1   1   1   1   1   1   0   0   0   0   0   0   0
 10T   0   0   0   0   0   0   1   1   1   1   1   1   1   1   1
 11T   1   1   1   0   0   0   0   0   0   0   0   1   1   1   1
 12T   0   0   0   0   0   1   1   1   1   1   1   1   0   0   0
 13T   0   0   0   1   1   1   0   0   0   0   0   0   0   0   0
 14T   0   0   0   0   0   0   0   0   1   1   1   1   1   1   1
 15T   1   1   1   1   1   0   0   0   0   0   0   0   1   1   1
