Number of Tool Switches: 29 

Time elapsed: 0.003094 
Tool Sequence:
     12J 15J  5J  7J  8J 11J  6J 14J  1J 10J  4J  2J  3J  9J 13J
  1T   1   1   1   1   1   1   1   1   1   1   1   1   1   1   1
  2T   1   1   1   1   1   1   1   1   1   1   1   1   1   1   1
  3T   1   1   1   1   1   1   1   1   1   1   1   1   1   1   1
  4T   1   1   1   1   1   1   1   1   1   1   1   1   1   1   1
  5T   1   1   1   1   1   1   1   1   1   1   1   1   1   1   1
  6T   1   1   1   1   1   1   1   1   1   1   1   1   1   1   1
  7T   1   1   1   1   1   1   1   1   1   1   1   1   1   1   1
  8T   0   0   0   0   1   1   1   1   1   1   1   1   1   1   1
  9T   1   1   1   1   1   1   1   1   1   1   1   1   1   1   1
 10T   1   1   1   1   1   1   1   1   1   1   1   1   1   1   1
 11T   1   1   1   1   1   1   1   1   1   1   1   1   1   1   1
 12T   0   0   0   0   0   1   1   1   1   1   1   1   1   1   1
 13T   1   1   1   1   1   0   0   0   0   0   1   1   1   1   1
 14T   1   1   1   1   0   0   0   0   0   0   0   0   0   0   1
 15T   0   0   0   0   0   1   1   1   1   1   1   1   1   1   1
 16T   1   1   1   1   1   0   0   0   0   0   0   1   1   1   1
 17T   1   1   1   1   1   1   1   1   1   1   1   1   1   1   1
 18T   0   0   0   0   0   0   0   0   0   1   1   0   0   0   0
 19T   1   1   1   1   1   1   1   1   1   1   1   1   1   1   1
 20T   1   1   1   1   1   1   1   1   1   0   0   0   0   0   0
 21T   1   1   1   1   1   1   1   1   1   1   1   1   1   1   0
 22T   0   0   0   0   1   1   1   1   1   1   0   0   0   0   0
 23T   1   1   1   1   1   1   1   1   1   1   1   1   1   1   1
 24T   1   1   1   1   1   1   1   1   1   1   1   0   0   0   0
 25T   1   1   1   1   0   0   0   0   0   0   0   1   1   1   1
