Number of Tool Switches: 29 

Time elapsed: 11.392081 
Tool Sequence:
     11J  5J 13J 10J  6J 14J  9J 18J 19J  8J  4J 12J 16J 15J  1J  2J 17J 20J  7J  3J
  1T   0   0   0   0   0   0   0   0   1   1   1   1   1   1   1   1   1   1   1   1
  2T   1   1   1   1   0   0   0   0   0   0   0   0   0   0   0   0   0   0   0   0
  3T   1   1   1   1   1   1   1   1   1   1   1   1   1   1   1   1   1   1   0   0
  4T   1   1   1   1   1   1   1   1   1   1   1   1   1   1   1   1   1   1   1   1
  5T   0   0   0   0   0   0   0   0   0   0   0   0   0   1   1   1   1   1   1   1
  6T   1   1   1   1   1   0   0   0   0   0   0   0   0   0   0   0   0   0   0   1
  7T   1   1   1   1   1   1   0   0   0   0   0   0   0   0   0   1   1   1   1   0
  8T   0   0   0   0   0   0   0   0   0   1   1   1   1   1   1   1   1   1   1   0
  9T   1   1   1   1   1   1   1   1   1   1   1   1   1   1   1   1   1   0   0   0
 10T   1   1   1   1   1   1   1   0   0   0   0   0   0   0   0   0   0   1   1   0
 11T   1   1   1   1   1   1   1   1   1   1   1   1   1   1   1   0   0   0   0   0
 12T   0   0   0   0   1   1   1   1   1   0   0   0   0   0   0   0   0   0   0   0
 13T   0   0   0   0   0   1   1   1   1   1   1   1   1   1   1   1   1   1   0   0
 14T   0   0   0   0   0   0   1   1   1   1   1   1   1   1   1   1   1   1   0   0
 15T   1   1   1   1   1   1   1   1   1   1   1   1   1   0   0   0   0   0   0   0
 16T   0   0   0   0   0   0   0   0   1   1   1   1   1   1   1   1   1   1   1   1
 17T   1   1   1   1   1   1   1   1   1   1   1   1   1   1   1   0   0   0   0   0
 18T   1   1   1   1   1   1   1   1   0   0   0   0   0   0   0   0   0   0   0   0
 19T   0   0   0   0   0   0   0   0   0   0   0   0   0   0   0   1   1   1   0   0
 20T   1   1   1   1   1   0   0   0   0   0   0   0   0   0   0   0   0   0   0   0
 21T   0   0   0   0   0   1   1   1   1   1   1   1   1   1   1   1   1   1   1   1
 22T   1   1   1   1   1   1   1   1   0   0   0   0   0   0   0   0   1   1   1   1
 23T   0   0   0   0   0   0   0   1   1   1   1   1   1   1   1   1   1   0   0   0
 24T   1   1   1   1   1   1   1   1   1   1   1   1   1   1   1   0   0   0   0   0
 25T   1   1   1   1   1   1   1   1   1   1   1   1   1   1   1   1   1   1   0   0
