Number of Tool Switches: 55 

Time elapsed: 14.356162 
Tool Sequence:
     10J  8J 15J 17J  1J 20J 12J 11J  9J  7J  4J 13J 14J 19J 16J 18J  5J  6J  2J  3J
  1T   1   1   1   0   0   1   1   1   1   1   1   1   1   1   1   1   1   1   1   1
  2T   1   1   1   1   1   1   1   1   0   0   0   1   1   1   1   1   0   0   0   0
  3T   1   1   1   1   1   1   1   1   1   1   0   0   0   0   0   0   0   1   1   1
  4T   0   0   0   0   0   1   0   0   1   1   1   1   0   0   1   1   1   1   1   0
  5T   1   1   1   1   1   1   1   1   1   1   1   1   0   0   1   1   0   0   0   0
  6T   1   1   1   1   1   1   1   1   1   1   1   1   1   1   1   0   0   0   0   0
  7T   1   1   1   1   1   0   0   0   0   0   0   0   1   1   0   0   0   1   1   1
  8T   0   0   0   0   0   0   1   1   1   1   1   1   1   1   1   1   1   1   1   1
  9T   1   1   1   1   1   0   0   0   1   1   1   0   1   1   1   0   0   0   0   0
 10T   1   1   1   1   1   1   1   1   1   0   0   1   1   1   1   0   0   0   0   0
 11T   1   0   0   0   0   0   0   1   1   1   1   1   1   1   1   1   1   1   1   1
 12T   1   1   0   0   0   0   0   1   1   1   1   0   0   0   0   0   1   0   0   0
 13T   0   1   1   1   0   0   0   0   0   0   0   0   0   1   1   1   1   1   0   0
 14T   0   0   0   0   1   1   1   1   1   0   0   0   0   0   0   0   0   0   1   0
 15T   1   1   1   1   1   1   1   1   0   1   1   1   0   0   0   0   1   1   1   0
 16T   0   0   0   0   0   0   0   0   0   0   1   1   1   1   1   1   1   1   0   0
 17T   0   0   0   1   1   1   0   0   0   0   0   0   0   0   0   1   1   1   1   1
 18T   1   1   1   1   0   0   1   1   1   1   1   1   1   1   1   1   1   1   1   1
 19T   1   1   1   0   0   0   1   0   0   0   0   0   0   1   0   0   1   1   1   1
 20T   1   1   1   1   1   1   0   0   0   1   1   1   1   1   0   0   0   0   0   0
 21T   0   0   0   1   1   1   1   1   1   1   1   1   1   1   1   1   1   1   0   0
 22T   1   1   1   1   1   0   0   0   0   0   0   1   1   1   1   1   1   1   1   1
 23T   0   0   0   0   1   1   1   0   0   1   1   0   0   0   1   1   1   0   0   0
 24T   0   0   1   1   1   1   1   1   1   1   1   1   1   0   0   0   0   0   1   1
 25T   0   0   0   0   0   1   1   1   1   0   0   0   1   0   0   1   1   1   1   1
