Number of Tool Switches: 54 

Time elapsed: 15.766901 
Tool Sequence:
      8J 16J  6J 11J  2J  3J 15J 17J  5J 18J 13J 12J  7J  9J 14J  1J 19J 10J 20J  4J
  1T   1   1   0   0   0   0   1   1   1   1   1   1   1   1   1   1   1   1   0   0
  2T   1   1   1   1   1   1   1   1   1   1   1   0   0   0   0   0   0   0   0   0
  3T   1   1   1   1   1   0   0   0   0   0   0   1   1   1   1   1   1   1   0   0
  4T   0   0   1   0   0   0   1   1   0   0   0   0   0   0   1   1   1   1   1   1
  5T   1   1   1   1   0   1   1   1   1   1   1   1   0   0   0   0   0   1   1   1
  6T   1   1   1   1   0   1   1   1   1   1   0   0   0   0   0   1   1   1   1   1
  7T   0   0   0   0   0   0   0   0   0   0   0   0   1   1   1   1   1   1   1   1
  8T   0   1   1   1   1   0   0   0   1   1   1   1   1   0   0   0   0   0   0   0
  9T   0   1   1   1   1   1   1   1   1   1   1   1   1   1   0   0   0   0   0   0
 10T   1   1   1   1   0   1   1   1   1   0   0   0   0   0   0   1   0   0   0   0
 11T   1   1   1   1   1   0   0   0   1   1   1   0   0   0   0   0   1   1   1   1
 12T   1   0   0   0   0   1   1   1   1   1   1   1   1   1   1   0   0   0   0   0
 13T   1   1   1   1   1   1   0   0   0   0   0   0   1   1   0   0   0   1   1   1
 14T   1   1   1   1   1   1   1   0   0   1   1   1   1   0   0   0   1   1   1   1
 15T   1   1   1   1   1   1   0   0   0   0   1   1   0   0   1   0   0   0   1   1
 16T   0   0   0   0   1   1   1   1   1   1   1   1   1   1   1   1   1   0   0   0
 17T   0   0   0   1   0   0   0   0   0   1   1   1   1   1   1   1   1   1   1   0
 18T   0   0   0   0   1   1   1   1   1   1   1   1   1   1   1   1   1   0   0   0
 19T   1   1   1   1   1   0   0   0   0   0   0   0   0   1   1   1   0   0   0   0
 20T   0   0   0   0   0   0   0   1   1   0   0   0   0   1   1   1   1   1   1   1
 21T   0   1   1   1   1   1   1   1   0   0   0   1   1   1   1   1   1   1   0   0
 22T   0   0   0   0   1   1   1   1   1   1   1   1   1   1   1   1   1   1   1   0
 23T   1   0   0   0   0   0   1   1   1   1   1   1   1   1   0   0   0   0   1   1
 24T   1   1   1   1   1   1   0   0   0   0   0   0   0   0   1   1   1   1   0   0
 25T   1   0   0   0   1   1   1   1   1   1   1   1   1   1   1   1   1   1   1   0
