Number of Tool Switches: 20 

Time elapsed: 0.071339 
Tool Sequence:
     11J 15J  7J 17J  9J  3J 20J  8J 13J  2J 12J 19J 14J 16J  6J  5J  4J 18J 10J  1J
  1T   1   1   1   1   1   1   1   1   1   1   1   1   1   1   0   0   0   0   0   0
  2T   1   1   1   1   1   1   1   1   1   1   1   1   0   0   0   0   0   0   0   0
  3T   1   1   1   1   1   1   1   1   1   1   1   1   1   1   1   0   0   0   0   0
  4T   1   1   1   1   1   1   1   1   1   1   1   1   1   1   1   1   1   0   0   0
  5T   1   1   1   1   1   1   1   1   1   1   1   1   1   1   1   1   1   1   1   1
  6T   1   1   1   1   1   1   1   1   1   1   1   1   1   1   1   1   1   1   1   1
  7T   1   1   1   1   1   1   1   0   0   0   0   0   0   0   0   0   0   0   0   0
  8T   1   1   1   1   1   1   1   1   0   0   0   0   0   0   0   0   0   0   0   0
  9T   0   0   0   0   0   0   0   0   0   0   0   0   0   0   0   0   1   1   1   1
 10T   1   1   1   1   1   1   1   1   1   1   1   1   1   1   1   1   1   1   1   1
 11T   1   1   1   1   1   1   1   1   1   1   1   1   1   1   1   1   1   1   0   0
 12T   1   1   1   1   1   1   1   1   1   1   1   1   1   1   1   1   1   1   0   0
 13T   1   1   1   1   1   1   1   1   1   1   1   1   1   1   1   1   1   0   0   0
 14T   1   1   1   1   1   1   1   1   1   1   1   1   1   1   1   1   1   1   1   1
 15T   1   1   1   1   1   1   1   1   1   1   1   1   1   0   0   0   0   0   0   0
 16T   1   1   1   1   1   1   1   1   1   1   1   0   0   0   0   0   0   0   0   0
 17T   0   0   0   0   0   0   0   0   0   1   1   1   1   1   0   0   0   0   0   0
 18T   0   0   0   0   0   0   0   0   0   0   0   0   0   0   0   1   1   1   1   0
 19T   0   0   0   0   0   0   0   0   0   0   1   0   0   0   0   0   0   0   0   0
 20T   0   0   0   0   0   0   0   0   0   0   0   0   0   0   0   0   1   1   1   0
