Number of Tool Switches: 31 

Time elapsed: 13.740057 
Tool Sequence:
     17J 11J 14J 10J 15J  5J  1J 12J 18J 20J  8J  3J 13J 19J  2J 16J  7J  9J  6J  4J
  1T   1   1   1   1   1   1   1   1   1   1   1   1   1   1   1   1   1   1   1   0
  2T   0   0   0   0   0   0   0   0   1   1   1   1   1   1   1   1   1   0   0   0
  3T   1   1   1   1   0   0   0   0   0   0   0   0   0   0   1   1   1   1   1   0
  4T   1   1   1   1   1   1   1   1   1   1   1   1   1   1   0   0   0   0   0   0
  5T   0   0   0   0   0   0   0   0   0   0   0   0   1   1   1   1   1   1   1   0
  6T   1   1   1   1   1   1   1   1   1   1   1   1   1   1   1   1   1   1   1   0
  7T   1   1   1   1   1   1   0   0   0   0   0   0   0   0   0   1   0   0   0   0
  8T   1   1   1   1   1   1   1   0   0   0   0   0   0   1   1   1   1   1   1   1
  9T   0   0   0   0   0   0   1   1   1   1   1   1   1   1   1   1   1   0   0   0
 10T   0   0   0   0   0   0   0   0   0   0   0   0   0   0   1   1   1   1   1   1
 11T   1   1   1   1   1   1   1   1   1   1   1   1   1   1   1   1   1   1   0   0
 12T   0   0   0   0   0   0   0   0   0   1   1   1   1   1   1   1   1   1   1   1
 13T   1   1   1   1   1   1   1   1   1   1   1   1   1   1   1   1   1   1   1   1
 14T   1   1   1   1   1   1   1   1   1   1   1   1   1   1   1   1   1   1   1   1
 15T   0   0   0   0   0   0   0   0   0   0   0   0   0   0   0   0   1   1   0   0
 16T   1   1   1   0   0   0   0   0   0   0   1   1   1   1   1   0   0   0   0   0
 17T   1   1   1   1   1   1   1   1   1   0   0   0   0   0   0   1   1   1   1   0
 18T   1   1   1   1   1   1   1   1   0   0   0   0   0   0   0   0   0   0   0   0
 19T   0   0   0   0   0   0   0   1   1   1   1   1   1   1   1   0   0   0   0   0
 20T   1   1   1   1   1   0   0   0   0   0   0   0   0   0   0   0   0   0   1   1
 21T   1   1   1   1   1   1   1   1   1   1   1   1   1   0   0   0   0   0   0   0
 22T   0   0   0   0   0   1   1   1   1   1   0   0   0   0   0   0   0   0   0   0
 23T   1   1   1   1   1   1   1   1   1   1   1   1   0   0   0   0   0   0   0   0
 24T   0   0   0   1   1   1   1   1   1   1   1   1   1   1   0   0   0   0   0   0
 25T   0   0   0   0   1   1   1   1   1   1   1   1   1   1   1   1   1   1   0   0
