Number of Tool Switches: 25 

Time elapsed: 1.384037 
Tool Sequence:
     18J  3J 17J  6J 16J  2J 12J  8J  5J 14J  4J 20J 19J 11J  7J  1J 15J  9J 10J 13J
  1T   1   1   1   1   1   1   1   1   1   1   1   1   0   0   0   0   0   0   0   0
  2T   0   0   0   0   0   1   0   0   0   0   0   0   0   0   0   0   0   0   0   0
  3T   0   0   0   0   0   0   0   0   0   1   0   0   0   0   0   0   0   0   0   0
  4T   1   1   1   1   1   1   1   1   1   1   1   1   1   1   1   1   1   1   1   0
  5T   0   0   0   0   0   0   0   0   0   0   1   1   1   1   1   1   1   0   0   0
  6T   0   0   0   0   0   0   0   0   0   0   0   0   0   0   1   1   1   1   1   1
  7T   1   1   1   1   1   1   1   1   1   1   1   0   0   0   0   0   0   0   0   0
  8T   1   1   1   1   1   1   1   1   1   1   1   1   1   1   1   1   1   0   0   0
  9T   1   1   1   1   0   0   0   0   0   0   0   0   0   0   0   0   0   0   0   0
 10T   0   0   0   0   0   0   0   0   0   0   0   0   0   0   0   1   1   1   1   0
 11T   0   0   0   0   0   0   0   0   0   0   0   0   0   0   1   1   1   1   0   0
 12T   0   0   0   0   0   0   0   0   0   0   0   0   0   0   0   1   1   1   0   0
 13T   0   0   0   0   0   0   0   0   0   0   0   1   1   1   0   0   0   0   0   0
 14T   1   1   1   1   1   1   1   1   1   1   1   1   1   1   1   0   0   0   0   0
 15T   0   0   0   0   0   0   1   1   1   1   1   1   1   1   1   1   0   0   0   0
 16T   1   1   1   1   1   0   0   0   0   0   0   0   0   0   0   0   0   0   0   0
 17T   0   0   0   0   0   0   0   0   0   0   0   0   1   0   0   0   0   0   0   0
 18T   1   1   1   1   1   0   0   0   0   0   0   0   0   0   0   0   0   0   0   0
 19T   0   0   0   0   0   0   0   0   0   0   0   0   0   1   1   0   0   0   0   0
 20T   1   1   1   1   1   1   1   0   0   0   0   0   0   0   0   0   0   0   0   0
 21T   0   0   0   0   0   0   1   0   0   0   0   0   0   0   0   0   0   0   0   0
 22T   1   1   1   1   1   1   1   1   1   1   1   1   1   1   0   0   0   0   0   0
 23T   0   0   0   0   0   0   0   0   0   0   0   0   0   0   0   0   0   0   0   1
 24T   0   0   0   0   0   0   0   0   1   1   1   1   1   1   1   1   1   1   0   0
 25T   0   0   0   0   1   1   1   1   1   1   1   1   1   0   0   0   0   0   0   0
