Number of Tool Switches: 24 

Time elapsed: 1.417734 
Tool Sequence:
     15J 16J  6J 11J  8J  1J 20J 13J 17J  7J 12J  9J 14J 10J  4J 19J  3J 18J  2J  5J
  1T   0   0   0   0   1   1   1   1   1   1   1   1   1   0   0   0   0   0   1   0
  2T   0   0   0   0   0   1   1   1   1   1   0   0   0   0   0   0   0   0   0   0
  3T   0   1   1   1   1   0   0   0   0   0   0   0   0   0   0   0   0   0   0   1
  4T   0   0   0   0   0   0   0   0   0   0   0   1   1   1   1   0   0   0   0   0
  5T   0   0   0   0   0   0   0   0   1   1   1   1   1   1   1   1   1   0   0   0
  6T   1   1   0   0   0   0   1   1   1   1   1   0   0   0   0   0   0   0   0   0
  7T   1   0   0   0   0   0   0   1   1   0   0   0   0   0   1   1   1   1   0   0
  8T   0   0   0   0   0   0   0   0   0   0   0   0   0   0   0   1   1   1   1   1
  9T   0   0   1   1   1   1   1   1   0   0   0   0   0   0   0   0   0   0   0   0
 10T   1   1   1   1   0   0   0   0   0   0   0   1   1   1   1   1   1   1   1   0
 11T   0   1   1   1   1   1   0   0   0   0   0   0   0   0   0   0   0   0   0   0
 12T   1   0   1   1   1   1   1   0   0   0   0   0   0   0   0   0   0   0   0   0
 13T   1   1   0   0   0   0   0   0   0   0   0   0   0   1   1   1   1   1   1   1
 14T   0   0   0   0   0   0   0   0   0   1   1   1   1   1   0   0   0   0   0   1
 15T   0   0   0   0   0   0   0   0   0   0   0   0   0   0   0   0   0   1   1   1
