Number of Tool Switches: 23 

Time elapsed: 4.508931 
Tool Sequence:
      8J  7J 14J 19J  5J 13J 11J 17J 18J  4J  1J  6J 16J  9J 12J 10J 15J  2J 20J  3J
  1T   0   0   0   1   1   1   1   1   1   1   1   1   1   1   1   1   1   1   1   1
  2T   0   0   0   0   0   0   0   0   0   1   1   1   1   1   1   1   1   1   1   1
  3T   1   1   1   1   1   1   1   1   1   0   0   0   0   0   0   0   0   1   1   0
  4T   1   1   1   1   1   1   1   1   0   0   0   0   1   1   1   1   1   1   1   1
  5T   0   0   0   0   0   1   1   0   0   0   0   0   0   1   1   1   1   1   1   1
  6T   0   0   0   0   1   1   1   1   1   1   0   0   0   0   0   0   0   0   1   1
  7T   1   1   1   1   0   0   0   0   0   0   1   0   0   0   0   0   1   1   1   0
  8T   1   1   1   0   0   0   0   0   1   1   1   1   1   1   1   1   1   1   1   0
  9T   1   1   1   1   1   1   1   1   1   1   1   1   1   1   1   1   1   1   1   1
 10T   1   1   1   1   1   1   1   1   1   1   1   1   1   0   0   0   0   0   0   0
 11T   0   0   0   0   0   0   0   1   1   1   1   1   1   1   1   1   0   0   0   0
 12T   1   1   1   1   1   0   0   0   0   0   0   1   1   1   1   1   1   1   1   1
 13T   1   1   1   1   1   1   1   1   1   1   1   1   1   1   1   1   1   1   0   0
 14T   1   1   1   1   1   1   1   1   1   1   1   1   1   1   1   1   1   0   0   0
 15T   1   1   1   1   1   1   1   1   1   1   1   1   0   0   0   0   0   0   0   0
