Number of Tool Switches: 20 

Time elapsed: 2.531034 
Tool Sequence:
      5J  2J 19J 15J 17J  4J 12J  8J 16J 11J  6J 14J  1J 20J  9J 10J 13J  7J 18J  3J
  1T   1   1   1   1   1   0   0   0   0   0   0   0   0   0   0   0   0   0   0   0
  2T   0   0   0   0   0   0   0   1   1   1   1   1   1   1   1   1   1   1   1   0
  3T   1   1   1   1   1   1   1   1   1   1   1   1   0   0   0   0   0   0   0   0
  4T   0   0   0   0   0   0   0   0   0   0   0   0   0   0   1   1   1   0   0   0
  5T   1   1   1   1   1   1   1   1   1   1   1   1   1   1   1   0   0   0   0   0
  6T   1   1   1   1   1   1   1   0   0   0   0   0   0   0   0   0   0   0   0   0
  7T   1   1   1   1   1   1   1   1   1   1   1   1   1   1   1   1   1   1   1   0
  8T   1   1   1   1   1   1   1   1   1   1   0   0   0   0   0   0   0   0   0   0
  9T   1   1   1   1   1   1   1   1   1   1   1   1   1   0   0   0   0   0   0   0
 10T   0   0   0   0   0   0   0   0   0   0   0   0   0   0   0   1   0   0   0   0
 11T   0   0   0   0   0   0   0   0   0   0   1   1   1   1   1   1   1   1   1   1
 12T   1   1   1   1   1   1   1   1   1   1   1   1   1   1   1   1   1   1   1   1
 13T   1   1   1   1   1   1   1   1   1   1   1   1   1   1   1   1   1   1   1   1
 14T   0   0   0   0   0   0   1   1   0   0   0   0   0   0   0   0   0   0   0   0
 15T   0   0   0   0   0   0   0   0   0   0   0   0   1   1   1   1   1   1   1   1
 16T   1   1   1   1   1   0   0   0   0   0   0   0   0   0   0   0   0   0   0   0
 17T   0   0   0   0   0   0   0   0   1   1   1   1   1   1   1   1   1   1   0   0
 18T   0   0   0   0   0   0   0   0   0   0   0   1   1   1   1   1   1   1   1   1
 19T   0   0   0   0   0   0   1   1   1   0   0   0   0   0   0   0   0   0   0   0
 20T   0   0   0   0   0   0   0   0   0   1   1   0   0   0   0   0   0   0   0   0
