Number of Tool Switches: 20 

Time elapsed: 1.236436 
Tool Sequence:
     13J 11J  7J  3J 18J 12J 14J 15J 17J  5J  4J 19J  1J  9J 10J  8J 20J  6J 16J  2J
  1T   1   1   1   1   1   1   1   1   1   1   1   1   1   1   1   1   1   1   1   1
  2T   0   0   0   0   0   0   0   1   1   1   1   1   1   1   1   1   1   1   1   0
  3T   0   0   0   0   0   0   0   0   0   0   0   0   0   1   1   1   1   1   0   0
  4T   1   1   1   1   1   1   1   1   0   0   0   0   0   0   0   0   0   0   0   0
  5T   1   1   1   1   1   1   1   1   1   1   1   1   1   1   1   0   0   0   0   0
  6T   1   1   1   1   1   1   1   0   0   0   0   0   0   0   0   0   0   0   0   0
  7T   0   0   0   0   0   0   0   0   0   0   0   1   1   0   0   0   0   0   0   0
  8T   0   0   0   0   0   0   0   0   0   0   1   1   1   1   0   0   0   0   0   0
  9T   0   0   0   0   0   0   0   0   0   0   0   0   0   1   1   1   1   0   0   0
 10T   1   1   1   1   1   1   1   1   1   1   1   0   0   0   0   0   0   0   0   0
 11T   1   1   1   1   1   1   1   1   1   1   1   1   0   0   0   0   0   0   0   0
 12T   0   0   0   0   0   0   0   0   1   1   1   1   1   1   1   1   1   1   1   0
 13T   0   0   0   0   0   0   0   0   1   1   0   0   0   0   0   0   0   0   0   0
 14T   0   0   0   0   0   1   1   1   1   1   1   1   1   1   1   1   1   1   1   1
 15T   0   0   0   0   0   0   0   1   1   1   1   1   1   1   1   1   1   1   1   0
 16T   1   1   1   1   1   1   1   1   1   1   1   1   1   1   1   1   1   1   1   0
 17T   0   0   0   0   0   0   0   0   0   0   0   0   0   0   0   0   0   1   0   0
 18T   1   1   1   1   1   1   0   0   0   0   0   0   0   0   0   0   0   0   0   0
 19T   1   1   1   1   1   0   0   0   0   0   0   0   0   0   0   0   0   0   0   0
 20T   1   1   1   0   0   0   0   0   0   0   0   0   0   0   0   0   0   0   0   0
