Number of Tool Switches: 62 

Time elapsed: 13.865454 
Tool Sequence:
     13J  7J 18J  3J  6J 17J 11J  5J 14J  2J  4J  8J 20J 15J 19J 16J  1J 12J 10J  9J
  1T   1   1   1   1   1   1   1   1   1   1   1   1   1   1   1   1   0   0   0   0
  2T   0   0   0   0   0   0   0   0   1   1   1   1   1   1   1   1   1   1   0   0
  3T   1   1   1   0   0   0   0   1   1   1   1   1   1   1   1   1   1   1   1   0
  4T   0   0   0   0   0   0   0   1   1   1   1   0   0   0   1   1   1   1   1   0
  5T   0   0   1   1   1   1   1   0   0   0   1   1   1   1   1   0   0   1   1   1
  6T   1   1   1   1   1   0   0   0   0   0   0   0   0   0   0   1   1   1   1   1
  7T   1   1   1   1   0   0   0   0   0   1   1   0   0   1   1   1   0   0   0   1
  8T   0   0   0   1   1   1   1   1   1   0   0   1   1   1   0   0   0   0   1   0
  9T   1   0   0   0   0   1   0   0   0   1   1   0   0   1   1   1   1   1   1   1
 10T   1   1   0   0   0   0   0   0   0   0   0   1   1   1   1   1   1   1   1   1
 11T   1   1   1   1   1   1   1   0   0   0   0   1   1   1   1   1   1   1   0   0
 12T   1   1   1   1   1   1   1   1   1   1   1   1   1   1   1   1   1   0   0   0
 13T   0   0   0   0   0   0   1   1   0   0   1   1   1   1   1   1   1   1   1   1
 14T   1   1   1   1   1   0   0   0   0   0   0   0   0   0   0   0   1   1   1   1
 15T   0   0   0   0   1   1   1   1   1   0   0   0   1   1   1   1   1   1   1   1
 16T   0   1   1   1   1   1   1   1   1   1   1   1   1   0   0   0   1   1   0   0
 17T   1   0   0   0   0   1   1   1   1   1   0   0   0   0   0   1   0   1   1   1
 18T   0   1   1   1   1   1   0   0   1   1   1   1   0   0   0   1   1   0   0   0
 19T   1   0   0   1   1   1   0   0   1   1   1   1   1   1   1   1   1   1   1   1
 20T   1   1   1   1   1   1   1   1   0   0   0   0   0   1   0   0   0   0   0   0
 21T   1   1   1   0   1   1   1   1   1   1   0   0   0   0   0   0   1   1   1   0
 22T   1   1   0   0   0   0   1   1   1   1   1   1   1   0   0   0   0   0   0   1
 23T   1   1   1   1   1   1   1   1   0   0   1   1   1   0   0   0   0   0   0   1
 24T   0   1   1   1   1   1   1   1   1   1   0   0   0   0   1   0   0   0   1   1
 25T   0   0   1   1   0   0   1   1   1   1   1   1   1   1   1   0   0   0   1   1
