Number of Tool Switches: 16 

Time elapsed: 1.770449 
Tool Sequence:
      8J 15J 17J  6J 16J  4J  1J 11J  2J 12J 13J  9J  7J 20J 14J  5J 19J 18J  3J 10J
  1T   1   1   1   1   1   1   1   1   1   1   1   1   1   1   1   1   1   1   1   1
  2T   0   0   0   0   0   0   0   0   0   1   1   1   1   1   1   0   0   0   0   0
  3T   1   1   1   1   1   1   1   1   1   1   0   0   0   0   0   0   0   0   0   0
  4T   1   1   1   1   1   1   1   1   1   1   1   1   1   1   1   1   1   1   1   0
  5T   0   0   0   0   0   0   0   0   0   0   0   0   1   1   1   1   1   0   0   0
  6T   1   1   1   1   1   1   1   1   1   1   1   1   1   1   1   1   1   1   1   0
  7T   0   0   0   0   0   0   0   0   0   0   0   0   0   0   1   1   1   1   1   0
  8T   1   1   1   1   1   1   1   1   1   1   1   1   1   1   1   1   1   1   1   1
  9T   0   0   0   0   0   0   0   0   1   1   1   1   1   1   1   1   1   1   1   1
 10T   1   1   1   1   1   1   1   1   1   1   1   1   1   1   0   0   0   0   0   0
 11T   1   1   1   1   1   0   0   0   0   0   0   0   0   0   0   0   0   0   1   1
 12T   0   0   0   0   0   1   1   1   1   1   1   1   1   1   1   1   1   1   0   0
 13T   1   1   1   1   1   1   1   1   1   0   0   0   0   0   0   0   0   0   0   0
 14T   1   1   1   1   1   1   1   1   1   1   1   1   1   1   1   1   1   1   0   0
 15T   1   1   1   1   1   1   1   1   0   0   0   0   0   0   0   0   0   0   0   0
