Number of Tool Switches: 16 

Time elapsed: 1.501509 
Tool Sequence:
     10J 19J  6J 18J  9J  7J 17J 13J  5J 14J 15J 20J 11J  3J 12J  1J  4J  2J  8J 16J
  1T   0   0   0   0   0   0   0   0   0   0   1   1   1   0   0   0   0   0   0   0
  2T   0   0   0   0   0   0   0   0   0   0   0   1   1   1   1   1   1   1   1   1
  3T   1   1   1   1   1   1   1   1   1   1   1   1   1   1   1   1   1   1   1   1
  4T   0   0   0   0   0   0   0   0   0   0   0   0   0   0   0   1   1   0   0   0
  5T   1   1   1   1   1   1   1   1   1   1   1   0   0   0   0   0   0   0   0   0
  6T   0   0   0   0   0   0   0   0   0   1   1   1   1   1   1   0   0   0   0   0
  7T   0   0   0   0   0   0   1   1   1   1   1   1   1   1   1   1   1   1   1   0
  8T   1   1   1   1   1   1   1   1   1   1   1   1   1   1   1   1   1   1   1   1
  9T   1   1   1   1   1   1   1   1   1   1   1   1   1   1   1   1   1   0   0   0
 10T   1   1   1   1   1   1   1   1   1   1   1   1   1   1   1   1   1   1   1   0
 11T   1   1   1   1   1   1   1   1   0   0   0   0   0   0   0   0   0   0   0   0
 12T   1   1   1   1   1   1   1   1   1   1   1   1   1   1   1   1   1   1   0   0
 13T   1   1   1   1   1   1   1   1   1   0   0   0   0   0   0   0   0   0   0   0
 14T   1   1   1   1   1   1   0   0   0   0   0   0   0   1   1   1   0   0   0   0
 15T   1   1   1   1   1   1   1   1   1   1   1   1   1   1   1   1   1   1   1   1
