Number of Tool Switches: 29 

Time elapsed: 9.318458 
Tool Sequence:
      2J  9J 12J 14J  3J  5J 16J 11J  4J  6J 15J  8J  1J 18J 19J 20J 10J 17J 13J  7J
  1T   1   1   1   1   1   1   1   1   1   1   1   1   1   1   1   1   1   1   1   0
  2T   1   1   1   1   1   0   0   0   0   0   0   0   0   0   1   1   1   1   1   0
  3T   1   1   1   1   1   1   1   1   1   1   1   1   1   1   1   1   1   1   1   1
  4T   1   1   1   1   1   1   1   1   1   1   1   1   1   1   1   1   1   1   1   1
  5T   1   1   1   1   1   1   1   1   1   1   1   1   1   0   0   0   0   0   0   0
  6T   1   1   1   1   1   1   1   1   1   1   1   1   1   1   1   1   1   1   1   0
  7T   1   1   1   1   1   1   1   1   1   1   1   1   1   1   1   1   1   1   1   0
  8T   1   1   1   1   1   1   1   1   1   1   1   1   1   1   1   0   0   0   0   0
  9T   0   0   0   0   0   0   0   0   1   1   1   1   1   1   1   1   1   1   1   0
 10T   0   0   0   0   0   0   1   1   1   1   1   1   1   1   1   1   1   1   1   0
 11T   0   0   0   0   0   0   0   0   0   0   0   0   0   0   0   0   0   1   1   1
 12T   1   1   1   1   1   1   1   1   1   1   1   1   1   1   1   1   1   1   0   0
 13T   1   1   1   1   1   1   1   1   1   1   1   1   1   1   1   1   1   1   1   0
 14T   1   1   1   1   1   1   1   1   0   0   0   0   0   0   0   1   1   1   1   1
 15T   1   1   1   1   1   1   1   1   1   1   1   1   1   1   0   0   0   0   0   0
 16T   1   1   1   1   1   1   1   0   0   0   0   0   0   0   0   0   1   1   1   0
 17T   1   1   1   1   1   1   1   1   1   1   1   1   1   1   1   1   1   0   0   0
 18T   1   1   1   1   1   1   0   0   0   0   0   0   0   1   1   1   1   1   1   1
 19T   0   0   0   0   0   1   1   1   1   1   1   1   1   1   1   1   1   1   1   1
 20T   1   1   1   1   1   1   1   1   1   1   1   1   1   1   1   1   1   1   1   0
 21T   1   1   1   1   1   1   1   1   1   1   1   1   1   1   1   0   0   0   0   0
 22T   0   0   0   0   0   0   0   1   1   1   1   1   1   1   1   1   1   1   1   0
 23T   1   1   1   1   1   1   1   1   1   1   1   1   1   1   1   1   1   1   1   0
 24T   1   1   1   1   1   1   1   1   1   1   1   1   1   1   1   1   1   1   1   1
 25T   1   1   1   1   1   1   1   1   1   1   1   1   1   1   1   1   1   0   0   0
