Number of Tool Switches: 36 

Time elapsed: 1.431963 
Tool Sequence:
     20J 15J  4J  2J 13J  1J 17J  5J  3J  7J  9J 14J 16J 12J 18J 19J 11J 10J  8J  6J
  1T   0   1   1   1   1   1   0   0   0   0   0   0   0   0   0   0   0   0   0   1
  2T   1   1   1   1   0   0   0   1   1   0   1   1   1   1   1   1   1   0   0   0
  3T   1   0   0   0   1   1   1   1   1   0   0   0   0   0   0   0   0   1   0   0
  4T   0   0   0   0   0   0   1   1   1   1   0   0   1   0   0   0   0   0   0   0
  5T   0   0   0   0   0   0   0   0   0   1   1   1   1   0   0   0   0   0   1   1
  6T   0   0   0   0   1   1   1   0   0   0   0   0   1   1   1   1   0   0   1   0
  7T   0   0   0   0   0   0   0   0   1   1   1   1   0   1   1   1   0   0   0   1
  8T   1   1   1   1   1   0   0   0   0   1   1   0   0   0   0   0   0   0   0   0
  9T   1   1   1   0   0   0   0   0   0   0   0   0   0   1   0   0   0   1   1   1
 10T   0   0   0   1   0   0   0   0   0   0   0   0   0   0   0   0   1   1   1   1
 11T   0   0   0   0   0   0   0   0   0   0   1   1   0   0   0   0   1   1   1   0
 12T   1   1   0   0   0   0   0   0   0   0   0   0   0   0   0   1   1   0   0   0
 13T   0   0   1   0   0   0   0   1   1   1   0   0   0   0   1   0   0   0   0   0
 14T   0   0   0   0   0   1   1   0   0   0   0   1   1   1   1   0   0   0   0   0
 15T   0   0   0   1   1   1   1   1   0   0   0   0   0   0   0   1   1   1   0   0
