Number of Tool Switches: 25 

Time elapsed: 2.782438 
Tool Sequence:
     20J  3J 12J 17J  4J  2J  9J  5J 19J  8J 15J 10J 13J 11J 18J  6J  1J 16J 14J  7J
  1T   0   0   0   0   0   0   0   0   0   0   0   1   1   1   1   1   1   1   0   0
  2T   1   1   1   1   1   1   1   1   1   1   1   1   1   1   1   1   1   0   0   0
  3T   0   0   0   0   0   0   0   1   1   1   1   1   1   1   1   0   0   0   0   0
  4T   0   0   0   0   0   0   1   1   1   1   1   1   1   1   0   0   0   0   0   0
  5T   1   1   1   1   1   1   1   1   1   1   1   1   1   1   1   1   0   0   0   0
  6T   0   0   0   0   0   0   0   0   0   0   0   0   0   0   0   0   0   0   1   0
  7T   1   1   1   1   0   0   0   0   0   0   0   0   0   0   0   0   0   0   0   0
  8T   0   0   0   0   0   1   0   0   0   0   0   0   0   0   0   0   0   0   0   0
  9T   0   0   0   0   0   0   0   0   0   0   0   0   0   1   1   1   1   1   1   1
 10T   1   1   1   1   1   1   1   1   1   1   1   1   1   0   0   0   0   0   0   0
 11T   0   0   0   0   0   0   0   0   0   0   0   1   1   0   0   0   0   0   0   0
 12T   1   1   1   1   1   1   1   1   1   1   1   1   1   1   1   1   0   0   0   0
 13T   0   0   0   0   0   0   0   1   1   0   0   0   0   0   0   0   0   0   0   0
 14T   0   0   0   0   0   0   0   0   0   0   0   0   0   1   1   1   1   1   1   0
 15T   0   0   0   0   0   0   0   0   0   0   1   1   1   1   1   1   1   1   0   0
 16T   1   1   1   1   1   1   1   1   1   1   1   1   1   1   1   1   1   1   1   0
 17T   0   0   0   0   0   0   0   0   0   0   0   0   0   0   1   1   1   1   1   1
 18T   0   0   0   0   0   0   0   0   1   1   1   0   0   0   0   0   0   0   0   0
 19T   1   0   0   0   0   0   0   0   0   0   0   0   0   0   0   0   0   0   0   0
 20T   0   0   0   0   1   1   1   0   0   0   0   0   0   0   0   0   0   0   0   0
 21T   1   1   1   1   1   1   1   1   1   1   0   0   0   0   0   0   0   0   0   0
 22T   0   0   0   0   0   0   0   0   0   0   0   0   0   0   0   0   0   0   1   0
 23T   1   1   1   1   1   0   0   0   0   0   0   0   0   0   0   0   0   0   0   0
 24T   0   0   0   0   1   1   1   1   0   0   0   0   0   0   0   0   0   0   0   0
 25T   1   1   1   1   1   1   1   0   0   0   0   0   0   0   0   0   0   0   0   0
