Number of Tool Switches: 22 

Time elapsed: 4.221078 
Tool Sequence:
      1J  6J  4J 16J  2J 18J  3J 17J 15J  7J 10J  5J 11J 13J 12J  8J 14J 20J  9J 19J
  1T   1   1   1   1   0   0   0   0   0   0   0   0   1   1   1   1   0   0   0   0
  2T   1   1   1   1   1   1   1   1   1   1   1   1   1   1   1   1   1   1   1   1
  3T   1   1   1   1   1   1   0   0   0   0   0   0   0   0   0   0   0   0   0   0
  4T   1   1   1   1   1   1   1   0   0   0   0   0   0   0   0   0   0   0   0   0
  5T   0   0   0   0   0   0   0   1   1   1   1   1   1   1   1   1   0   0   0   0
  6T   1   1   1   1   1   1   1   1   1   1   1   1   1   1   1   1   1   1   0   0
  7T   1   1   1   1   1   1   1   1   1   1   1   0   0   0   0   0   0   0   0   0
  8T   1   1   1   1   1   1   1   1   1   1   1   1   1   1   1   1   1   1   1   0
  9T   0   0   0   0   0   1   1   1   1   1   1   1   1   1   1   1   0   0   0   0
 10T   1   1   1   1   1   1   1   0   0   0   0   0   0   0   0   0   0   0   0   0
 11T   0   0   0   0   0   0   0   0   0   0   0   0   0   1   1   1   1   1   1   0
 12T   1   1   1   1   1   1   1   1   1   1   0   0   0   0   0   0   0   0   0   0
 13T   0   0   0   0   0   0   0   0   0   0   0   0   0   0   1   1   1   1   1   0
 14T   0   0   0   0   0   0   0   0   0   0   0   0   0   0   0   0   1   0   0   0
 15T   0   0   0   0   1   1   0   0   0   0   0   0   0   0   0   0   0   0   0   0
 16T   0   0   0   0   0   0   0   0   0   0   1   1   0   0   0   0   0   0   0   0
 17T   0   0   0   0   0   0   0   0   1   1   1   1   1   1   1   1   1   1   1   1
 18T   0   0   0   0   0   0   1   1   1   1   1   1   1   1   1   1   1   1   1   1
 19T   1   1   1   1   1   0   0   0   0   0   0   0   0   0   0   0   1   1   1   1
 20T   0   0   0   0   0   0   1   1   1   1   1   1   1   1   0   0   0   0   0   0
