Number of Tool Switches: 28 

Time elapsed: 8.237368 
Tool Sequence:
     17J  5J 20J 11J  6J 16J 12J  8J  1J  7J  4J 15J 13J  2J 19J  9J  3J 18J 10J 14J
  1T   0   0   0   0   0   0   0   0   0   0   1   1   1   1   1   1   1   0   0   0
  2T   0   0   0   0   0   0   0   0   0   0   0   0   1   0   0   0   0   0   0   0
  3T   1   1   1   1   1   1   1   1   1   1   1   1   1   1   1   1   1   1   1   0
  4T   1   1   1   1   1   1   1   1   1   1   1   1   0   0   0   0   0   0   0   0
  5T   1   1   1   1   1   1   1   1   1   0   0   0   0   0   0   0   0   0   0   0
  6T   0   0   0   0   0   0   0   0   0   0   0   0   0   0   1   1   1   1   1   1
  7T   0   0   0   1   1   1   1   1   1   1   1   1   0   0   0   0   0   0   0   0
  8T   1   1   1   1   1   1   1   1   1   1   1   1   1   0   0   0   0   0   0   0
  9T   0   0   0   0   0   1   1   1   1   1   1   1   1   1   1   1   1   1   0   0
 10T   1   1   1   0   0   0   0   0   0   0   0   0   0   0   0   0   0   0   0   0
 11T   1   1   1   1   1   1   1   1   1   1   0   0   0   0   0   0   0   0   0   0
 12T   1   1   1   0   0   0   0   0   0   0   0   0   0   0   0   1   1   1   1   0
 13T   1   1   1   1   1   1   1   1   1   1   1   1   1   1   1   1   1   1   1   1
 14T   0   0   0   0   1   1   1   1   1   1   1   1   1   1   1   1   1   1   0   0
 15T   0   0   0   1   1   1   1   1   1   1   1   1   1   1   1   1   0   0   0   0
 16T   0   0   0   0   0   0   1   1   1   1   1   1   1   1   1   1   0   0   0   0
 17T   1   1   1   1   1   0   0   0   0   0   0   0   0   0   0   0   0   0   1   1
 18T   1   1   1   1   1   1   1   1   1   1   1   1   1   1   1   1   1   1   0   0
 19T   0   0   0   0   0   0   0   0   0   1   1   1   1   1   1   1   1   1   1   0
 20T   1   1   1   1   1   1   1   1   1   1   1   1   1   1   1   1   1   0   0   0
 21T   1   1   1   1   1   1   0   0   0   0   0   0   0   0   0   0   0   0   0   0
 22T   1   1   1   1   1   1   1   1   1   1   1   1   1   1   1   1   1   1   1   0
 23T   1   1   1   1   1   1   1   1   1   1   1   1   1   1   1   1   1   1   0   0
 24T   0   0   0   0   0   0   0   0   0   0   0   0   0   0   0   0   1   1   1   0
 25T   1   1   1   1   0   0   0   0   0   0   0   0   1   1   0   0   0   0   0   0
