Number of Tool Switches: 72 

Time elapsed: 12.958426 
Tool Sequence:
      5J 16J  8J 11J  7J  4J  6J 19J 17J 12J 20J  1J  9J 15J 14J 18J 13J 10J  2J  3J
  1T   0   0   0   0   1   1   1   1   1   1   1   1   1   1   1   1   1   1   1   1
  2T   0   1   1   1   0   0   0   1   0   0   0   0   1   1   1   1   1   1   0   0
  3T   1   1   1   0   0   1   1   0   0   0   0   0   1   0   0   0   0   1   1   1
  4T   1   1   1   1   0   0   0   1   1   1   1   1   1   1   1   1   1   1   1   1
  5T   1   1   0   0   0   0   0   0   1   1   0   0   1   1   1   1   1   1   1   0
  6T   0   0   0   0   0   0   1   1   1   0   0   0   0   1   1   1   1   0   0   0
  7T   1   1   1   1   1   0   0   0   0   0   1   1   1   0   0   0   1   1   1   0
  8T   0   1   1   1   1   0   0   0   1   1   1   1   1   1   0   0   0   0   0   1
  9T   0   0   0   1   1   1   1   0   0   1   1   1   1   0   0   1   0   0   0   1
 10T   1   1   1   1   1   1   1   1   1   1   1   1   0   1   1   0   0   0   1   0
 11T   1   1   1   1   1   1   0   0   0   0   0   0   0   0   0   1   1   0   0   1
 12T   1   1   1   1   1   1   1   0   0   0   1   1   1   1   1   1   1   1   1   0
 13T   1   0   0   0   0   0   0   0   0   1   1   0   0   1   1   1   1   1   1   1
 14T   0   1   1   1   0   1   1   1   1   1   1   1   0   0   1   0   0   0   0   0
 15T   0   0   0   1   1   1   1   1   1   1   1   0   0   0   1   1   1   1   1   1
 16T   1   1   1   1   1   1   1   0   1   1   0   0   0   0   1   1   1   1   0   0
 17T   1   0   0   1   0   1   1   1   0   0   0   0   0   1   1   1   1   1   1   1
 18T   0   0   1   1   1   1   1   1   1   0   0   0   0   0   0   0   1   0   1   0
 19T   1   1   0   0   0   0   0   0   0   1   1   1   1   1   1   1   1   0   0   0
 20T   1   1   1   1   1   0   0   1   1   1   1   1   0   0   0   0   0   1   1   1
 21T   1   1   1   0   0   1   1   1   1   1   1   1   1   0   0   0   0   0   0   1
 22T   1   0   0   0   1   0   1   1   1   1   1   1   1   1   1   1   0   1   1   1
 23T   0   1   1   1   1   1   0   1   1   0   0   1   1   1   1   1   1   1   1   1
 24T   1   0   0   0   1   1   1   1   1   1   1   1   1   1   0   0   0   0   0   0
 25T   0   0   1   0   1   1   1   1   0   0   0   1   1   1   0   0   0   1   1   1
