Number of Tool Switches: 27 

Time elapsed: 1.613936 
Tool Sequence:
      3J  4J  7J  9J  8J 12J 15J 20J  1J 17J 10J 11J 13J  6J 19J 16J 18J  5J  2J 14J
  1T   0   0   0   0   0   0   0   0   0   1   1   1   1   1   1   1   1   1   1   0
  2T   0   0   0   0   0   0   0   0   0   0   0   0   0   0   0   1   1   0   0   0
  3T   1   1   1   1   1   1   1   1   1   0   0   0   0   0   0   1   0   0   0   0
  4T   1   1   1   0   0   0   0   0   0   0   0   0   0   0   0   0   0   0   0   0
  5T   0   0   0   0   0   0   0   0   0   0   0   0   1   0   0   0   0   0   0   0
  6T   0   0   0   0   0   0   0   0   0   0   0   0   0   0   0   0   0   0   0   1
  7T   0   0   0   0   0   0   0   0   0   0   0   0   0   0   0   0   0   1   1   1
  8T   0   0   0   0   0   0   0   0   1   1   1   1   0   0   1   0   0   0   0   0
  9T   0   0   1   1   1   1   1   1   0   0   0   0   0   0   0   0   0   0   0   0
 10T   0   0   0   0   0   0   0   0   0   1   1   1   1   0   0   0   0   0   0   0
 11T   1   0   0   0   0   0   0   0   0   0   0   0   0   0   1   1   1   1   0   0
 12T   0   1   1   1   1   1   1   1   1   0   0   0   0   0   0   0   0   0   0   0
 13T   0   0   0   0   0   0   1   1   1   1   1   0   0   0   0   0   0   0   0   0
 14T   0   0   0   0   0   1   1   0   0   0   0   0   0   1   1   1   1   0   0   0
 15T   0   0   0   0   0   0   0   1   1   1   1   1   0   0   0   0   1   1   1   1
 16T   0   1   0   0   0   0   0   0   0   0   0   0   0   0   0   0   0   0   1   1
 17T   1   0   0   0   0   0   0   0   0   0   0   0   0   0   0   0   0   0   0   0
 18T   0   0   0   0   1   0   0   0   0   0   0   0   0   0   0   0   0   0   0   0
 19T   1   1   1   1   1   1   0   0   0   0   0   1   1   1   1   0   0   0   0   0
 20T   0   0   0   0   0   0   0   0   0   0   0   0   1   1   0   0   0   0   0   0
