Number of Tool Switches: 27 

Time elapsed: 7.016057 
Tool Sequence:
      1J 19J  6J  9J  4J 11J 10J 12J  3J 14J 17J  8J 15J  5J 18J  2J 20J 13J  7J 16J
  1T   1   1   1   1   1   1   1   1   1   1   1   1   1   1   1   1   1   1   1   0
  2T   0   0   0   0   0   0   0   0   0   0   0   0   0   0   1   1   1   1   1   1
  3T   1   1   1   1   1   1   1   1   0   0   0   0   0   0   0   0   0   0   0   0
  4T   0   0   0   0   1   1   1   1   1   1   1   1   1   1   1   1   1   1   0   0
  5T   1   1   1   1   1   1   1   1   1   1   1   1   1   1   1   0   0   0   0   0
  6T   1   1   1   1   1   1   0   0   0   0   0   0   0   0   0   0   0   0   0   0
  7T   1   1   1   1   1   1   1   1   1   1   0   0   0   0   0   0   0   0   0   0
  8T   0   0   0   0   0   0   1   1   1   1   1   1   1   1   1   1   0   0   0   0
  9T   1   1   1   0   0   0   0   0   0   0   1   1   1   1   0   0   0   0   0   0
 10T   1   1   1   1   1   1   1   1   1   1   1   1   1   1   1   1   1   1   0   0
 11T   1   1   1   1   1   1   1   1   1   1   1   1   1   1   1   1   1   1   1   1
 12T   0   0   0   0   0   0   0   0   1   1   1   1   1   1   1   1   1   0   0   0
 13T   1   1   1   1   1   1   1   1   0   0   0   0   0   0   0   0   0   0   0   0
 14T   0   0   0   1   1   1   1   1   1   1   1   1   1   1   1   1   1   1   1   1
 15T   1   1   1   1   1   1   1   1   1   1   1   1   1   1   1   1   1   1   1   1
 16T   1   1   1   1   1   1   1   1   1   1   0   0   0   0   0   0   0   0   0   0
 17T   0   0   0   0   0   0   0   0   0   0   0   0   0   0   0   0   1   0   0   0
 18T   1   1   1   0   0   0   0   0   0   0   0   0   0   0   0   0   0   0   0   0
 19T   1   1   1   1   1   1   1   1   1   1   1   1   1   1   1   1   1   1   1   1
 20T   0   0   0   0   0   0   0   0   0   0   0   0   0   0   0   1   1   1   1   1
 21T   0   0   0   1   0   0   0   0   0   0   0   0   0   0   0   0   0   1   1   1
 22T   0   0   0   0   0   0   0   0   0   0   0   1   1   1   1   1   1   1   1   1
 23T   1   1   1   1   1   1   1   1   1   1   1   1   1   1   1   1   1   1   1   1
 24T   0   0   0   0   0   0   0   0   0   1   1   1   1   1   1   1   1   0   0   0
 25T   1   1   1   1   1   1   1   1   1   1   1   1   1   1   1   1   1   1   0   0
