Number of Tool Switches: 24 

Time elapsed: 8.432914 
Tool Sequence:
     16J 11J 10J 14J 20J 13J  2J  6J 19J  9J 15J  5J  1J 17J 12J 18J  8J  3J  4J  7J
  1T   0   0   0   0   1   1   1   1   1   1   1   1   1   0   0   0   0   0   0   0
  2T   1   1   1   1   1   1   1   1   1   1   1   1   1   1   1   1   1   0   0   0
  3T   0   0   0   0   0   0   0   1   1   1   1   1   1   1   1   1   1   1   1   1
  4T   1   1   1   1   1   1   1   1   1   1   1   1   1   1   1   1   1   1   1   0
  5T   1   1   1   1   1   1   0   0   0   0   0   0   0   1   1   1   1   1   1   1
  6T   1   1   1   1   1   1   1   1   1   1   1   1   1   1   1   1   0   0   0   0
  7T   1   1   1   1   1   1   1   1   1   1   1   0   0   0   0   0   0   0   0   0
  8T   1   1   1   1   1   1   1   1   1   1   1   1   1   1   1   1   1   1   1   1
  9T   1   1   1   1   1   1   1   1   1   1   1   1   1   1   1   1   1   1   1   0
 10T   0   0   0   0   0   0   0   1   1   1   1   1   1   1   1   1   1   1   0   0
 11T   0   0   0   0   0   0   0   0   0   0   0   1   1   1   1   1   1   1   1   0
 12T   1   1   1   1   1   1   1   1   1   1   1   1   0   0   0   0   0   0   0   0
 13T   1   1   1   1   0   0   0   0   0   0   0   0   1   1   1   1   1   1   1   0
 14T   1   1   1   1   1   1   1   0   0   0   0   0   0   0   0   0   0   1   1   1
 15T   1   1   1   1   1   1   1   0   0   0   0   0   0   0   0   0   0   1   1   1
 16T   1   1   1   1   1   1   1   1   1   1   1   1   1   1   1   1   1   0   0   0
 17T   0   0   0   0   0   0   1   1   1   1   1   1   1   1   1   1   1   1   1   1
 18T   1   1   1   1   1   1   1   1   1   1   1   1   1   1   1   1   1   1   0   0
 19T   1   1   1   1   1   1   1   1   1   1   1   1   1   1   1   1   1   0   0   0
 20T   1   1   1   1   1   1   1   1   1   1   1   1   1   1   1   1   1   1   1   1
