Number of Tool Switches: 19 

Time elapsed: 3.668079 
Tool Sequence:
      8J 15J  2J  1J  9J 20J  3J 13J  5J 16J  6J 17J 12J 14J  4J  7J 10J 19J 18J 11J
  1T   0   0   0   0   0   0   0   1   1   1   0   0   0   0   1   1   1   1   1   0
  2T   1   1   1   1   1   1   0   0   0   0   0   0   0   0   0   0   0   0   0   0
  3T   1   1   1   1   1   1   1   1   1   1   1   1   0   0   0   0   0   0   0   0
  4T   1   1   1   1   1   1   1   1   1   0   0   0   0   0   0   0   0   1   1   1
  5T   0   0   0   0   0   0   0   0   0   1   1   1   1   1   1   1   1   1   1   1
  6T   1   1   1   1   1   1   1   1   1   1   1   1   1   1   1   1   1   1   1   1
  7T   1   1   1   1   1   1   1   0   0   0   0   0   0   0   0   0   1   1   1   1
  8T   1   1   1   1   1   1   1   1   1   1   1   1   1   1   1   1   1   1   1   0
  9T   0   0   0   1   1   1   1   1   1   1   1   1   1   1   1   1   1   1   1   1
 10T   0   0   0   0   0   0   1   1   1   1   1   1   1   1   1   1   0   0   0   0
 11T   0   0   0   0   0   0   0   0   0   0   1   1   1   1   1   1   1   1   1   1
 12T   1   1   1   1   1   1   1   1   1   1   1   1   1   1   0   0   0   0   0   0
 13T   1   1   1   1   1   1   1   1   1   1   1   1   1   1   1   1   1   1   1   1
 14T   1   1   1   0   0   0   0   0   0   0   0   0   0   1   1   1   1   0   0   0
 15T   1   1   1   1   1   1   1   1   1   1   1   1   1   1   1   1   1   1   1   0
