Number of Tool Switches: 22 

Time elapsed: 8.663756 
Tool Sequence:
     11J  8J 18J  5J 21J 23J  4J 25J  6J  3J 22J 17J 20J 10J 24J 14J  9J  2J  7J 12J 16J  1J 19J 13J 15J
  1T   1   1   1   1   1   1   1   1   1   1   1   1   1   1   1   1   1   1   1   1   1   1   1   1   0
  2T   1   1   1   1   1   1   1   1   1   1   1   1   1   1   1   1   1   1   1   1   1   1   0   0   0
  3T   0   0   0   0   0   0   0   0   0   0   1   1   1   1   1   1   1   1   1   1   1   1   1   1   1
  4T   0   0   0   0   0   0   0   0   0   0   0   1   1   1   1   1   1   1   1   1   1   1   1   1   0
  5T   1   1   1   1   1   1   1   1   1   1   1   1   1   1   1   1   1   1   1   1   1   1   1   1   0
  6T   1   1   1   1   1   1   1   1   1   1   1   1   1   1   1   1   1   1   1   1   1   1   1   1   1
  7T   1   1   1   1   1   1   1   1   1   1   1   1   1   1   1   1   1   1   0   0   0   0   0   0   0
  8T   1   1   1   1   1   1   1   1   1   1   1   0   0   0   0   0   0   0   0   0   0   0   1   1   1
  9T   1   1   1   1   1   1   1   1   1   1   1   1   1   1   1   1   1   1   1   1   1   1   1   1   0
 10T   1   1   1   1   1   1   1   1   1   1   0   0   0   0   0   0   0   0   0   0   0   1   1   1   1
 11T   1   1   1   1   1   1   1   1   1   1   1   1   1   1   1   1   1   1   1   1   1   1   1   1   1
 12T   0   0   0   0   0   0   0   0   0   0   0   0   0   0   0   0   0   0   1   1   1   1   1   1   1
 13T   1   1   1   1   1   1   1   1   1   1   1   1   1   0   0   0   0   0   0   0   0   0   0   0   0
 14T   1   1   1   1   1   1   1   1   1   1   1   1   1   1   1   1   1   1   1   0   0   0   0   0   0
 15T   1   1   1   1   1   1   1   1   1   1   1   1   1   1   1   1   1   1   1   1   1   1   1   1   1
 16T   1   1   1   1   1   1   1   1   1   1   1   1   1   1   1   1   1   1   1   1   1   1   1   1   1
 17T   1   1   1   1   1   1   1   1   1   1   1   1   1   1   1   1   1   1   1   1   0   0   0   0   0
 18T   1   1   1   1   1   1   1   1   1   1   1   1   1   1   1   1   1   1   1   1   1   1   1   0   0
 19T   0   0   0   0   0   0   0   0   0   0   0   0   0   1   1   1   1   1   1   1   1   1   1   0   0
 20T   0   0   0   0   0   0   0   0   0   0   0   0   0   0   0   0   0   0   0   1   1   1   1   1   1
