Instancias/B2/1.txt                                          	    22 	 0.843273696000 0.005506592000 1
Instancias/B2/2.txt                                          	    25 	 1.702415515000 0.010199603000 1
Instancias/B2/3.txt                                          	    22 	 1.329923565000 0.075630240000 11
Instancias/B2/4.txt                                          	    20 	 1.475380396000 0.033660450000 4
Instancias/B2/5.txt                                          	    23 	 1.413481192000 0.010008254000 1
Instancias/B2/6.txt                                          	    22 	 1.773874730000 0.316538903000 37
Instancias/B2/7.txt                                          	    18 	 0.772721448000 0.003653459000 1
Instancias/B2/8.txt                                          	    21 	 1.537671881000 0.013848972000 1
Instancias/B2/9.txt                                          	    21 	 1.316368069000 0.013433390000 1
Instancias/B2/10.txt                                         	    23 	 1.674237754000 0.100742647000 12
