                            B2/1.txt                          	    22 	 1.154195253000 0.162959172000 1
                            B2/2.txt                          	    25 	 1.728939466000 0.185098876000 2
                            B2/3.txt                          	    22 	 1.214932987000 0.077937395000 3
                            B2/4.txt                          	    20 	 1.277456856000 0.090406817000 1
                            B2/5.txt                          	    23 	 1.395832585000 0.200544706000 1
                            B2/6.txt                          	    22 	 1.634868338000 0.206660421000 12
                            B2/7.txt                          	    18 	 0.361552495000 0.005073961000 2
                            B2/8.txt                          	    21 	 1.492990183000 0.088583822000 2
                            B2/9.txt                          	    21 	 1.328302247000 0.080537140000 1
                            B2/10.txt                         	    23 	 1.465280224000 0.094903941000 5
