Instancias/B2/1.txt                                          	    22 	 1.256631300000 0.009639886000 1
Instancias/B2/2.txt                                          	    25 	 1.933939307000 0.015229344000 1
Instancias/B2/3.txt                                          	    22 	 1.412347668000 0.014178047000 2
Instancias/B2/4.txt                                          	    20 	 1.389294588000 0.013344707000 1
Instancias/B2/5.txt                                          	    23 	 1.536570354000 0.008618879000 1
Instancias/B2/6.txt                                          	    22 	 1.649737820000 0.022081974000 1
Instancias/B2/7.txt                                          	    18 	 0.771639100000 0.011792202000 3
Instancias/B2/8.txt                                          	    21 	 1.454157639000 0.013771110000 1
Instancias/B2/9.txt                                          	    21 	 1.408507527000 0.014790261000 2
Instancias/B2/10.txt                                         	    23 	 1.405833153000 0.019417781000 2
