Instancias/B1/1.txt                                          	    25 	 1.009783111000 0.013719296000 2
Instancias/B1/2.txt                                          	    32 	 1.060541893000 0.025676895000 7
Instancias/B1/3.txt                                          	    29 	 1.201847968000 0.017594932000 3
Instancias/B1/4.txt                                          	    24 	 1.257268672000 0.020090033000 1
Instancias/B1/5.txt                                          	    26 	 0.934700289000 0.022740378000 3
Instancias/B1/6.txt                                          	    27 	 0.884191761000 0.016736559000 2
Instancias/B1/7.txt                                          	    21 	 0.567332964000 0.006026098000 1
Instancias/B1/8.txt                                          	    28 	 0.789934101000 0.005804124000 1
Instancias/B1/9.txt                                          	    25 	 0.667714433000 0.007937157000 2
Instancias/B1/10.txt                                         	    28 	 0.813439172000 0.035679365000 8
