Instancias/B1/1.txt                                          	    25 	 0.926598635000 0.019621488000 4
Instancias/B1/2.txt                                          	    32 	 0.942233526000 0.036022573000 7
Instancias/B1/3.txt                                          	    29 	 1.077996551000 0.079028501000 11
Instancias/B1/4.txt                                          	    24 	 1.084935408000 1.067640400000 196
Instancias/B1/5.txt                                          	    26 	 1.196769545000 0.027615403000 4
Instancias/B1/6.txt                                          	    27 	 1.341056146000 0.516737731000 80
Instancias/B1/7.txt                                          	    21 	 0.849345874000 0.005596567000 1
Instancias/B1/8.txt                                          	    28 	 1.218548198000 0.009398286000 1
Instancias/B1/9.txt                                          	    25 	 1.322489118000 0.016508518000 2
Instancias/B1/10.txt                                         	    28 	 1.096867692000 0.010422389000 1
