Number of Tool Switches: 26 

Time elapsed: 1.795008 
Tool Sequence:
     16J 18J  4J  3J  6J  9J 11J  2J  8J 17J 13J  1J 14J 19J  5J 12J 10J 15J 20J  7J
  1T   0   0   0   0   0   1   1   1   1   1   0   0   0   0   0   1   1   1   1   1
  2T   1   1   1   1   1   1   0   0   0   0   0   0   0   0   0   0   0   0   0   0
  3T   0   0   0   0   0   0   0   0   0   0   1   1   0   0   0   0   0   0   1   0
  4T   0   0   0   0   0   0   0   1   1   1   1   0   0   0   0   0   0   0   0   0
  5T   0   0   0   1   1   0   0   0   0   0   0   0   0   1   1   1   1   0   0   0
  6T   0   0   0   0   0   0   0   0   0   0   0   1   1   1   1   1   0   0   0   0
  7T   1   0   0   0   1   1   1   0   0   0   0   0   0   0   1   0   0   0   0   0
  8T   1   1   1   1   1   1   1   1   0   0   0   0   0   0   0   0   0   0   0   0
  9T   1   1   1   0   0   0   0   0   0   0   0   0   1   0   0   0   1   1   1   1
 10T   0   0   0   1   1   1   1   1   1   1   1   1   1   1   1   0   0   0   0   1
 11T   0   1   1   0   0   0   0   0   0   1   1   1   1   1   0   0   0   0   0   1
 12T   0   0   0   0   0   0   0   0   1   1   1   1   1   1   1   1   1   1   0   0
 13T   0   0   0   0   0   0   1   1   1   0   0   0   0   0   0   0   0   0   0   0
 14T   0   0   0   0   0   0   0   0   0   0   0   0   0   0   0   0   0   1   1   1
 15T   1   1   1   1   0   0   0   0   0   0   0   0   0   0   0   1   1   1   1   0
