Number of Tool Switches: 25 

Time elapsed: 6.117145 
Tool Sequence:
      4J 11J  3J 15J  8J  1J 18J  7J 14J  5J  2J 17J 20J 10J 16J 13J  9J  6J 12J 19J
  1T   1   1   1   1   1   1   1   1   1   1   1   1   1   1   1   1   1   1   1   1
  2T   1   1   1   1   1   1   1   1   1   1   1   1   1   1   1   1   1   1   1   1
  3T   1   1   1   1   1   1   1   1   1   1   1   0   0   0   0   0   0   0   0   0
  4T   1   1   1   1   1   1   1   1   1   1   1   1   1   1   1   1   1   0   0   0
  5T   1   1   1   1   1   1   1   1   1   1   1   1   1   1   1   1   1   1   1   1
  6T   1   1   1   1   1   0   0   0   0   0   0   0   0   0   0   0   0   0   0   0
  7T   1   1   1   1   1   1   1   1   1   1   1   1   1   1   1   1   1   1   1   0
  8T   1   1   1   1   1   1   1   1   1   1   1   1   1   1   1   1   1   1   0   0
  9T   0   0   0   0   0   0   0   0   0   0   0   0   0   0   0   0   1   1   1   1
 10T   1   1   1   1   1   1   1   1   1   1   1   1   1   1   1   1   1   1   1   1
 11T   1   1   1   1   1   1   1   0   0   0   0   0   0   0   0   0   0   0   0   0
 12T   1   1   1   1   1   1   1   1   1   1   1   1   1   1   1   1   1   1   1   0
 13T   0   0   0   0   0   0   1   1   1   1   1   1   1   1   1   1   1   1   1   1
 14T   1   1   1   1   1   1   1   1   1   1   1   1   1   1   1   1   1   1   1   1
 15T   0   0   0   0   0   0   0   0   0   0   0   0   0   1   1   1   1   1   1   1
 16T   1   1   1   1   1   1   1   1   1   1   1   1   1   1   1   1   1   0   0   0
 17T   1   1   1   1   1   1   1   1   1   1   1   1   1   1   1   1   1   0   0   0
 18T   1   1   1   1   1   1   1   1   1   1   1   1   1   1   1   1   0   0   0   0
 19T   1   1   1   1   1   1   1   1   1   1   1   1   1   1   1   1   1   1   1   0
 20T   0   0   0   0   0   0   0   0   0   0   0   0   0   0   0   1   1   1   1   0
 21T   1   1   1   1   1   1   1   1   1   1   1   1   1   1   1   1   1   1   1   1
 22T   1   1   1   1   1   1   1   1   1   1   1   1   1   1   0   0   0   0   0   0
 23T   0   0   0   0   0   0   0   0   1   1   1   1   1   1   1   1   0   0   0   0
 24T   1   1   1   1   1   1   1   1   1   1   1   1   1   1   1   1   1   1   1   1
 25T   1   1   1   1   1   1   1   1   1   1   1   1   1   1   1   1   1   0   0   0
