Number of Tool Switches: 21 

Time elapsed: 4.854427 
Tool Sequence:
     18J  7J  4J  6J 19J  1J 14J  2J  8J 15J 13J  9J 12J 16J 20J 10J 17J 11J  3J  5J
  1T   1   1   1   0   0   0   0   0   0   0   0   0   0   0   0   0   0   0   0   0
  2T   1   1   1   1   1   1   1   1   1   1   1   1   1   1   1   0   0   0   0   0
  3T   1   1   1   1   1   1   1   1   1   1   1   1   0   0   0   0   0   0   0   0
  4T   0   0   0   0   0   1   1   1   1   1   1   1   1   0   0   0   0   0   0   0
  5T   0   0   0   0   0   0   0   0   0   0   0   0   0   0   1   1   1   1   1   1
  6T   0   0   0   0   0   0   0   0   0   0   0   0   0   0   0   0   1   0   0   0
  7T   0   0   0   0   0   0   0   0   0   0   1   1   1   1   1   1   1   0   0   0
  8T   0   0   0   0   0   0   0   0   0   1   0   0   0   0   0   0   0   0   0   0
  9T   0   0   0   0   0   0   0   1   1   1   1   1   1   1   1   0   0   0   0   0
 10T   0   0   0   0   0   0   1   1   1   1   1   1   1   1   0   0   0   0   0   0
 11T   1   1   1   1   1   1   1   1   1   1   1   0   0   0   0   0   0   0   0   0
 12T   0   0   0   0   0   0   0   0   0   0   0   0   0   1   0   0   0   0   0   0
 13T   1   1   1   1   1   1   1   0   0   0   0   0   0   0   0   0   0   0   0   1
 14T   1   1   1   1   1   1   1   1   1   1   1   1   1   1   1   1   1   1   1   0
 15T   1   1   1   1   1   1   1   1   0   0   0   0   0   0   0   0   0   0   0   0
 16T   1   1   1   1   1   1   1   1   1   1   1   1   1   1   1   1   1   1   0   0
 17T   1   1   1   1   1   1   0   0   0   0   0   0   0   0   0   0   0   0   0   0
 18T   0   0   0   0   1   1   1   1   1   1   1   1   1   1   1   1   1   1   1   0
 19T   0   0   0   0   0   0   0   0   0   0   0   1   1   1   0   0   0   0   0   0
 20T   1   1   1   1   0   0   0   0   0   0   0   0   0   0   0   0   0   0   0   0
