Number of Tool Switches: 23 

Time elapsed: 7.323957 
Tool Sequence:
     16J  1J 18J 14J  8J 17J  3J 15J 13J  5J 11J  9J  6J 20J 10J 12J 19J  4J  2J  7J
  1T   0   0   0   0   0   0   0   1   1   1   1   1   1   1   1   1   1   1   1   1
  2T   1   1   1   1   1   1   1   0   0   0   0   0   0   0   0   0   1   1   1   1
  3T   1   1   1   1   1   1   1   1   1   1   1   1   1   1   1   1   1   1   1   1
  4T   1   1   1   1   1   1   1   1   1   1   1   1   1   1   1   1   0   0   0   0
  5T   0   0   0   0   0   0   0   1   1   1   1   1   1   1   1   1   1   0   0   0
  6T   0   0   0   0   0   0   0   0   0   0   1   1   1   1   1   1   1   1   1   1
  7T   1   1   1   1   1   1   1   1   1   1   1   1   1   1   1   1   1   0   0   0
  8T   1   1   1   1   0   0   0   0   0   0   0   0   0   0   0   0   0   1   1   1
  9T   1   1   1   1   1   1   0   0   0   0   0   0   0   0   0   1   1   1   1   1
 10T   1   1   1   1   1   1   1   1   1   1   1   1   1   1   1   1   1   1   1   1
 11T   0   0   0   0   1   1   1   1   1   1   1   1   1   1   1   1   1   1   1   0
 12T   1   1   1   1   1   1   1   0   0   0   0   0   0   0   0   0   0   0   0   0
 13T   1   1   1   1   1   1   1   1   1   1   1   1   1   1   1   1   1   1   0   0
 14T   1   1   1   1   1   1   1   1   1   1   1   1   1   1   1   1   1   0   0   0
 15T   1   1   1   1   1   1   1   1   0   0   0   0   0   0   0   0   0   0   0   0
 16T   1   1   1   1   1   1   1   1   1   1   1   1   1   1   1   1   1   1   1   1
 17T   1   1   1   1   1   1   1   1   1   1   1   1   1   1   1   0   0   0   0   0
 18T   1   1   1   1   1   1   1   1   1   1   1   1   1   1   1   1   1   1   1   0
 19T   0   0   0   0   0   0   1   1   1   1   1   1   1   1   1   1   1   1   1   1
 20T   1   1   1   1   1   1   1   1   1   1   1   1   1   1   1   0   0   0   0   0
