Number of Tool Switches: 29 

Time elapsed: 3.637722 
Tool Sequence:
     18J 15J 14J  3J  6J 17J 19J  2J  4J  5J  7J 20J  9J  8J 16J 12J  1J 11J 13J 10J
  1T   0   0   0   0   0   0   0   0   0   0   0   0   0   0   1   0   0   0   0   0
  2T   0   0   0   0   0   0   0   0   0   0   0   0   0   0   0   0   0   0   0   1
  3T   1   1   1   1   1   1   1   1   1   1   1   0   0   0   0   0   0   0   0   0
  4T   1   1   1   1   0   0   0   0   0   0   0   0   1   1   0   0   0   0   0   0
  5T   0   0   0   0   0   0   1   1   1   0   0   0   0   0   0   0   0   0   0   0
  6T   0   0   0   0   0   0   0   0   0   0   0   0   1   0   0   0   0   0   0   0
  7T   0   0   0   0   0   0   0   0   0   0   0   0   0   0   0   1   1   0   0   0
  8T   0   0   0   0   0   0   0   0   0   0   1   1   0   0   0   0   0   0   0   0
  9T   1   1   1   1   0   0   0   0   0   0   0   0   0   1   1   0   0   0   0   0
 10T   0   0   0   0   0   0   0   0   0   0   0   0   0   0   0   0   1   1   0   0
 11T   1   1   1   1   1   1   1   1   1   1   1   1   0   0   0   0   0   0   0   0
 12T   1   1   1   0   0   0   0   0   0   0   0   0   0   0   0   0   0   0   0   0
 13T   0   0   0   0   0   0   0   0   0   1   1   0   0   0   0   0   0   0   0   0
 14T   0   0   0   0   0   0   0   0   0   0   0   0   0   0   0   0   0   0   1   1
 15T   0   0   0   0   0   0   0   0   0   0   0   0   0   0   0   1   1   1   1   0
 16T   0   0   0   0   0   0   0   0   1   0   0   0   0   0   0   0   0   0   0   0
 17T   0   0   0   0   0   0   0   0   0   1   1   1   1   1   1   1   1   1   1   0
 18T   0   0   0   0   1   0   0   0   0   0   0   0   0   0   0   0   0   0   0   0
 19T   0   0   0   1   1   1   1   0   0   0   0   0   0   0   0   0   0   0   1   0
 20T   0   0   0   0   1   1   1   1   0   0   0   0   0   0   0   0   0   0   0   1
 21T   0   0   0   0   0   0   0   0   0   0   0   0   0   0   0   0   0   1   0   0
 22T   0   0   0   0   0   0   0   0   0   0   0   0   0   1   1   1   1   1   1   0
 23T   0   0   0   0   0   0   0   0   0   0   0   1   1   1   1   1   0   0   0   0
 24T   0   0   0   0   0   0   0   0   0   0   0   1   1   0   0   0   0   0   0   0
 25T   0   0   0   0   0   0   0   1   1   0   0   0   0   0   0   0   0   0   0   0
