Number of Tool Switches: 25 

Time elapsed: 4.905555 
Tool Sequence:
      5J 12J 16J 10J  4J  7J  8J 11J 15J 13J 17J  6J  9J  1J 18J 14J 19J  2J 20J  3J
  1T   1   1   1   1   1   1   1   1   1   1   1   1   1   1   1   1   1   1   1   1
  2T   0   0   0   0   0   0   0   0   0   0   1   1   1   1   1   0   0   0   0   0
  3T   1   1   1   1   1   1   1   1   1   1   1   1   1   1   1   1   1   1   0   0
  4T   1   1   1   1   1   1   1   1   1   1   1   1   1   1   1   1   0   0   0   0
  5T   1   1   1   1   1   0   0   0   0   0   0   0   0   0   0   0   0   0   0   0
  6T   1   1   1   1   1   1   1   1   1   1   1   1   1   1   1   1   1   1   1   1
  7T   1   1   1   1   1   1   1   1   1   1   0   0   0   0   0   0   0   0   0   0
  8T   1   1   1   1   1   1   1   1   1   1   1   1   1   1   1   0   0   0   0   0
  9T   1   1   1   1   1   1   1   0   0   0   0   0   0   0   0   0   0   0   0   0
 10T   1   1   1   1   1   1   1   1   1   1   1   1   1   1   1   1   1   1   1   1
 11T   1   1   1   1   1   1   1   1   1   1   1   1   1   1   1   1   1   1   0   0
 12T   0   0   0   0   0   0   0   0   0   0   0   0   1   1   1   1   1   1   0   0
 13T   1   1   1   1   1   1   1   1   1   1   1   1   1   1   1   1   1   1   1   0
 14T   1   1   1   1   1   1   1   1   1   1   1   1   1   1   1   1   1   1   1   0
 15T   1   1   1   1   1   1   1   1   1   1   1   1   1   1   1   1   1   1   1   0
 16T   1   1   1   1   1   1   1   1   1   1   1   1   1   1   1   1   1   1   1   0
 17T   1   1   1   1   1   1   1   1   1   1   1   1   1   1   1   1   1   1   0   0
 18T   1   1   1   1   1   1   1   1   1   1   1   1   1   1   1   1   0   0   0   0
 19T   1   1   1   1   1   1   1   1   1   1   1   1   1   1   1   1   1   1   1   0
 20T   1   1   1   1   1   1   1   1   1   1   1   1   0   0   0   0   0   0   0   0
 21T   0   0   0   0   0   0   0   0   0   0   0   0   0   0   0   0   1   1   1   1
 22T   1   1   1   1   1   1   1   1   1   1   1   1   1   1   1   1   1   1   1   0
 23T   0   0   0   0   0   1   1   1   1   1   1   1   1   1   1   1   1   0   0   0
 24T   1   1   1   1   1   1   1   1   1   1   1   1   1   1   1   1   1   1   1   0
 25T   0   0   0   0   0   0   0   1   1   1   1   1   1   1   1   1   1   1   1   1
