Number of Tool Switches: 32 

Time elapsed: 2.741426 
Tool Sequence:
      7J 13J 20J  9J 16J  6J 15J  2J  3J 14J 10J 19J  4J 11J 12J  1J 17J  8J 18J  5J
  1T   0   0   0   0   0   0   0   0   1   1   1   1   1   0   0   0   0   0   0   0
  2T   0   0   0   0   0   1   1   0   0   0   0   0   0   0   0   0   0   0   1   1
  3T   1   1   0   0   0   0   0   0   0   0   0   0   0   1   0   1   0   0   0   0
  4T   0   0   0   0   0   0   0   0   0   0   1   1   1   1   1   0   0   0   0   1
  5T   1   1   1   1   1   1   1   1   0   0   0   1   0   0   0   0   0   0   0   0
  6T   0   0   0   0   0   0   0   0   0   1   1   1   0   0   0   0   0   0   0   0
  7T   0   0   0   1   1   1   0   0   0   0   0   0   0   0   0   0   1   1   1   0
  8T   0   0   0   0   0   0   0   0   0   0   0   0   0   0   1   1   1   0   0   0
  9T   0   0   0   0   0   0   0   0   0   0   0   0   1   1   0   1   1   1   1   1
 10T   0   0   1   1   0   0   0   0   0   0   0   0   0   0   0   0   0   0   0   0
 11T   0   0   0   0   1   1   1   1   1   1   1   0   0   0   0   0   0   0   0   0
 12T   0   0   0   0   0   0   0   0   0   0   0   0   1   1   1   0   0   0   0   0
 13T   1   1   1   0   0   0   0   0   0   0   0   1   1   1   1   0   0   0   0   0
 14T   1   0   0   0   0   0   1   1   1   1   1   0   0   0   0   1   1   0   0   0
 15T   1   1   1   1   1   0   0   1   1   0   0   0   0   0   0   0   0   0   0   0
 16T   0   0   0   0   1   0   0   0   0   0   0   0   0   0   0   0   0   1   1   1
 17T   0   1   1   1   0   0   0   0   0   0   0   0   0   0   0   0   0   0   0   0
 18T   0   0   0   0   0   0   0   0   0   0   0   0   0   0   0   0   0   0   1   1
 19T   0   0   0   0   0   1   1   1   1   1   0   0   0   0   0   0   0   0   0   0
 20T   0   0   0   0   0   0   0   0   0   0   0   0   0   0   1   1   1   1   0   0
