Number of Tool Switches: 22 

Time elapsed: 4.985990 
Tool Sequence:
     11J 16J 19J  9J 17J  2J  7J 10J 18J  3J  4J  5J 12J 14J 15J  1J 20J 13J  6J  8J
  1T   0   0   0   0   0   0   0   0   0   0   0   0   0   1   1   1   1   1   0   0
  2T   1   1   1   1   1   1   1   1   0   0   0   0   0   0   0   0   0   1   1   1
  3T   1   1   1   1   1   1   1   1   1   1   1   1   1   1   1   1   1   1   1   0
  4T   1   1   1   1   1   1   1   1   1   1   1   1   1   1   1   1   1   1   1   1
  5T   1   1   1   1   1   1   1   1   1   1   1   1   1   1   1   1   1   1   1   0
  6T   1   1   1   1   1   1   1   0   0   0   0   0   0   0   0   0   0   0   0   0
  7T   1   1   1   1   1   1   1   1   1   1   1   1   1   1   1   1   1   0   0   0
  8T   1   1   1   1   1   1   1   1   1   1   1   1   1   0   0   0   0   0   0   0
  9T   1   1   1   1   1   1   1   1   1   1   1   1   1   1   1   1   1   1   1   1
 10T   0   0   0   0   0   0   0   0   0   0   0   0   1   1   1   1   1   1   1   1
 11T   1   1   1   1   1   1   1   1   1   1   1   1   1   1   1   1   1   1   1   1
 12T   1   1   1   1   1   0   0   0   0   0   0   0   0   0   0   0   0   1   1   1
 13T   1   1   1   1   1   1   1   1   1   1   1   1   1   1   1   1   1   1   1   1
 14T   1   1   1   1   1   1   1   1   1   1   1   1   1   1   1   1   1   1   1   0
 15T   0   0   0   0   0   0   0   0   1   1   1   1   1   1   1   1   1   1   1   1
 16T   1   1   1   1   1   1   1   1   1   1   1   1   1   1   1   1   1   1   1   1
 17T   1   1   1   1   1   1   1   1   1   1   1   1   1   1   1   1   1   1   1   0
 18T   0   0   0   0   0   0   0   1   1   0   0   0   0   0   0   0   0   0   0   0
 19T   1   1   1   1   1   1   1   1   1   1   1   1   1   1   1   0   0   0   0   0
 20T   0   0   0   0   0   1   1   1   1   1   1   1   1   1   1   1   1   1   0   0
