Number of Tool Switches: 26 

Time elapsed: 7.042551 
Tool Sequence:
     18J 11J  2J  8J  9J  6J 19J 14J 13J  3J  7J 17J 20J 16J  5J 10J  4J 12J 15J  1J
  1T   0   0   0   0   0   0   0   0   0   0   0   0   0   0   0   0   0   0   1   1
  2T   1   1   1   1   0   0   0   0   0   0   0   0   0   0   0   0   0   0   0   0
  3T   0   0   0   0   0   0   0   0   0   0   0   0   0   0   0   0   1   0   0   0
  4T   1   1   1   1   1   1   0   0   0   0   0   0   0   0   0   0   0   0   0   0
  5T   0   0   0   0   0   0   1   1   1   1   1   1   1   1   1   1   1   1   1   0
  6T   0   0   0   0   0   0   0   1   1   1   0   0   0   0   0   0   0   0   0   0
  7T   0   0   0   0   0   0   0   0   1   1   1   1   1   1   1   1   1   1   1   0
  8T   0   0   0   0   0   1   1   0   0   0   0   0   0   0   0   0   0   0   0   0
  9T   1   1   1   1   0   0   0   0   0   0   0   1   1   1   1   1   0   0   0   0
 10T   0   0   0   0   0   0   0   0   0   0   0   0   0   0   0   0   0   1   1   1
 11T   0   0   0   0   1   0   0   0   0   0   0   0   0   0   0   0   0   0   0   0
 12T   0   0   0   0   1   1   1   1   1   1   1   1   1   1   1   1   1   0   0   0
 13T   1   1   1   1   1   1   1   1   1   1   1   1   1   1   1   1   1   1   0   0
 14T   1   1   1   1   1   1   1   1   1   0   0   0   0   0   0   0   0   0   0   0
 15T   1   1   1   1   1   1   1   1   1   1   1   1   1   1   1   1   0   0   0   0
 16T   0   0   0   0   0   0   0   0   1   1   1   1   1   0   0   0   0   0   0   0
 17T   0   0   0   0   0   0   0   0   0   0   0   0   0   0   1   1   1   0   0   0
 18T   0   0   0   0   0   1   1   1   1   1   1   1   1   1   1   1   1   1   1   1
 19T   1   1   1   1   1   1   1   1   1   1   1   1   1   1   0   0   0   0   0   0
 20T   1   1   1   1   1   0   0   0   0   0   0   0   0   0   0   0   0   0   0   0
 21T   0   0   0   0   0   0   0   0   0   1   1   1   1   1   1   1   1   1   1   0
 22T   0   0   0   1   1   1   1   1   0   0   0   0   0   0   0   0   0   0   0   0
 23T   1   1   0   0   0   0   0   0   0   0   0   0   0   0   0   0   0   0   0   0
 24T   0   0   0   0   0   0   0   0   0   0   0   0   0   1   1   1   1   1   0   0
 25T   1   1   1   1   1   0   0   0   0   0   0   0   0   0   0   0   0   0   0   0
