Number of Tool Switches: 24 

Time elapsed: 2.030864 
Tool Sequence:
     14J 20J 10J  6J  3J  2J 13J 16J  4J  5J 17J  8J  1J 15J  9J 18J 11J 19J 12J  7J
  1T   0   0   0   0   0   0   0   0   0   0   0   1   1   0   1   1   1   1   1   1
  2T   0   0   0   0   0   0   1   0   0   0   0   0   0   0   0   1   1   0   0   0
  3T   1   1   1   1   1   1   1   1   1   0   0   0   0   0   1   0   0   0   0   0
  4T   0   0   0   0   1   1   1   1   1   1   1   1   1   1   1   1   0   0   0   0
  5T   1   1   1   1   1   0   0   0   0   0   0   0   0   0   0   0   1   1   1   0
  6T   0   0   0   0   0   1   1   1   0   0   0   0   0   0   0   0   0   0   0   1
  7T   0   0   0   0   0   0   0   0   0   1   1   0   0   0   0   0   0   0   0   0
  8T   0   0   0   0   0   0   0   0   1   1   0   0   0   0   0   0   0   0   0   0
  9T   0   0   0   0   0   0   0   0   0   0   0   0   0   1   1   1   1   1   1   1
 10T   0   0   1   1   0   0   0   0   0   0   0   0   0   0   0   0   0   0   1   1
 11T   0   0   0   0   0   0   0   0   0   0   0   0   0   1   1   1   1   1   0   0
 12T   1   1   1   1   1   1   1   1   1   1   1   1   1   1   0   0   0   0   0   0
 13T   0   0   0   0   0   0   0   0   0   0   0   0   0   0   0   0   0   0   1   1
 14T   1   1   0   1   1   1   0   0   0   0   0   0   0   0   0   0   0   1   0   0
 15T   1   1   1   0   0   0   0   1   1   1   1   1   1   1   0   0   0   0   0   0
