Number of Tool Switches: 15 

Time elapsed: 1.981361 
Tool Sequence:
     19J 13J  8J 16J  6J  4J 10J  3J  5J  7J 17J 18J 11J 12J  2J 14J  1J 20J 15J  9J
  1T   1   1   1   1   1   1   1   1   1   1   1   1   1   1   1   1   1   1   1   0
  2T   1   1   1   1   1   1   1   0   0   0   0   0   0   0   0   0   0   0   0   0
  3T   0   0   0   0   0   0   0   0   0   0   0   1   1   1   1   1   1   1   0   0
  4T   1   1   1   1   1   1   1   1   1   1   1   1   1   1   0   0   0   0   0   0
  5T   0   0   0   0   0   0   0   0   1   1   1   1   1   1   1   1   1   1   1   0
  6T   0   0   0   0   0   0   0   0   0   0   0   0   0   1   1   1   1   1   1   1
  7T   1   1   1   1   1   1   1   1   1   1   1   0   0   0   0   0   0   0   0   0
  8T   1   1   1   1   1   1   1   1   1   1   1   1   1   1   1   1   1   1   1   1
  9T   1   1   1   1   1   1   1   1   1   1   1   1   1   1   1   1   1   0   0   0
 10T   1   1   1   1   1   1   1   1   1   1   1   1   1   1   1   1   1   1   0   0
 11T   1   1   1   0   0   0   0   0   0   0   0   0   0   0   0   0   0   0   0   0
 12T   1   1   1   1   1   1   1   1   1   1   1   1   1   0   0   0   0   0   0   0
 13T   0   0   0   0   0   0   0   0   1   1   1   1   1   1   1   1   1   1   1   0
 14T   0   0   0   0   0   0   0   1   1   1   1   1   1   1   1   1   1   1   1   1
 15T   1   1   1   1   1   1   0   0   0   0   0   0   0   0   0   0   0   0   0   0
