Number of Tool Switches: 25 

Time elapsed: 3.252008 
Tool Sequence:
     11J 10J  3J 15J 20J  7J 19J  2J  1J 16J  8J 12J  9J 18J  5J 17J 14J  4J  6J 13J
  1T   0   0   0   1   1   1   1   0   0   0   0   0   0   0   0   0   0   0   0   1
  2T   1   1   1   1   1   0   0   0   0   0   0   0   0   0   0   0   0   0   0   0
  3T   0   0   0   1   1   1   0   0   0   0   0   0   0   0   0   0   0   0   0   0
  4T   0   0   0   0   0   0   0   0   0   1   1   1   1   1   0   0   0   0   0   0
  5T   0   0   0   0   1   1   0   0   0   0   0   0   0   0   0   0   0   0   0   1
  6T   0   0   0   0   0   0   0   0   0   0   0   0   0   0   0   0   0   0   1   0
  7T   0   0   0   0   0   0   0   0   0   0   0   0   0   0   0   0   0   1   1   1
  8T   0   0   0   0   0   0   0   0   0   0   0   0   0   0   1   1   1   0   0   0
  9T   0   0   0   0   0   0   0   0   0   0   1   1   1   0   0   0   0   0   0   0
 10T   1   1   1   0   0   0   0   0   0   0   0   0   1   1   1   1   0   0   0   0
 11T   0   0   0   0   0   0   0   1   0   0   0   0   0   0   0   0   0   0   0   0
 12T   0   0   0   0   0   1   1   1   1   1   1   1   0   0   0   0   0   0   0   0
 13T   1   1   1   1   0   0   0   0   0   0   0   0   0   0   0   0   0   0   0   0
 14T   0   0   0   0   0   0   0   0   0   0   0   0   0   1   1   1   1   1   0   0
 15T   1   1   0   0   0   0   0   0   0   0   0   0   0   0   0   0   0   0   0   0
 16T   0   0   0   0   1   1   1   1   1   1   1   0   0   0   0   0   0   0   0   0
 17T   1   1   1   0   0   0   1   1   1   1   0   0   0   0   0   0   0   0   0   0
 18T   0   0   1   1   0   0   0   0   0   0   0   0   0   0   0   0   0   0   1   1
 19T   0   0   0   0   0   0   1   1   1   1   1   1   1   1   1   1   1   1   1   1
 20T   0   0   0   0   0   0   0   0   0   0   0   1   1   1   1   1   1   1   1   0
