Number of Tool Switches: 32 

Time elapsed: 17.101264 
Tool Sequence:
     18J 19J  8J 11J 15J 12J  9J 13J  2J 17J 14J  3J  6J  5J  1J  4J  7J 10J 20J 16J
  1T   1   1   1   1   1   1   1   1   1   1   1   1   1   1   1   1   1   1   1   1
  2T   1   1   1   1   0   0   0   0   0   0   0   0   1   1   1   0   0   0   0   0
  3T   0   0   0   0   0   0   0   0   1   1   1   1   1   1   1   1   1   1   1   1
  4T   1   1   1   1   1   0   0   0   0   0   0   0   0   0   1   1   1   1   1   1
  5T   0   0   0   0   0   1   1   1   1   0   0   0   0   0   0   0   0   1   0   0
  6T   1   1   1   1   1   1   1   1   1   1   1   1   1   1   1   1   1   1   1   1
  7T   0   0   0   1   1   1   1   1   1   1   1   1   1   1   1   1   0   0   0   0
  8T   1   1   1   1   1   1   1   1   1   1   1   1   1   0   0   0   0   0   0   0
  9T   0   0   0   0   0   0   0   0   0   0   1   1   1   1   1   1   1   0   0   0
 10T   1   1   1   1   1   1   1   1   1   0   0   0   0   0   0   0   0   1   1   1
 11T   1   1   1   1   1   1   1   1   1   1   1   1   1   1   1   1   1   1   1   1
 12T   1   1   1   0   0   0   0   0   0   0   0   0   0   0   0   0   1   1   1   1
 13T   1   1   1   1   1   1   1   1   1   1   1   1   1   1   0   0   0   0   0   0
 14T   0   0   0   1   1   1   1   1   1   1   0   0   0   0   0   0   0   0   0   0
 15T   0   0   0   0   1   1   1   1   0   0   0   0   0   1   1   1   1   1   1   1
 16T   0   0   0   0   0   0   0   0   0   0   0   1   1   1   1   1   1   1   1   0
 17T   0   0   0   0   0   0   1   1   1   1   1   1   1   1   1   1   1   1   1   0
 18T   1   1   1   0   0   0   0   0   0   0   0   0   0   0   0   1   1   1   0   0
 19T   1   1   1   1   1   1   1   1   1   1   1   1   1   1   1   1   1   1   1   0
 20T   0   0   0   0   0   0   0   0   0   1   1   1   1   1   1   1   1   1   1   1
 21T   1   1   1   1   1   1   1   1   1   1   1   1   1   1   1   1   1   1   0   0
 22T   1   1   1   1   1   1   0   0   0   0   0   0   0   0   0   0   0   0   0   0
 23T   1   1   1   1   1   1   1   1   1   1   0   0   0   0   0   0   0   0   0   0
 24T   1   1   1   1   1   1   1   1   1   1   1   1   1   1   1   1   0   0   0   0
 25T   0   0   0   0   0   0   0   0   0   1   1   1   0   0   0   0   0   0   0   0
