Number of Tool Switches: 21 

Time elapsed: 4.083542 
Tool Sequence:
      8J 20J  9J 16J  6J 15J  4J 19J  7J 12J 18J  1J 10J  3J 14J  2J  5J 11J 13J 17J
  1T   1   1   1   1   1   1   0   0   0   0   0   1   1   1   1   1   1   1   1   1
  2T   0   0   0   0   0   0   0   0   0   1   1   1   1   1   1   1   1   1   1   1
  3T   0   0   0   0   0   1   1   1   1   0   0   0   0   0   0   1   1   1   1   1
  4T   0   0   0   0   0   0   0   0   0   1   1   1   1   1   1   1   1   1   1   1
  5T   1   1   1   1   1   1   1   1   1   1   1   1   1   1   1   0   0   0   0   0
  6T   1   1   1   1   1   1   1   1   1   1   1   1   1   1   1   1   0   0   0   0
  7T   0   0   0   0   0   0   1   1   1   1   1   1   1   1   1   1   1   1   1   1
  8T   1   1   1   1   1   1   1   1   1   1   1   0   0   0   0   0   0   0   0   0
  9T   1   1   1   1   1   1   1   1   1   1   1   1   1   0   0   0   1   1   1   1
 10T   1   1   1   1   1   1   1   1   1   1   1   1   1   1   0   0   0   1   1   1
 11T   1   1   1   1   1   0   0   0   0   0   0   0   0   1   1   1   1   1   1   1
 12T   1   1   1   1   1   1   1   0   0   0   0   0   0   0   1   1   1   1   1   0
 13T   0   0   0   0   0   0   0   1   1   1   1   1   1   1   1   1   1   1   1   1
 14T   1   1   1   1   1   1   1   1   1   1   1   1   1   1   1   1   1   0   0   0
 15T   1   1   1   1   1   1   1   1   1   0   0   0   0   0   0   0   0   0   0   0
