Number of Tool Switches: 21 

Time elapsed: 5.786221 
Tool Sequence:
     12J  1J 14J 10J 19J  9J  4J  8J  6J 18J 16J 20J 15J  2J 17J  5J  3J 13J 11J  7J
  1T   1   1   1   1   1   1   1   1   1   1   1   0   0   0   0   0   0   0   0   0
  2T   1   1   1   1   1   1   1   1   1   1   1   1   1   1   1   1   1   1   0   0
  3T   1   1   1   1   1   1   1   1   1   1   1   1   1   0   0   0   0   0   0   0
  4T   1   1   1   1   1   1   1   1   1   1   1   1   1   1   1   1   1   0   0   0
  5T   1   1   1   1   1   1   1   1   0   0   0   0   0   0   0   0   1   1   0   0
  6T   1   1   1   1   1   1   1   1   1   1   1   1   1   1   1   1   1   1   1   0
  7T   1   1   1   1   1   1   1   1   1   1   1   1   1   1   1   1   0   0   0   0
  8T   0   0   0   0   0   0   0   0   1   1   1   1   1   1   1   1   1   0   0   0
  9T   1   1   1   1   1   1   1   1   1   1   1   1   1   1   1   1   1   1   1   1
 10T   1   1   1   1   1   1   1   1   1   1   1   1   1   1   1   0   0   0   0   0
 11T   1   1   1   1   1   1   1   1   1   1   1   1   1   1   1   1   0   0   0   0
 12T   1   1   1   1   1   1   1   1   1   1   1   1   1   1   1   1   1   1   0   0
 13T   1   1   1   1   1   1   1   1   1   1   0   0   0   0   0   0   0   0   0   0
 14T   0   0   0   0   0   0   0   0   0   0   0   0   1   1   1   1   1   1   1   1
 15T   1   1   1   1   1   1   1   1   1   1   1   1   1   1   0   0   0   0   0   0
 16T   1   1   1   1   1   1   1   1   1   1   1   1   1   1   1   1   1   1   0   0
 17T   1   1   1   1   1   1   1   1   1   1   1   1   0   0   0   0   0   0   0   0
 18T   0   0   0   0   0   0   0   0   0   0   1   1   1   1   1   1   1   1   1   0
 19T   0   0   0   0   0   0   0   0   0   0   0   0   0   0   1   1   1   0   0   0
 20T   0   0   0   0   0   0   0   0   0   0   0   1   1   1   1   1   1   1   0   0
