Number of Tool Switches: 35 

Time elapsed: 3.340512 
Tool Sequence:
     20J 12J  3J 17J  8J 19J 15J  5J 13J 10J 16J 18J  7J 11J 14J  2J  9J  1J  6J  4J
  1T   0   0   0   0   0   0   0   0   0   1   1   0   0   0   0   0   0   1   1   0
  2T   1   1   1   1   1   0   0   0   0   0   0   0   0   0   0   0   1   1   0   0
  3T   0   0   0   0   0   1   1   1   1   1   1   1   0   0   0   0   0   0   0   0
  4T   0   0   0   0   0   0   0   0   1   1   1   1   1   1   1   1   1   0   0   0
  5T   0   0   0   0   0   0   0   0   1   0   0   0   0   0   0   0   1   1   1   1
  6T   0   0   0   0   0   0   0   0   0   0   0   0   0   0   1   0   0   0   0   0
  7T   1   1   1   1   0   0   0   0   0   0   0   0   0   0   0   0   0   0   0   0
  8T   0   0   0   0   0   0   0   0   0   0   0   0   0   0   0   1   0   0   0   0
  9T   0   0   0   0   0   0   0   0   0   0   0   0   1   1   0   0   0   0   1   0
 10T   0   0   1   1   1   1   1   1   1   1   0   0   0   0   0   1   0   0   0   0
 11T   0   0   0   0   0   0   0   0   1   1   0   0   0   0   0   0   0   0   0   0
 12T   0   0   0   0   0   0   0   0   0   0   0   0   0   0   0   0   0   0   1   1
 13T   0   0   0   0   0   1   1   1   0   0   0   0   0   0   0   0   0   0   0   0
 14T   0   0   0   0   0   0   0   0   0   0   1   1   1   1   1   0   0   0   0   0
 15T   0   0   0   0   0   0   1   1   0   0   1   1   1   1   0   0   0   0   0   0
 16T   1   1   0   0   0   0   0   0   0   0   0   0   0   1   1   1   0   0   0   0
 17T   0   0   0   0   0   0   0   0   0   0   0   1   1   0   0   0   0   0   0   0
 18T   0   0   0   0   1   1   1   0   0   0   0   0   0   0   0   0   0   0   0   0
 19T   1   0   0   0   0   0   0   0   0   0   0   0   0   0   0   0   0   0   0   0
 20T   0   0   0   0   0   0   0   0   0   0   0   0   0   0   0   1   1   1   1   1
 21T   0   0   0   1   1   1   0   0   0   0   0   0   0   0   0   0   0   0   0   0
 22T   0   0   0   0   0   0   0   0   0   0   0   0   0   0   1   0   0   0   0   0
 23T   0   1   1   1   1   0   0   0   0   0   0   0   0   0   0   0   0   0   0   1
 24T   0   0   0   0   0   0   0   1   0   0   0   0   0   0   0   0   0   0   0   1
 25T   1   1   1   0   0   0   0   0   0   0   0   0   0   0   0   0   1   0   0   0
