Number of Tool Switches: 17 

Time elapsed: 0.002681 
Tool Sequence:
      1J 14J  6J 11J  8J  4J 12J 19J  2J  3J 10J 16J 15J 20J 13J 18J  5J  7J  9J 17J
  1T   1   1   1   1   0   0   0   0   0   0   0   0   1   1   1   1   1   1   1   1
  2T   1   1   1   1   1   1   1   1   1   1   1   1   1   1   1   1   1   1   1   1
  3T   1   1   1   1   1   1   1   1   1   1   1   1   1   1   1   1   1   1   1   1
  4T   1   1   1   1   1   1   1   1   0   0   0   0   0   0   0   0   0   0   0   0
  5T   1   1   1   1   1   1   1   1   1   1   1   1   1   1   1   1   1   1   1   1
  6T   1   1   1   1   1   1   1   1   1   1   1   1   1   1   0   0   0   0   0   0
  7T   1   1   1   1   1   0   0   0   0   0   0   0   0   0   0   0   0   0   0   1
  8T   0   0   0   0   0   0   0   0   1   1   1   1   1   1   1   1   0   0   0   0
  9T   1   1   1   1   1   1   1   1   1   1   1   1   1   1   1   1   1   1   1   1
 10T   0   0   0   0   1   1   1   1   1   1   1   1   1   1   1   1   1   1   1   1
 11T   0   0   0   0   0   0   0   0   0   0   0   0   0   0   1   1   1   1   1   1
 12T   0   0   0   0   0   1   1   1   1   1   1   1   1   1   1   1   1   1   1   1
 13T   0   0   0   0   0   0   0   0   0   0   0   0   0   0   0   0   1   1   1   1
 14T   1   1   1   1   1   1   1   1   1   1   1   1   0   0   0   0   0   0   0   0
 15T   1   1   1   1   1   1   1   1   1   1   1   1   1   1   1   1   1   1   1   0
