Number of Tool Switches: 46 

Time elapsed: 0.002320 
Tool Sequence:
      3J 13J 15J 20J  2J 19J  4J  5J  7J  6J 12J  1J 17J 16J 18J 14J  8J 11J  9J 10J
  1T   1   1   1   0   1   0   1   0   0   1   1   1   0   0   0   0   0   0   0   0
  2T   1   1   1   1   1   1   1   1   0   0   0   0   0   1   1   1   1   1   1   0
  3T   1   1   1   1   0   0   0   1   0   0   0   0   0   0   0   0   0   0   0   1
  4T   0   0   0   0   0   0   0   1   1   0   0   0   1   1   0   0   0   0   0   0
  5T   0   0   0   0   0   0   0   0   1   1   0   0   0   1   0   0   1   1   1   0
  6T   1   1   0   0   0   1   0   0   0   0   1   1   1   1   1   1   1   0   0   0
  7T   1   0   0   0   0   1   0   0   1   1   1   1   1   0   1   1   0   0   1   0
  8T   0   1   0   1   1   0   1   0   1   0   0   0   0   0   0   0   0   0   1   0
  9T   0   0   1   1   0   0   1   0   0   1   1   0   0   0   0   0   0   0   0   1
 10T   0   0   0   0   1   0   0   0   0   1   0   0   0   0   0   0   1   1   0   1
 11T   0   0   0   0   0   0   0   0   0   0   0   0   0   0   0   1   1   1   1   1
 12T   0   0   1   1   0   1   0   0   0   0   0   0   0   0   0   0   0   1   0   0
 13T   0   0   0   0   0   0   1   1   1   0   0   0   0   0   1   0   0   0   0   0
 14T   0   0   0   0   0   0   0   0   0   0   1   1   1   1   1   1   0   0   0   0
 15T   0   0   0   0   1   1   0   1   0   0   0   1   1   0   0   0   0   0   0   1
