Number of Tool Switches: 25 

Time elapsed: 0.002917 
Tool Sequence:
     16J  7J 12J 20J  9J 14J 19J 13J  6J 11J  4J  1J  3J 15J 17J  8J  5J 10J 18J  2J
  1T   0   0   0   0   0   0   0   0   1   1   1   1   1   1   1   1   1   1   1   1
  2T   1   1   1   1   1   1   1   1   1   1   1   1   1   1   1   1   1   1   1   1
  3T   1   1   1   1   1   1   1   1   1   1   0   0   0   0   0   0   0   0   1   1
  4T   1   1   1   1   1   1   1   1   1   1   1   1   1   1   1   1   1   1   1   1
  5T   0   0   0   0   0   0   0   0   0   0   0   0   0   1   1   1   1   1   1   1
  6T   1   1   1   1   1   1   1   1   1   1   1   1   1   1   1   1   1   1   1   1
  7T   0   0   0   0   0   0   0   0   0   0   0   1   1   1   1   1   1   1   1   1
  8T   1   1   1   1   1   1   1   0   0   0   0   0   0   0   1   1   1   1   1   0
  9T   0   0   0   0   0   0   0   0   0   0   0   0   0   0   0   1   1   1   1   0
 10T   0   0   0   0   0   0   0   0   0   0   1   1   1   0   0   0   0   0   0   1
 11T   1   1   1   1   1   1   1   1   0   0   0   0   0   0   0   0   0   0   0   0
 12T   1   1   1   1   1   1   1   1   1   1   1   1   1   1   1   0   0   0   0   0
 13T   1   1   1   1   1   0   0   0   0   0   0   0   0   0   0   1   1   1   0   0
 14T   0   0   0   0   0   1   0   0   0   0   0   0   0   0   0   0   0   0   0   0
 15T   0   0   0   0   0   0   0   0   0   0   0   0   0   0   0   0   0   0   1   1
 16T   0   0   0   0   0   0   0   0   0   0   0   0   0   0   0   0   1   1   0   0
 17T   1   1   1   1   1   1   1   1   1   1   1   1   1   1   1   0   0   0   0   0
 18T   0   0   0   0   0   0   1   1   1   1   1   1   1   1   1   1   0   0   0   0
 19T   1   1   1   1   1   1   1   1   1   1   1   0   0   0   0   0   0   0   0   1
 20T   0   0   0   0   0   0   0   1   1   1   1   1   1   1   0   0   0   0   0   0
