Number of Tool Switches: 29 

Time elapsed: 0.002402 
Tool Sequence:
     18J 14J  6J 13J  7J 20J  2J 11J  1J 12J 16J  3J  8J 17J 15J  5J  4J  9J 19J 10J
  1T   0   0   0   0   0   0   0   0   0   0   0   0   0   0   0   0   0   1   1   1
  2T   1   1   1   1   1   1   0   0   0   0   1   1   1   1   1   0   0   0   0   0
  3T   1   1   0   0   0   1   1   0   0   0   0   0   0   0   0   0   0   0   1   1
  4T   0   0   0   0   0   0   0   0   0   0   0   1   1   1   1   1   0   0   0   0
  5T   1   1   1   1   0   0   0   0   0   0   0   0   1   1   0   0   0   0   0   1
  6T   0   0   0   0   0   0   0   1   0   0   0   0   0   0   0   0   1   1   1   1
  7T   1   1   1   0   0   0   0   0   0   0   0   0   0   0   0   0   0   0   0   0
  8T   1   1   0   0   0   1   1   1   1   1   1   1   1   1   1   1   1   1   1   0
  9T   0   0   0   0   0   0   0   0   0   0   0   0   0   0   1   1   1   1   0   0
 10T   0   0   0   0   0   0   0   0   1   1   1   1   0   0   0   0   0   0   0   0
 11T   0   0   0   1   1   0   0   1   1   1   1   0   0   1   1   1   0   0   1   0
 12T   0   0   0   0   0   0   1   1   1   1   0   0   0   0   0   0   0   0   0   0
 13T   0   0   1   1   1   0   1   0   0   0   0   0   0   0   0   0   0   0   0   1
 14T   0   0   0   0   1   1   1   1   1   1   1   1   1   0   0   0   1   1   0   0
 15T   0   0   1   1   1   1   0   0   0   0   0   0   0   0   0   1   1   0   0   0
