Number of Tool Switches: 27 

Time elapsed: 0.005941 
Tool Sequence:
      8J  9J 12J 20J  5J 19J  3J  7J 14J 25J  1J 18J 21J 23J 10J 13J  4J 17J  6J 15J 16J 22J  2J 11J 24J
  1T   1   1   1   1   1   1   1   1   1   1   1   1   1   1   1   1   1   1   1   1   1   1   1   1   1
  2T   1   1   1   1   1   1   1   1   1   1   1   1   1   1   1   1   1   1   1   1   1   1   1   1   1
  3T   1   1   1   1   1   1   1   1   1   1   1   1   1   1   1   1   1   1   1   1   1   1   1   1   1
  4T   1   1   1   1   1   1   1   1   1   1   1   1   1   1   1   1   1   1   1   1   1   1   1   1   1
  5T   0   0   0   0   0   0   0   0   0   0   0   0   0   0   1   1   1   1   0   0   0   0   0   0   0
  6T   1   1   1   1   1   1   1   1   1   1   1   1   1   1   1   1   0   0   0   0   0   0   0   0   0
  7T   1   1   1   1   1   1   1   1   1   1   1   1   1   1   1   1   1   1   1   1   1   1   1   1   1
  8T   1   1   1   1   1   1   1   1   1   1   1   1   1   1   1   1   1   1   1   1   1   1   1   1   1
  9T   0   0   0   0   0   0   0   0   0   0   0   0   0   0   0   0   1   1   1   1   1   1   1   1   1
 10T   1   1   1   1   1   1   1   1   1   1   1   1   1   1   1   1   1   1   1   1   1   1   1   1   1
 11T   1   1   1   1   1   1   1   1   1   1   1   1   1   1   1   1   1   1   1   1   1   1   1   1   1
 12T   1   1   1   1   1   1   1   1   1   1   1   1   1   1   1   1   1   1   1   1   1   1   1   1   1
 13T   1   1   1   1   1   1   1   1   1   1   1   1   1   1   1   1   1   1   1   1   1   1   1   1   1
 14T   1   1   1   1   1   1   1   1   1   1   0   0   0   0   0   0   0   1   1   1   1   1   1   1   1
 15T   1   1   1   1   1   1   1   1   1   1   1   1   1   1   1   1   1   1   1   1   1   1   1   1   1
 16T   0   0   0   0   0   0   0   0   0   0   1   1   1   1   1   1   1   1   1   1   1   1   1   1   1
 17T   1   1   1   1   1   1   1   1   1   1   1   1   1   1   1   1   1   1   1   1   1   1   1   1   1
 18T   0   0   0   0   0   0   0   0   0   0   0   0   0   0   0   0   0   0   1   1   1   1   1   1   1
 19T   0   0   0   0   0   0   0   0   0   0   0   0   0   0   0   0   0   0   0   0   0   0   1   1   1
 20T   1   1   1   1   1   1   1   1   1   1   1   1   1   1   1   1   1   1   1   1   1   1   1   1   1
 21T   1   1   1   1   1   1   1   1   1   1   1   1   1   1   1   1   1   1   1   1   1   1   1   1   1
 22T   1   1   1   1   1   1   1   1   1   1   1   1   1   1   0   0   0   0   0   0   0   0   0   0   0
 23T   1   1   1   1   1   1   1   1   1   1   1   1   1   1   1   1   1   1   1   1   1   1   1   1   1
 24T   1   1   1   1   1   1   1   1   1   1   1   1   1   1   1   1   1   0   0   0   0   1   0   0   0
 25T   1   1   1   1   1   1   1   1   1   1   1   1   1   1   1   1   1   1   1   1   1   0   0   0   0
