Number of Tool Switches: 43 

Time elapsed: 0.002741 
Tool Sequence:
     19J  8J 14J  7J  1J 17J 18J 12J  9J 16J  3J 15J 20J 10J  4J 13J  6J  2J 11J  5J
  1T   0   0   1   1   1   1   1   1   0   0   0   0   0   1   1   0   0   0   0   0
  2T   1   1   0   0   0   0   0   0   0   0   0   0   0   0   0   0   0   0   0   0
  3T   0   0   0   0   0   0   1   0   0   0   1   0   0   0   0   0   0   1   1   0
  4T   0   0   0   0   1   0   0   1   1   1   1   0   0   0   0   0   1   0   0   1
  5T   1   1   1   1   0   1   0   0   0   0   0   0   0   0   0   0   0   0   0   0
  6T   0   0   0   0   0   0   0   1   1   1   0   0   1   1   1   1   0   0   0   1
  7T   0   0   0   0   0   0   0   0   1   1   1   0   0   0   0   0   0   1   1   0
  8T   0   0   1   1   1   1   1   0   0   0   0   0   0   0   0   1   1   0   0   1
  9T   0   0   0   0   0   1   1   1   1   1   0   0   0   0   1   1   0   1   1   0
 10T   0   0   0   0   0   0   0   0   0   0   0   0   0   1   1   1   1   1   0   0
 11T   0   0   0   0   0   0   0   0   0   1   0   1   0   0   0   0   0   0   0   0
 12T   0   0   0   1   1   0   0   0   0   0   0   1   0   0   0   0   0   0   0   0
 13T   1   1   1   0   0   0   0   0   1   0   0   0   0   0   0   0   0   0   0   0
 14T   0   1   1   1   1   0   0   0   0   0   0   0   1   0   0   0   0   0   0   0
 15T   0   0   0   0   0   0   0   1   0   0   1   1   1   1   0   0   0   0   0   0
 16T   0   0   0   0   0   0   0   0   0   0   0   0   0   0   0   0   0   0   1   1
 17T   1   1   0   0   0   1   1   0   0   0   0   0   0   0   0   0   0   1   1   0
 18T   0   0   0   0   0   0   0   0   0   0   1   1   1   0   0   0   0   0   0   0
 19T   1   0   0   0   0   0   0   0   0   0   0   0   0   0   0   0   1   0   0   1
 20T   0   0   0   0   0   0   0   0   0   0   0   1   1   1   1   1   1   0   0   0
