Number of Tool Switches: 34 

Time elapsed: 0.001834 
Tool Sequence:
      2J  9J 17J 18J  8J 19J 13J  1J  5J  6J 11J  3J 12J 10J  4J 14J 16J 15J 20J  7J
  1T   1   1   1   1   0   0   0   0   0   0   1   1   1   1   0   0   0   1   1   1
  2T   1   1   0   0   0   0   0   0   0   1   0   0   0   0   1   0   1   0   0   0
  3T   0   0   0   0   0   0   1   1   0   0   0   0   0   0   0   0   0   0   1   0
  4T   1   1   1   1   1   1   1   0   0   0   0   0   0   0   0   0   0   0   0   0
  5T   0   0   0   0   0   1   0   0   1   1   1   1   1   1   0   0   0   0   0   0
  6T   0   0   0   0   0   0   0   1   1   0   0   0   1   1   1   1   0   0   0   0
  7T   0   0   0   0   0   0   0   0   1   1   1   0   0   0   0   0   1   0   0   0
  8T   1   1   1   1   0   0   0   0   0   1   1   1   0   0   0   0   0   0   0   0
  9T   0   0   0   0   0   0   0   0   0   0   0   0   0   1   1   1   1   1   1   1
 10T   0   1   1   1   1   1   1   1   1   1   0   1   0   0   0   1   0   0   0   1
 11T   0   0   1   1   1   1   1   1   0   0   0   0   0   0   1   1   0   0   0   1
 12T   0   0   0   0   1   1   1   1   1   0   0   0   1   1   1   1   1   1   0   0
 13T   1   0   0   0   1   0   0   0   0   0   1   0   0   0   0   0   0   0   0   0
 14T   0   0   0   0   0   0   0   0   0   0   0   0   0   0   0   0   0   1   1   1
 15T   0   0   0   0   0   0   0   0   0   0   0   1   1   0   0   0   1   1   1   0
