Number of Tool Switches: 44 

Time elapsed: 0.002468 
Tool Sequence:
      8J 15J 19J 13J  5J 17J  4J  1J 10J  6J  7J 16J 18J 11J  2J 12J  3J  9J 20J 14J
  1T   0   0   0   0   0   0   0   1   1   1   1   1   0   0   0   0   0   0   0   0
  2T   1   1   0   0   0   1   0   1   0   0   0   0   0   0   0   0   1   1   1   1
  3T   0   0   1   1   1   0   0   0   0   0   0   0   1   0   0   0   0   0   0   0
  4T   0   0   0   1   0   0   0   0   0   0   0   0   0   1   1   1   1   1   1   0
  5T   0   0   0   1   1   0   1   1   1   1   1   0   0   0   0   0   0   1   0   0
  6T   0   0   0   0   0   0   0   0   0   0   0   0   0   0   0   0   0   0   0   1
  7T   0   0   0   0   0   1   0   0   0   0   0   0   0   0   0   0   0   0   1   0
  8T   0   0   0   0   0   0   0   0   0   0   0   0   0   0   1   0   0   0   0   0
  9T   0   0   0   0   0   0   0   0   0   1   1   1   1   1   0   0   0   0   0   0
 10T   1   1   1   1   1   1   0   0   0   0   0   0   0   0   1   1   1   0   0   0
 11T   0   0   0   1   0   0   0   0   1   0   0   0   0   0   0   0   0   0   0   0
 12T   0   0   0   0   0   0   1   1   1   1   0   0   0   0   0   0   0   0   0   0
 13T   0   0   1   0   1   0   0   0   0   0   0   0   0   0   0   0   0   0   0   0
 14T   0   0   0   0   0   0   0   0   0   0   0   1   1   1   0   0   0   0   0   1
 15T   1   1   0   0   0   0   0   0   0   0   0   1   1   1   0   0   0   0   0   0
 16T   0   0   0   0   0   0   0   0   0   0   0   0   0   1   1   1   0   0   0   1
 17T   0   0   0   0   0   0   0   0   0   0   1   1   1   0   0   0   0   0   0   0
 18T   1   1   1   0   0   0   0   0   0   0   0   0   0   0   0   0   0   0   0   0
 19T   0   0   0   0   0   0   0   0   0   0   0   0   0   0   0   0   0   0   1   0
 20T   0   0   0   0   0   0   1   1   1   1   1   0   0   0   1   0   0   1   0   0
 21T   1   1   1   0   0   1   0   0   0   0   0   0   0   0   0   0   0   0   0   0
 22T   0   0   0   0   0   0   0   0   0   0   0   0   0   0   0   0   0   0   0   1
 23T   0   0   0   0   0   1   1   0   0   0   0   0   0   0   0   1   1   0   0   0
 24T   0   0   0   0   1   0   1   0   0   0   0   0   0   0   0   0   0   0   0   0
 25T   0   0   0   0   0   0   0   0   0   0   0   0   0   0   0   1   1   1   1   0
