Number of Tool Switches: 37 

Time elapsed: 0.002641 
Tool Sequence:
      6J  3J  7J  9J 12J  1J 13J 20J  5J  4J 14J  2J 11J 19J 16J 18J 10J 15J 17J  8J
  1T   0   0   0   0   0   0   0   0   0   0   0   1   1   1   1   1   1   1   1   1
  2T   0   0   0   0   0   0   0   0   0   0   0   0   0   0   1   1   0   0   0   0
  3T   1   1   1   1   1   1   1   1   1   1   1   1   1   0   1   1   1   1   1   1
  4T   1   1   1   1   0   0   0   0   0   0   0   0   0   0   0   0   0   0   0   0
  5T   0   0   0   0   0   0   1   0   0   0   0   0   0   0   0   0   0   0   0   0
  6T   0   0   0   0   0   0   0   0   0   0   1   1   0   0   0   0   0   0   0   0
  7T   0   0   0   0   0   0   0   0   1   1   1   0   0   0   0   0   0   0   0   0
  8T   0   0   0   0   0   1   0   0   0   0   0   0   0   1   0   0   0   0   1   0
  9T   0   0   1   1   1   1   0   1   0   0   0   0   0   0   0   0   0   1   0   0
 10T   0   0   0   0   0   0   1   1   1   0   0   0   1   0   0   0   0   0   1   0
 11T   1   1   1   1   0   0   0   0   1   0   0   0   0   1   1   0   0   0   0   0
 12T   0   0   0   0   1   1   0   0   0   1   0   0   0   0   0   0   0   0   0   1
 13T   0   0   0   0   0   0   0   0   0   0   0   0   0   0   0   0   1   1   1   0
 14T   1   0   0   0   1   0   0   0   0   0   0   0   0   1   1   1   1   1   0   0
 15T   0   0   0   0   0   0   0   1   1   1   1   1   1   0   0   1   1   0   0   0
 16T   0   0   0   0   0   0   0   0   0   1   1   1   0   0   0   0   0   0   0   0
 17T   0   1   0   0   0   0   0   0   0   0   0   0   0   0   0   0   0   0   0   0
 18T   0   0   0   0   0   0   0   0   0   0   0   0   0   0   0   0   0   0   0   1
 19T   0   1   1   1   1   1   1   1   0   0   0   0   1   1   0   0   0   0   0   1
 20T   1   0   0   0   0   0   1   0   0   0   0   0   0   0   0   0   0   0   0   0
