Number of Tool Switches: 29 

Time elapsed: 0.003601 
Tool Sequence:
      2J  1J  6J 16J  9J  7J 20J 11J 13J  4J  3J  5J 15J 19J 12J 17J  8J 10J 18J 14J
  1T   1   1   1   1   1   0   0   0   0   0   0   0   0   0   0   0   0   0   0   0
  2T   0   0   0   0   1   1   1   0   0   0   0   0   0   1   1   1   1   1   1   1
  3T   0   0   0   0   0   0   0   1   1   1   1   1   1   1   1   1   1   1   1   1
  4T   0   0   0   0   0   0   0   0   0   1   0   0   0   0   0   0   0   0   0   0
  5T   1   1   1   1   1   1   1   1   1   1   1   1   1   1   1   1   1   1   1   1
  6T   0   0   0   0   0   0   0   0   0   0   1   0   0   0   0   0   0   0   0   0
  7T   1   1   1   1   1   1   1   1   1   1   0   0   0   0   0   0   0   0   0   0
  8T   0   0   0   0   0   0   0   0   0   0   1   1   1   1   1   1   1   1   1   1
  9T   0   0   0   0   0   0   0   0   0   0   0   0   1   1   1   1   1   1   1   1
 10T   0   0   0   0   0   0   0   1   1   1   1   1   1   1   1   1   1   1   1   1
 11T   0   0   0   0   0   0   0   0   0   0   0   1   1   0   0   0   0   0   0   0
 12T   1   1   1   1   1   0   0   0   0   0   0   1   0   0   0   0   0   0   0   0
 13T   1   1   1   1   1   1   1   1   1   0   0   0   0   0   0   0   0   0   0   0
 14T   0   0   0   0   0   1   1   1   1   1   1   1   1   1   1   1   1   1   1   1
 15T   0   0   0   0   0   1   1   1   1   1   1   1   1   1   1   1   1   1   1   1
 16T   1   1   1   1   1   1   1   1   1   1   1   0   0   0   0   0   0   0   1   0
 17T   1   1   1   1   1   1   1   1   1   1   1   1   1   0   0   0   0   0   0   0
 18T   0   0   0   0   0   0   0   0   1   1   1   1   1   1   0   0   0   0   0   0
 19T   0   0   0   0   0   0   0   0   0   0   0   0   0   1   1   1   1   1   0   0
 20T   0   0   0   0   0   0   0   0   0   0   0   0   0   0   1   1   0   0   0   0
 21T   1   1   1   1   0   0   0   0   0   0   0   0   0   0   0   0   0   0   0   0
 22T   0   0   0   0   0   0   0   0   0   0   0   0   0   0   0   0   1   1   1   0
 23T   0   0   0   0   0   0   0   0   0   0   0   0   0   0   0   0   0   0   0   1
 24T   1   1   1   1   1   1   1   1   0   0   0   0   0   0   0   0   0   0   0   1
 25T   1   1   1   1   1   1   1   0   0   0   0   0   0   0   0   0   0   0   0   0
