Number of Tool Switches: 34 

Time elapsed: 0.002787 
Tool Sequence:
     13J  7J 20J  1J 19J 18J  5J 12J 15J  2J 11J 16J 14J 10J  4J  9J  3J  8J 17J  6J
  1T   0   0   0   0   0   0   0   0   0   0   0   1   0   0   0   0   0   0   1   1
  2T   0   0   0   0   0   0   0   0   0   0   1   1   1   1   1   1   1   1   1   1
  3T   0   0   0   0   0   0   0   0   0   1   1   1   1   1   1   1   1   1   1   1
  4T   1   1   1   1   1   1   1   1   1   1   0   0   0   0   0   1   0   0   0   0
  5T   1   1   1   1   1   0   0   0   0   0   0   0   0   0   0   0   0   1   1   1
  6T   1   1   1   1   1   1   1   1   1   1   1   1   1   1   1   1   0   0   0   0
  7T   0   0   0   0   0   0   0   0   0   0   0   0   1   0   0   0   0   0   0   0
  8T   1   1   1   1   1   0   0   0   0   0   0   0   0   0   0   0   0   0   0   0
  9T   1   1   1   1   1   0   0   0   0   0   0   0   0   0   0   0   0   0   0   0
 10T   1   1   1   1   1   1   1   1   1   1   0   0   0   0   0   0   1   1   1   1
 11T   0   0   0   0   0   0   1   1   1   1   1   1   1   1   1   1   0   0   0   0
 12T   0   0   0   0   0   0   0   0   0   0   0   0   0   1   0   0   0   0   0   0
 13T   0   0   0   0   0   1   1   1   1   1   1   1   1   1   1   1   0   0   0   0
 14T   0   0   0   0   0   0   0   0   0   0   0   0   0   0   1   1   1   1   1   1
 15T   1   1   1   1   1   1   1   1   1   1   1   1   1   1   1   1   1   1   1   0
 16T   1   1   1   1   1   1   1   1   1   1   1   1   1   1   1   0   0   0   0   0
 17T   0   0   0   0   0   1   1   1   1   1   1   1   1   1   1   1   1   1   1   1
 18T   0   0   0   0   0   0   0   0   0   0   1   0   0   0   0   0   1   1   0   0
 19T   0   0   0   0   0   0   0   0   0   0   0   0   0   0   0   0   1   0   0   0
 20T   0   0   0   0   0   0   0   1   1   1   1   1   0   0   0   0   1   0   0   0
 21T   0   0   0   0   0   0   0   0   0   0   0   0   0   0   0   0   0   1   1   0
 22T   1   1   1   1   1   1   1   0   0   0   0   0   1   0   0   0   0   0   0   0
 23T   1   1   1   1   1   1   0   0   0   0   0   0   0   1   1   1   1   1   1   1
 24T   0   0   0   0   0   0   0   0   0   0   0   0   0   0   0   0   0   0   0   1
 25T   0   0   0   0   0   1   1   1   1   0   0   0   0   0   0   0   0   0   0   1
