Number of Tool Switches: 25 

Time elapsed: 0.003914 
Tool Sequence:
     17J  4J  2J 16J 20J  5J  7J  6J 15J  8J 19J  3J 13J 14J  9J 11J  1J 18J 10J 12J
  1T   1   1   1   1   1   1   1   1   1   1   1   1   1   1   1   1   1   1   1   1
  2T   0   0   0   0   0   0   0   0   0   0   0   0   0   0   0   1   1   1   1   1
  3T   1   1   1   1   1   1   1   1   1   1   1   1   1   1   1   1   1   1   1   1
  4T   1   1   1   1   1   1   1   1   1   1   1   1   1   1   1   1   1   1   1   1
  5T   1   1   1   1   1   1   1   1   1   1   1   1   1   1   1   1   1   1   1   1
  6T   1   1   1   1   1   1   1   1   1   1   1   1   1   1   1   1   1   1   1   1
  7T   1   1   1   1   1   1   1   1   1   1   1   1   1   1   1   1   1   1   1   1
  8T   0   0   0   0   0   0   0   0   0   0   0   0   0   0   1   1   1   1   1   1
  9T   0   0   0   0   0   0   0   0   0   0   0   0   0   0   0   1   1   1   1   1
 10T   0   0   0   0   0   0   0   0   0   0   0   0   0   0   0   0   1   1   1   1
 11T   1   1   1   1   1   1   1   1   1   1   1   1   1   1   1   1   1   1   1   1
 12T   1   1   1   1   1   1   1   1   1   1   1   1   1   1   1   1   1   1   1   1
 13T   1   1   1   1   1   1   1   1   1   1   1   1   1   1   1   1   1   1   1   1
 14T   1   1   1   1   1   1   1   1   1   1   1   1   1   1   1   1   1   1   1   1
 15T   1   1   1   1   1   1   1   1   1   1   1   1   1   1   1   1   1   1   1   1
 16T   1   1   1   1   1   1   1   1   1   1   1   1   1   1   1   1   1   1   1   1
 17T   1   1   1   1   1   1   1   1   1   1   1   1   1   1   1   1   1   1   1   1
 18T   1   1   1   1   1   1   1   1   1   1   1   1   1   1   1   1   1   1   1   1
 19T   1   1   1   1   1   1   1   1   1   1   1   1   1   1   1   1   1   1   0   0
 20T   1   1   1   1   1   1   1   1   1   1   1   1   1   1   1   1   0   0   0   0
 21T   1   1   1   1   1   1   1   1   1   1   1   1   1   1   1   0   0   0   0   0
 22T   1   1   1   1   1   1   1   1   1   1   1   1   1   1   1   1   1   1   1   1
 23T   1   1   1   1   1   1   1   1   1   1   1   1   1   1   1   0   0   0   0   0
 24T   1   1   1   1   1   1   1   1   1   1   1   1   1   1   0   0   0   0   0   0
 25T   0   0   0   0   0   0   0   0   0   0   0   0   0   0   0   0   0   0   1   1
