Number of Tool Switches: 26 

Time elapsed: 0.004040 
Tool Sequence:
      4J  8J 20J  1J  2J  3J 11J 13J  7J 16J 17J 19J  5J  6J 10J  9J 15J 14J 18J 12J
  1T   1   1   1   1   1   1   1   1   1   1   1   1   1   1   1   1   1   1   1   1
  2T   1   1   1   1   1   1   1   1   1   1   1   1   1   1   1   0   0   0   0   0
  3T   1   1   1   1   1   1   1   1   1   1   1   1   0   0   0   0   0   0   0   1
  4T   1   1   1   1   1   1   1   1   0   0   0   0   0   0   0   1   1   1   1   1
  5T   1   1   1   1   1   1   1   1   1   1   1   1   1   1   1   1   1   1   1   1
  6T   1   1   1   1   1   1   1   1   1   1   1   1   1   1   1   1   1   1   1   1
  7T   1   1   1   1   1   1   1   1   1   1   1   1   1   1   1   1   1   1   1   1
  8T   0   0   0   0   0   1   1   1   1   1   1   1   1   1   1   1   1   1   1   1
  9T   1   1   1   1   1   1   1   1   1   1   1   1   1   1   1   1   1   1   1   1
 10T   1   1   1   1   1   1   1   1   1   1   0   0   0   0   0   0   0   0   1   1
 11T   0   0   0   0   0   0   0   0   0   0   0   0   1   1   1   1   1   1   1   1
 12T   1   1   1   1   1   1   1   1   1   1   1   1   1   1   1   1   1   1   1   1
 13T   1   1   1   1   1   1   1   1   0   0   0   0   0   0   0   0   0   1   1   1
 14T   0   0   0   0   1   1   1   1   1   1   1   1   1   1   1   1   1   1   1   1
 15T   0   0   0   0   0   0   0   0   1   1   1   1   1   1   1   1   1   1   1   0
 16T   1   1   1   1   0   0   0   0   0   0   1   1   1   1   1   1   0   0   0   0
 17T   1   1   1   1   1   1   1   1   1   1   1   1   1   1   1   1   1   1   1   1
 18T   1   1   1   1   1   0   0   0   1   1   1   1   1   1   1   1   1   1   0   0
 19T   0   0   0   0   0   0   0   0   0   0   0   0   0   0   0   0   1   1   1   1
 20T   1   1   1   1   1   1   1   1   1   1   1   1   1   1   1   1   1   0   0   0
