Number of Tool Switches: 26 

Time elapsed: 0.003901 
Tool Sequence:
     13J  9J 20J  1J 15J 17J  4J 11J  5J  3J  6J  7J 16J 12J 14J 10J  2J  8J 19J 18J
  1T   1   1   1   1   1   1   1   1   1   1   1   1   1   1   1   1   1   1   1   1
  2T   1   1   1   1   1   1   1   1   1   1   1   1   1   1   1   0   0   0   0   0
  3T   1   1   1   1   1   1   1   1   1   1   1   1   1   1   1   0   0   0   1   1
  4T   1   1   1   1   1   1   1   1   1   1   1   1   1   0   0   0   0   0   1   1
  5T   1   1   1   1   1   1   1   1   1   1   1   1   1   1   1   1   1   1   1   1
  6T   1   1   1   1   1   1   1   1   0   0   0   0   0   0   0   0   0   0   0   1
  7T   1   1   1   1   1   1   1   1   1   1   1   1   1   1   1   1   1   1   1   1
  8T   1   1   1   1   1   1   1   1   1   1   1   1   1   1   1   1   1   1   1   1
  9T   1   1   1   1   1   1   1   1   1   1   1   1   1   1   1   1   1   1   1   1
 10T   0   0   0   0   0   0   0   0   1   1   1   1   1   1   1   1   0   0   0   0
 11T   1   1   1   1   1   1   1   1   1   0   0   0   0   0   0   1   1   1   1   1
 12T   1   1   1   1   1   1   1   1   1   1   1   1   1   1   1   1   1   1   1   1
 13T   1   1   1   1   1   1   1   1   1   1   1   1   1   1   1   1   1   1   0   0
 14T   1   1   1   1   1   1   0   0   0   0   0   0   0   1   1   1   1   1   1   1
 15T   0   0   0   0   0   1   1   1   1   1   1   1   1   1   1   1   1   1   0   0
 16T   0   0   0   0   0   0   0   0   0   0   0   0   0   0   0   0   1   1   1   1
 17T   1   1   1   1   1   1   1   1   1   1   1   1   1   1   1   1   1   1   1   1
 18T   0   0   0   0   0   0   0   0   0   1   1   1   1   1   1   1   1   1   1   1
 19T   1   1   1   1   1   0   0   0   0   0   0   0   0   0   0   1   1   1   1   1
 20T   0   0   0   0   0   0   1   1   1   1   1   1   1   1   1   1   1   1   1   0
