Number of Tool Switches: 35 

Time elapsed: 0.005352 
Tool Sequence:
      6J  2J  9J 14J 11J  4J 18J  7J  1J  3J  8J 12J 17J  5J 10J 13J 15J 19J 16J 20J
  1T   1   1   1   1   1   0   0   0   0   0   0   0   0   0   0   0   0   0   0   1
  2T   1   1   1   1   1   1   1   1   1   1   1   1   1   0   0   0   1   1   1   1
  3T   0   0   0   0   0   0   0   0   0   0   0   0   1   1   1   1   1   1   1   1
  4T   1   1   1   1   1   1   1   1   1   1   1   1   1   0   0   0   1   1   1   1
  5T   1   1   1   1   1   1   1   1   1   1   1   1   1   1   1   1   1   1   1   1
  6T   1   1   1   1   1   1   1   1   1   1   1   1   1   1   1   1   1   1   1   1
  7T   1   1   1   1   1   1   1   1   1   1   1   1   0   0   0   0   0   1   1   1
  8T   1   1   1   1   1   1   1   1   1   1   1   1   1   1   1   1   0   0   0   0
  9T   0   0   0   0   0   0   0   1   1   1   1   1   1   1   1   1   1   1   1   1
 10T   1   1   1   1   1   1   1   1   1   1   1   1   1   1   1   1   1   1   1   1
 11T   0   0   0   0   0   0   1   1   1   1   1   1   0   0   0   0   1   1   0   0
 12T   0   0   0   0   0   0   0   0   0   0   0   0   0   1   1   0   0   0   0   0
 13T   1   1   1   1   1   1   1   1   1   1   1   0   0   0   0   0   0   0   0   0
 14T   0   0   0   0   0   0   0   0   0   0   0   0   0   0   0   0   0   0   1   1
 15T   0   0   0   0   0   0   0   0   0   0   0   1   1   1   1   1   1   1   1   1
 16T   1   1   1   1   1   1   1   0   0   0   0   0   0   0   1   1   1   1   1   1
 17T   1   1   1   1   1   1   0   0   0   0   0   0   0   0   0   0   0   1   1   1
 18T   1   1   1   1   1   1   1   1   1   1   1   1   1   1   1   1   0   0   0   0
 19T   1   1   1   1   1   1   1   1   1   1   1   1   1   1   1   1   0   0   0   0
 20T   1   1   1   1   1   1   1   1   0   0   0   0   1   1   1   1   1   1   1   1
 21T   0   0   0   0   0   0   0   1   1   1   1   1   1   1   1   1   1   0   0   0
 22T   0   0   0   0   0   0   0   0   1   1   1   1   1   1   0   0   0   1   1   1
 23T   1   1   1   1   1   1   1   1   1   1   1   1   1   1   1   1   1   0   0   0
 24T   0   0   0   0   0   0   0   0   0   0   0   0   0   1   1   1   1   1   1   0
 25T   0   0   0   0   0   1   1   0   0   0   0   0   0   0   0   1   1   0   0   0
