Number of Tool Switches: 17 

Time elapsed: 0.002691 
Tool Sequence:
     18J  6J  9J 11J  4J 14J 17J  7J 12J 10J 19J  1J  2J  3J 15J 20J  5J 13J 16J  8J
  1T   0   0   0   0   0   0   0   1   1   1   1   1   1   1   1   1   1   1   1   1
  2T   1   1   1   1   1   1   1   1   1   1   1   1   1   1   1   1   1   1   1   1
  3T   1   1   1   1   1   1   1   1   1   1   1   1   1   1   1   1   0   0   0   0
  4T   1   1   1   1   1   1   1   1   1   1   1   1   1   1   1   1   1   1   1   1
  5T   1   1   1   1   1   1   1   1   1   1   1   1   1   1   1   1   1   1   1   1
  6T   1   1   1   1   1   1   1   1   1   1   1   1   1   1   1   1   1   1   1   1
  7T   1   1   1   1   1   1   1   0   0   0   0   0   0   0   0   0   0   0   0   0
  8T   1   1   1   1   1   1   1   0   0   0   0   0   0   0   0   0   0   0   0   0
  9T   0   0   0   0   0   0   0   1   1   1   1   1   1   1   1   1   1   1   1   1
 10T   0   0   0   0   0   0   0   0   0   0   0   1   1   1   1   1   1   1   1   1
 11T   1   1   1   1   1   1   1   1   1   1   1   1   1   1   1   0   0   0   0   0
 12T   0   0   0   0   0   0   0   0   0   1   1   1   1   1   1   1   1   1   1   1
 13T   0   0   0   0   0   0   0   0   0   0   0   0   0   0   0   0   1   1   1   1
 14T   1   1   1   1   1   1   1   1   1   0   0   0   0   0   0   1   1   1   1   0
 15T   1   1   1   1   1   1   1   1   1   1   1   0   0   0   0   0   0   0   0   1
