Number of Tool Switches: 33 

Time elapsed: 0.006242 
Tool Sequence:
     11J 15J  2J 19J 16J  6J 18J 12J 13J  1J  5J  8J  9J 14J  3J 17J  4J  7J 10J 20J
  1T   0   0   0   0   0   0   0   1   1   1   1   1   1   1   1   1   1   1   1   1
  2T   0   0   0   0   0   0   0   0   0   0   0   0   1   1   1   1   1   1   1   1
  3T   1   1   1   1   1   0   0   0   0   0   0   0   0   0   0   0   0   0   0   0
  4T   1   1   1   1   1   1   1   1   1   1   1   1   1   1   1   1   1   1   1   1
  5T   0   0   0   0   0   0   1   1   1   1   1   1   1   1   0   0   0   0   0   0
  6T   1   1   1   1   1   1   1   1   1   1   0   0   0   0   0   1   1   1   1   1
  7T   1   1   1   1   1   1   1   1   1   1   1   1   1   1   1   1   1   1   1   1
  8T   1   1   1   1   1   0   0   0   0   0   0   1   1   1   1   1   1   1   1   1
  9T   1   1   1   1   1   1   1   1   1   1   1   1   1   1   1   1   1   1   0   0
 10T   1   1   1   1   1   1   1   1   1   1   1   1   1   1   1   1   1   1   0   0
 11T   1   1   1   1   1   1   0   0   0   0   0   0   0   0   0   0   0   0   1   1
 12T   0   0   0   0   0   0   0   0   0   0   1   1   1   1   1   1   1   0   0   0
 13T   1   1   1   1   1   1   1   1   1   1   1   1   1   1   1   1   1   1   1   1
 14T   1   1   1   1   1   1   1   1   1   1   1   1   1   1   1   0   0   0   0   0
 15T   0   0   0   0   1   1   1   1   1   1   1   1   0   0   0   0   0   0   1   1
 16T   0   0   0   0   0   1   1   1   1   0   0   0   0   0   0   0   1   1   1   1
 17T   0   0   0   0   0   1   1   0   0   0   0   0   0   0   1   1   1   1   1   1
 18T   0   0   0   0   0   0   0   0   0   1   1   1   1   1   1   1   1   1   1   1
 19T   1   1   1   1   1   1   1   1   1   1   1   1   1   1   1   1   1   1   1   0
 20T   1   1   1   1   1   1   1   1   1   1   1   0   0   0   0   0   0   1   1   1
 21T   0   0   0   0   0   0   0   0   0   0   0   0   0   0   0   0   0   0   0   1
 22T   0   0   0   0   0   0   0   0   0   0   0   1   1   1   1   1   0   0   0   0
 23T   1   1   1   1   1   1   1   1   1   1   1   0   0   0   0   0   0   1   1   1
 24T   1   1   1   1   1   1   1   1   1   1   1   1   1   1   1   1   1   0   0   0
 25T   1   1   1   1   0   0   0   0   0   0   0   0   0   0   0   0   0   0   0   0
