Number of Tool Switches: 28 

Time elapsed: 0.003769 
Tool Sequence:
      7J 16J 17J  9J 11J 19J  3J 13J  8J 10J  6J  1J 15J  5J  2J  4J 18J 20J 14J 12J
  1T   1   1   1   1   1   1   1   1   1   1   0   0   0   0   0   0   0   0   0   0
  2T   1   1   1   1   1   0   0   0   1   1   1   1   1   1   1   1   1   1   0   0
  3T   0   0   0   0   0   0   0   0   0   0   0   0   0   0   1   1   1   1   1   1
  4T   1   1   1   1   1   1   0   0   1   1   1   1   1   1   1   1   1   1   1   1
  5T   1   1   1   1   1   1   1   1   1   1   1   1   1   1   1   1   0   0   1   1
  6T   0   0   0   0   1   0   0   0   0   1   1   1   1   1   1   1   1   1   1   1
  7T   1   1   1   0   0   1   1   1   1   1   1   0   0   1   0   0   0   0   0   0
  8T   0   0   0   1   1   1   1   1   1   1   1   1   1   0   0   0   0   0   1   1
  9T   1   1   1   0   0   1   1   1   1   1   1   1   0   0   0   0   0   0   0   1
 10T   1   1   1   1   1   1   1   1   1   1   1   1   1   1   1   1   1   1   1   1
 11T   1   1   1   1   0   0   0   0   0   0   1   1   1   1   1   1   1   1   1   1
 12T   1   1   1   1   1   1   1   1   0   0   0   0   1   1   1   1   1   1   1   1
 13T   1   1   1   1   1   1   1   1   0   0   0   1   1   1   1   1   1   1   0   0
 14T   0   0   0   1   1   1   1   1   1   0   0   0   0   0   0   0   1   1   1   1
 15T   0   0   0   0   0   0   1   1   1   1   1   1   1   1   1   1   1   1   1   0
