Number of Tool Switches: 71 

Time elapsed: 0.006823 
Tool Sequence:
     14J 11J 19J  7J 10J 20J  3J  6J  9J 16J 17J  2J 12J  1J  4J  8J  5J 18J 15J 13J
  1T   0   0   0   1   1   1   1   0   0   1   0   0   0   1   1   1   1   1   1   1
  2T   1   1   1   1   1   0   0   0   0   0   0   0   0   0   1   1   1   0   1   1
  3T   0   0   0   0   0   0   0   0   1   1   1   1   1   1   1   1   1   1   1   1
  4T   1   1   1   0   0   0   0   1   1   1   1   0   0   0   0   0   0   0   1   1
  5T   1   1   1   1   1   1   0   0   1   1   1   0   0   0   0   0   0   0   0   0
  6T   1   1   0   0   1   1   1   0   0   0   1   0   0   0   1   1   1   1   1   1
  7T   1   1   1   1   1   1   1   1   0   0   1   1   1   1   1   1   1   1   0   0
  8T   0   0   0   0   1   1   1   1   1   0   0   0   1   1   1   1   1   0   0   0
  9T   1   1   1   1   1   1   1   1   1   1   1   1   1   0   0   0   1   1   1   1
 10T   0   0   1   1   0   0   1   1   1   1   1   1   1   1   0   0   0   1   1   1
 11T   1   1   1   1   1   0   0   0   0   1   1   1   1   1   1   0   0   0   0   0
 12T   1   1   1   1   1   1   0   1   1   1   1   0   0   0   0   1   0   1   1   1
 13T   1   1   0   0   0   1   1   0   0   0   1   1   0   0   0   1   1   1   0   0
 14T   1   1   1   1   0   0   1   1   1   1   1   1   0   0   1   1   1   0   0   1
 15T   0   0   1   1   1   1   1   1   1   1   1   1   1   1   1   0   0   0   0   0
 16T   0   0   0   0   0   0   0   0   0   0   0   1   1   1   1   1   1   1   1   1
 17T   0   0   0   0   1   0   0   1   1   1   1   1   1   1   1   1   1   1   0   0
 18T   1   1   0   0   0   1   0   1   1   0   0   0   1   1   0   1   1   1   0   0
 19T   1   1   1   1   1   1   1   1   1   1   0   0   1   1   1   1   0   0   1   0
 20T   1   1   1   1   1   1   0   0   0   0   0   1   1   0   0   0   0   1   1   1
 21T   0   0   1   0   0   0   1   1   1   1   1   1   1   0   0   0   1   0   0   1
 22T   1   1   1   1   1   1   1   1   0   0   0   1   1   1   1   0   0   0   1   1
 23T   0   0   0   0   0   0   1   1   1   1   0   1   1   1   1   1   0   1   1   0
 24T   1   1   1   1   0   1   1   0   0   0   0   0   0   1   0   1   1   1   1   1
 25T   0   0   0   1   1   1   1   1   1   1   1   1   0   1   1   0   1   1   1   1
