Number of Tool Switches: 72 

Time elapsed: 0.007355 
Tool Sequence:
     16J 15J 19J  3J 17J 20J  8J  4J  9J 10J 12J  1J 18J  2J 14J  5J  6J  7J 13J 11J
  1T   1   1   1   1   1   1   1   0   0   0   0   0   0   1   1   1   1   1   1   1
  2T   1   1   0   0   0   1   1   1   0   0   1   1   1   1   1   0   0   0   0   0
  3T   1   0   0   0   0   0   1   1   1   1   1   1   1   1   1   1   1   1   1   0
  4T   1   1   1   0   0   0   0   1   0   1   1   1   1   1   1   1   0   0   0   0
  5T   0   0   1   1   1   1   1   1   1   1   1   0   1   0   0   0   0   0   0   1
  6T   1   1   1   1   0   0   0   0   1   1   1   1   1   0   0   0   1   1   1   0
  7T   1   1   1   1   1   1   1   1   1   0   0   0   1   1   1   0   0   1   1   0
  8T   1   1   1   1   1   1   1   1   0   1   0   0   0   0   1   1   1   0   0   1
  9T   1   1   1   1   1   0   0   1   1   1   1   1   1   1   0   0   0   0   1   0
 10T   1   1   1   1   1   1   1   1   1   1   1   1   0   0   0   0   0   1   1   0
 11T   1   1   1   1   1   1   1   0   0   0   1   1   0   0   0   0   0   1   1   1
 12T   1   1   1   0   0   1   1   1   0   0   0   1   1   1   1   1   1   1   1   1
 13T   1   0   0   0   0   0   1   1   1   1   1   1   0   0   0   1   0   0   0   1
 14T   0   0   0   0   0   0   0   0   1   1   1   1   1   0   0   0   1   1   1   0
 15T   1   1   1   1   1   1   0   0   1   1   1   1   1   1   1   1   1   0   0   1
 16T   0   0   0   1   1   1   1   1   0   0   1   1   1   1   1   1   1   1   0   1
 17T   1   1   0   0   1   0   0   0   1   1   1   0   0   1   0   0   0   0   1   1
 18T   1   0   0   0   1   1   1   0   0   0   0   1   1   1   1   1   1   1   0   0
 19T   0   1   1   1   1   1   1   1   1   1   1   1   1   0   1   1   1   0   1   0
 20T   0   1   1   1   0   0   0   0   0   0   0   0   0   0   0   1   1   1   1   1
 21T   0   0   0   0   0   0   0   0   0   1   1   1   1   1   1   1   1   1   1   1
 22T   0   0   0   0   0   1   1   1   1   0   0   0   0   1   1   1   1   1   1   1
 23T   0   0   0   1   1   1   1   1   1   0   0   0   0   0   0   1   1   1   1   1
 24T   0   0   1   1   1   0   0   0   1   1   0   0   0   1   1   1   1   1   0   1
 25T   0   1   1   1   1   1   0   1   1   1   0   0   1   1   1   0   0   0   0   1
