Number of Tool Switches: 29 

Time elapsed: 0.002179 
Tool Sequence:
     15J  9J 12J 11J  4J  8J  6J  7J 13J  3J  5J  1J 10J 14J  2J
  1T   1   0   0   0   0   0   0   0   1   1   1   1   1   1   1
  2T   0   0   0   0   1   1   1   1   1   1   1   1   1   1   1
  3T   1   1   1   1   1   1   0   0   0   0   0   0   0   0   0
  4T   1   1   1   1   0   0   0   0   0   0   0   0   0   0   0
  5T   1   1   0   0   0   0   0   0   1   1   1   1   1   1   1
  6T   0   0   0   0   0   0   0   0   0   1   1   1   1   1   1
  7T   0   0   0   0   0   0   0   0   1   1   1   1   1   1   1
  8T   1   1   1   0   0   0   1   0   0   0   0   0   0   0   1
  9T   1   1   1   1   1   1   1   1   1   1   1   0   0   0   1
 10T   0   0   0   0   0   0   0   1   1   1   1   0   0   0   0
 11T   0   1   0   0   0   0   0   0   0   0   0   0   0   0   0
 12T   1   1   1   1   1   1   0   0   0   0   0   0   0   1   0
 13T   0   0   1   1   1   1   1   1   0   0   0   0   1   1   0
 14T   0   0   0   1   1   1   1   1   1   1   1   1   1   0   0
 15T   0   0   0   0   0   0   1   1   1   0   0   0   0   0   0
 16T   0   0   0   0   0   0   0   0   0   0   0   0   0   0   1
 17T   0   0   0   0   0   0   0   0   0   0   0   1   1   0   0
 18T   0   0   0   1   1   1   1   1   0   0   0   0   0   0   0
 19T   1   1   1   1   1   1   1   1   0   0   0   1   0   1   0
 20T   0   0   1   0   0   0   0   0   0   0   0   0   0   0   0
