Number of Tool Switches: 23 

Time elapsed: 0.002213 
Tool Sequence:
     13J  4J 12J  6J 11J 15J  5J 14J  3J  7J  8J  9J 10J  2J  1J
  1T   0   0   0   0   0   0   0   0   1   1   1   1   1   1   1
  2T   1   1   1   1   1   1   1   1   1   1   1   1   1   1   1
  3T   0   0   0   0   0   1   1   1   1   1   1   1   1   1   1
  4T   1   1   1   1   1   1   1   1   1   1   1   1   1   1   1
  5T   1   1   1   1   1   1   0   0   0   0   0   0   0   1   1
  6T   0   0   0   0   0   0   0   0   0   1   1   1   1   1   1
  7T   0   0   0   0   0   1   1   1   1   1   1   1   1   1   1
  8T   0   0   0   0   0   0   1   1   1   1   1   1   1   1   1
  9T   1   1   1   1   1   1   1   1   1   1   1   0   0   0   0
 10T   1   1   1   1   1   0   0   0   0   0   0   0   0   0   0
 11T   1   1   1   1   1   1   0   0   0   0   0   0   1   1   1
 12T   1   1   1   1   1   0   0   0   0   0   0   0   0   1   1
 13T   1   1   1   1   1   1   1   1   1   0   0   0   0   0   0
 14T   1   1   1   1   1   1   1   1   1   1   1   1   1   1   1
 15T   1   1   1   1   1   1   1   1   1   1   1   1   1   0   0
 16T   0   0   0   0   0   0   0   0   0   0   0   1   1   0   0
 17T   0   0   0   0   0   0   1   1   0   0   0   0   0   0   0
 18T   1   1   1   1   1   1   1   1   1   1   1   1   1   1   0
 19T   1   1   1   1   1   1   1   1   1   1   1   1   0   0   0
 20T   0   0   0   0   0   0   0   0   0   0   0   0   0   0   1
