Number of Tool Switches: 20 

Time elapsed: 0.002072 
Tool Sequence:
      9J  1J  5J  6J 10J  8J 15J  4J  3J  2J 14J 13J 12J  7J 11J
  1T   1   1   1   1   1   1   1   1   1   1   1   1   1   1   1
  2T   0   0   0   0   0   0   0   0   0   0   0   0   0   0   1
  3T   1   1   1   1   1   1   1   1   1   1   1   1   1   1   1
  4T   0   0   0   0   0   0   0   0   0   1   1   1   1   1   1
  5T   0   0   0   0   0   0   0   0   0   0   1   1   1   1   1
  6T   1   1   1   1   1   1   1   1   1   1   1   1   1   1   1
  7T   0   0   0   0   0   0   0   0   0   0   0   0   0   1   1
  8T   1   1   1   1   1   1   1   1   1   1   1   1   1   1   1
  9T   0   0   0   0   0   0   0   0   0   0   0   0   0   1   1
 10T   1   1   1   1   1   1   1   1   1   1   1   1   1   1   0
 11T   1   1   1   1   1   1   1   1   1   1   0   0   0   0   0
 12T   1   1   1   1   1   1   1   1   1   1   0   0   0   0   0
 13T   1   1   1   1   1   1   1   1   1   0   0   0   0   0   0
 14T   0   0   0   0   0   0   0   0   0   0   0   1   1   0   0
 15T   0   0   0   0   0   0   0   0   0   0   1   1   0   0   0
 16T   1   1   1   1   1   1   1   1   0   0   0   0   0   0   0
 17T   0   0   0   0   0   0   0   1   1   1   1   1   1   0   0
 18T   0   0   0   0   0   0   0   0   0   0   0   0   1   1   1
 19T   1   1   1   1   1   1   1   0   0   0   0   0   0   0   0
 20T   0   0   0   0   0   0   0   0   1   1   1   0   0   0   0
