Number of Tool Switches: 36 

Time elapsed: 0.001993 
Tool Sequence:
     14J 10J  5J  9J  6J  7J 12J  4J 11J  3J 15J  1J  8J 13J  2J
  1T   0   0   0   0   0   0   0   0   0   0   1   0   0   1   1
  2T   1   1   1   1   1   1   0   0   0   1   0   0   0   0   1
  3T   1   1   0   0   0   0   0   0   0   0   0   0   0   0   0
  4T   1   1   0   1   0   0   0   0   0   0   0   0   0   0   0
  5T   0   0   0   0   1   1   1   1   0   0   0   0   0   1   1
  6T   0   1   1   0   0   0   0   0   1   1   0   0   0   1   0
  7T   0   0   0   0   0   0   0   0   0   0   0   0   0   0   1
  8T   0   0   0   0   0   0   0   0   0   0   1   0   0   0   0
  9T   1   1   0   0   0   1   1   1   0   0   0   1   1   0   0
 10T   0   0   0   0   1   0   0   0   0   1   1   1   1   0   0
 11T   0   0   0   0   0   0   0   1   1   1   1   1   0   0   0
 12T   0   0   0   0   0   0   1   0   0   0   0   0   1   1   1
 13T   0   0   0   0   0   1   0   0   0   1   1   1   1   0   0
 14T   0   0   1   1   1   1   1   1   1   0   1   1   1   0   0
 15T   1   0   0   0   0   0   0   0   1   0   0   0   0   0   0
 16T   0   0   0   1   1   0   0   0   0   0   0   0   0   1   0
 17T   0   0   1   1   1   1   1   1   1   0   0   0   0   0   0
 18T   1   1   1   0   0   0   0   0   0   0   0   0   0   0   0
 19T   0   0   0   0   0   0   0   0   0   0   0   1   1   1   1
 20T   0   0   1   1   0   0   1   1   1   1   0   0   0   0   0
