Number of Tool Switches: 31 

Time elapsed: 0.001997 
Tool Sequence:
      1J  3J 11J 14J 15J 13J  5J  6J  4J  8J  2J  9J  7J 10J 12J
  1T   0   0   0   1   0   0   0   0   0   0   0   0   0   1   1
  2T   1   1   1   0   0   0   0   0   0   1   1   1   1   1   1
  3T   0   0   0   0   1   1   1   0   0   0   0   0   0   0   0
  4T   1   1   1   1   0   0   0   0   0   1   1   1   1   1   1
  5T   1   1   1   1   1   1   0   0   0   0   1   1   1   1   1
  6T   1   1   1   1   1   1   1   1   1   0   0   0   0   0   1
  7T   1   1   1   1   1   1   1   1   1   1   1   0   0   0   0
  8T   0   0   0   1   0   0   0   0   0   0   0   0   0   1   1
  9T   0   0   0   0   1   0   0   0   0   0   0   1   1   1   0
 10T   1   1   1   0   0   0   0   0   0   0   1   0   0   0   0
 11T   0   0   0   0   0   1   1   1   0   0   0   0   0   0   0
 12T   1   1   1   1   1   0   0   0   0   0   0   1   1   1   0
 13T   0   0   0   0   0   0   1   1   1   1   0   0   0   0   0
 14T   0   0   0   0   0   0   0   0   0   0   0   0   1   1   1
 15T   0   0   0   0   0   0   0   0   1   1   0   0   0   0   1
 16T   0   0   0   0   0   0   0   0   0   0   1   1   1   0   0
 17T   0   0   0   0   0   0   0   1   1   1   1   1   1   0   0
 18T   1   1   1   1   1   1   1   1   1   1   0   0   0   0   0
 19T   0   0   0   0   1   1   1   1   1   1   1   0   0   0   0
 20T   0   0   0   0   0   1   1   1   1   0   0   1   0   0   0
