Instancias/A3/1.txt                                          	    10 	 0.049426258000 0.000532823000 1
Instancias/A3/2.txt                                          	    10 	 0.043591004000 0.000557622000 1
Instancias/A3/3.txt                                          	    10 	 0.040956203000 0.000440945000 1
Instancias/A3/4.txt                                          	    10 	 0.053005754000 0.000575944000 1
Instancias/A3/5.txt                                          	    10 	 0.059797834000 0.000545626000 1
Instancias/A3/6.txt                                          	    11 	 0.091399665000 0.001089963000 1
Instancias/A3/7.txt                                          	    10 	 0.052556120000 0.000480340000 1
Instancias/A3/8.txt                                          	    10 	 0.046464972000 0.000430083000 1
Instancias/A3/9.txt                                          	    10 	 0.055745323000 0.000634432000 1
Instancias/A3/10.txt                                         	    10 	 0.066408161000 0.000530480000 1
