Instancias/A3/1.txt                                          	    10 	 0.066863554000 0.000599234000 1
Instancias/A3/2.txt                                          	    10 	 0.041186053000 0.000543951000 1
Instancias/A3/3.txt                                          	    10 	 0.043564929000 0.000698326000 1
Instancias/A3/4.txt                                          	    10 	 0.051980323000 0.000465708000 1
Instancias/A3/5.txt                                          	    10 	 0.059824256000 0.000448649000 1
Instancias/A3/6.txt                                          	    11 	 0.091016699000 0.001110942000 1
Instancias/A3/7.txt                                          	    10 	 0.051640230000 0.000578621000 1
Instancias/A3/8.txt                                          	    10 	 0.048058994000 0.000652934000 1
Instancias/A3/9.txt                                          	    10 	 0.052178105000 0.000741385000 1
Instancias/A3/10.txt                                         	    10 	 0.065398190000 0.000642128000 1
