Instancias/A3/1.txt                                          	    10 	 0.033128313000 0.000527445000 1
Instancias/A3/2.txt                                          	    10 	 0.025461116000 0.000337567000 1
Instancias/A3/3.txt                                          	    10 	 0.026173580000 0.000278546000 1
Instancias/A3/4.txt                                          	    10 	 0.033047595000 0.000424064000 1
Instancias/A3/5.txt                                          	    10 	 0.036849052000 0.000360972000 1
Instancias/A3/6.txt                                          	    11 	 0.056734401000 0.000825218000 1
Instancias/A3/7.txt                                          	    10 	 0.031213690000 0.000294766000 1
Instancias/A3/8.txt                                          	    10 	 0.029099985000 0.000337065000 1
Instancias/A3/9.txt                                          	    10 	 0.032854869000 0.000327998000 1
Instancias/A3/10.txt                                         	    10 	 0.036674931000 0.000331999000 1
