Instancias/A3/1.txt                                          	    10 	 0.048060223000 0.000441037000 1
Instancias/A3/2.txt                                          	    10 	 0.041429005000 0.000434788000 1
Instancias/A3/3.txt                                          	    10 	 0.046315521000 0.000443783000 1
Instancias/A3/4.txt                                          	    10 	 0.054409764000 0.000678661000 1
Instancias/A3/5.txt                                          	    10 	 0.058679744000 0.000879968000 2
Instancias/A3/6.txt                                          	    11 	 0.087952271000 0.001046836000 1
Instancias/A3/7.txt                                          	    10 	 0.053531550000 0.000600813000 1
Instancias/A3/8.txt                                          	    10 	 0.062335056000 0.000509102000 1
Instancias/A3/9.txt                                          	    10 	 0.052720234000 0.000654189000 1
Instancias/A3/10.txt                                         	    10 	 0.064295315000 0.000565467000 1
