Instancias/A3/1.txt                                          	    10 	 0.052552278000 0.000536117000 1
Instancias/A3/2.txt                                          	    10 	 0.041390349000 0.000555266000 1
Instancias/A3/3.txt                                          	    10 	 0.042043294000 0.000552467000 1
Instancias/A3/4.txt                                          	    10 	 0.053473104000 0.000801679000 1
Instancias/A3/5.txt                                          	    10 	 0.059605211000 0.000677391000 2
Instancias/A3/6.txt                                          	    11 	 0.091300430000 0.000996522000 1
Instancias/A3/7.txt                                          	    10 	 0.052759739000 0.000688426000 1
Instancias/A3/8.txt                                          	    10 	 0.047912007000 0.000441017000 1
Instancias/A3/9.txt                                          	    10 	 0.055267329000 0.000432826000 1
Instancias/A3/10.txt                                         	    10 	 0.064588907000 0.000526493000 1
