                            A3/1.txt                          	    10 	 0.053982363000 0.000466580000 1
                            A3/2.txt                          	    10 	 0.050158892000 0.000514546000 1
                            A3/3.txt                          	    10 	 0.051223959000 0.000495062000 1
                            A3/4.txt                          	    10 	 0.052466642000 0.000495763000 1
                            A3/5.txt                          	    10 	 0.068249570000 0.000624163000 1
                            A3/6.txt                          	    11 	 0.104410107000 0.001333869000 1
                            A3/7.txt                          	    10 	 0.060499241000 0.000406708000 1
                            A3/8.txt                          	    10 	 0.051077563000 0.000517369000 1
                            A3/9.txt                          	    10 	 0.050638387000 0.000389697000 1
                            A3/10.txt                         	    10 	 0.059491175000 0.000566533000 1
