Instancias/A3/1.txt                                          	    10 	 0.067000648000 0.000625923000 1
Instancias/A3/2.txt                                          	    10 	 0.041766184000 0.000538274000 1
Instancias/A3/3.txt                                          	    10 	 0.043464404000 0.000446926000 1
Instancias/A3/4.txt                                          	    10 	 0.054595161000 0.000476669000 1
Instancias/A3/5.txt                                          	    10 	 0.059721864000 0.000655012000 1
Instancias/A3/6.txt                                          	    11 	 0.091165456000 0.000811295000 1
Instancias/A3/7.txt                                          	    10 	 0.051721629000 0.000497639000 1
Instancias/A3/8.txt                                          	    10 	 0.046823937000 0.000544985000 1
Instancias/A3/9.txt                                          	    10 	 0.051740482000 0.000434134000 1
Instancias/A3/10.txt                                         	    10 	 0.061727036000 0.000689600000 1
