Number of Tool Switches: 34 

Time elapsed: 0.001191 
Tool Sequence:
      2J  3J  9J  7J 11J 20J 18J 13J 17J 19J  5J  4J 14J  1J 10J  6J  8J 12J 15J 16J
  1T   1   1   1   1   1   1   1   1   1   1   0   0   0   0   0   0   0   0   0   0
  2T   0   0   0   0   0   0   0   0   0   0   0   0   1   1   1   1   1   1   1   1
  3T   1   1   1   1   0   0   0   0   0   0   0   0   0   0   0   0   0   0   0   0
  4T   0   0   0   0   0   0   0   0   1   1   1   1   1   1   1   1   1   1   1   1
  5T   0   0   0   0   0   0   0   0   0   0   1   1   1   1   1   1   1   1   1   1
  6T   1   1   1   1   1   1   1   1   1   1   1   1   1   1   1   1   1   1   1   1
  7T   1   1   1   1   1   1   1   1   1   1   0   0   0   0   0   1   1   1   1   1
  8T   0   0   0   0   1   1   1   1   1   1   1   1   1   1   1   1   1   1   1   1
  9T   0   0   0   0   0   1   1   1   0   0   0   0   1   1   1   1   1   1   1   1
 10T   0   0   0   0   1   1   1   1   1   1   1   1   1   1   1   1   1   1   1   1
 11T   0   0   0   0   0   0   0   0   1   1   1   1   1   1   1   1   1   1   1   1
 12T   1   1   1   1   1   1   1   1   1   1   1   0   0   0   0   0   0   1   1   1
 13T   0   0   0   0   0   0   1   1   1   1   0   0   0   0   0   0   1   1   1   1
 14T   1   1   1   1   1   1   1   1   1   1   1   1   0   0   0   0   0   0   0   0
 15T   1   1   1   1   0   0   0   0   0   0   1   1   0   0   0   0   1   1   1   1
 16T   0   0   0   0   0   0   0   0   0   0   1   1   1   1   1   1   0   0   0   0
 17T   1   1   1   1   1   0   0   0   0   0   0   0   0   1   1   1   1   1   1   1
 18T   1   1   1   1   1   1   0   0   0   0   0   0   0   0   0   0   0   0   0   0
 19T   1   1   1   1   1   1   1   1   1   1   1   0   0   0   0   0   0   0   0   0
 20T   0   0   0   0   0   1   1   1   1   1   1   1   1   1   1   1   0   0   0   0
 21T   1   1   1   1   1   1   1   1   1   1   1   1   1   1   1   0   0   0   0   0
 22T   1   1   1   1   1   1   1   1   0   0   0   1   1   0   0   0   0   0   0   0
 23T   1   1   1   1   1   1   1   1   1   1   1   1   1   1   1   1   1   1   1   1
 24T   1   1   1   1   1   0   0   0   0   0   0   1   1   1   1   1   1   0   0   0
 25T   1   1   1   1   1   1   1   1   1   1   1   1   1   1   1   1   1   1   1   1
