Number of Tool Switches: 28 

Time elapsed: 0.001061 
Tool Sequence:
     15J  6J 11J  8J  4J  1J  3J  7J 10J 20J 12J 13J 14J  5J  2J 17J 18J 19J 16J  9J
  1T   0   0   0   1   1   1   1   1   1   1   0   0   0   0   1   1   1   1   1   1
  2T   1   1   1   1   1   1   1   1   1   1   1   1   1   1   1   1   1   1   1   1
  3T   1   1   1   0   0   0   0   0   0   0   1   1   1   1   1   1   1   1   1   1
  4T   0   0   0   0   0   1   1   1   1   1   1   1   1   1   1   1   1   1   1   0
  5T   0   0   0   0   0   1   1   1   1   1   1   1   1   1   1   1   1   1   0   0
  6T   1   1   1   1   1   1   1   0   0   1   1   1   0   0   0   1   1   1   1   1
  7T   1   1   1   1   1   0   0   0   0   1   0   0   1   1   1   1   1   1   1   1
  8T   0   0   0   0   0   0   1   1   1   1   1   1   1   1   0   0   0   0   1   1
  9T   1   1   1   1   1   1   1   1   1   1   1   1   1   1   1   1   1   1   1   1
 10T   1   1   1   1   1   1   1   1   1   0   0   0   0   0   0   0   0   0   0   0
 11T   1   1   1   1   1   0   0   0   0   1   1   1   1   1   1   0   0   0   0   1
 12T   0   0   0   0   0   0   0   1   1   0   0   1   1   0   1   1   1   1   1   1
 13T   1   1   1   1   1   1   0   0   0   0   0   0   0   1   1   1   1   1   1   1
 14T   1   1   1   1   1   1   1   1   1   0   1   1   1   1   0   0   0   0   0   0
 15T   1   1   1   1   1   1   1   1   1   1   1   0   0   0   0   0   0   0   0   0
