Number of Tool Switches: 21 

Time elapsed: 0.000763 
Tool Sequence:
     17J 13J 14J 16J 20J  5J 10J 11J  3J 18J  9J  2J 12J  8J  7J  4J  1J  6J 15J 19J
  1T   0   0   0   0   0   0   0   0   0   0   0   0   0   0   1   1   1   1   1   1
  2T   1   1   1   1   1   1   1   1   1   1   1   1   1   1   1   1   1   1   1   1
  3T   0   0   0   0   0   0   0   0   0   0   1   1   0   0   0   0   0   0   1   1
  4T   0   0   0   0   0   0   0   0   0   0   0   0   1   1   1   1   1   1   1   1
  5T   1   1   1   1   1   1   1   1   1   1   0   0   0   0   0   0   0   0   0   0
  6T   1   1   1   1   1   1   1   0   0   0   0   0   0   0   0   0   0   0   0   0
  7T   1   1   1   0   0   0   0   0   0   0   0   0   0   0   0   0   0   0   0   0
  8T   0   0   0   0   0   0   0   0   0   0   0   0   0   0   0   0   0   0   1   1
  9T   1   1   1   1   1   1   1   1   1   1   1   1   1   1   0   0   0   0   0   0
 10T   1   1   1   1   1   1   0   0   0   0   0   0   0   0   0   0   0   0   0   0
 11T   1   1   1   1   1   1   1   1   1   1   1   1   1   1   1   1   1   1   1   1
 12T   1   1   1   1   1   0   0   0   0   0   0   0   0   0   0   0   0   0   0   0
 13T   0   0   0   0   0   1   1   1   1   1   1   1   1   1   1   1   1   1   1   1
 14T   0   0   0   0   0   0   0   1   1   1   1   1   1   1   1   0   0   0   0   0
 15T   1   1   1   1   1   1   1   1   1   1   1   1   1   1   1   1   1   1   1   1
 16T   0   0   0   0   0   0   1   1   1   1   1   1   1   1   1   1   1   1   0   0
 17T   0   0   0   0   0   0   0   0   0   0   0   0   0   0   0   1   1   1   1   1
 18T   1   1   1   1   1   1   1   1   1   1   1   1   1   1   1   1   1   1   1   1
 19T   0   0   0   1   1   1   1   1   1   1   1   1   1   1   0   0   0   0   0   0
 20T   0   0   0   0   0   0   0   0   0   0   0   0   0   0   1   1   1   1   0   0
