Number of Tool Switches: 30 

Time elapsed: 0.001460 
Tool Sequence:
     18J  6J 10J  2J 20J  5J 15J 17J 12J  3J 11J 14J 19J  4J 13J  9J  1J  7J  8J 16J
  1T   1   1   1   1   1   1   1   1   1   1   1   1   1   1   1   1   1   1   1   1
  2T   1   1   1   1   1   1   1   1   1   1   1   1   1   1   1   1   1   1   1   1
  3T   1   1   1   1   1   1   1   0   0   0   0   0   1   1   1   1   1   1   1   1
  4T   0   0   0   0   0   0   0   1   1   1   1   1   1   1   1   1   1   1   1   1
  5T   1   1   1   1   1   0   0   0   0   0   0   0   0   0   0   0   0   0   0   0
  6T   1   1   1   1   1   1   1   1   1   1   1   1   1   1   1   1   1   1   1   1
  7T   1   1   1   1   1   1   1   1   1   1   1   1   0   0   0   0   0   0   0   0
  8T   1   1   1   1   1   1   1   1   1   1   1   1   0   0   0   0   0   0   0   1
  9T   1   1   1   1   1   1   1   0   0   0   0   0   1   1   1   1   1   1   1   1
 10T   1   1   1   1   1   1   1   1   1   1   1   1   1   1   1   1   1   1   1   1
 11T   1   1   1   1   1   1   1   1   1   1   1   1   1   1   1   1   1   1   1   1
 12T   1   1   1   1   1   1   1   1   1   1   1   1   1   1   1   1   1   1   1   1
 13T   1   1   1   1   1   1   1   1   1   1   1   1   1   1   1   1   1   1   1   1
 14T   1   1   1   1   1   1   1   1   1   0   0   0   0   0   0   0   0   0   0   0
 15T   0   0   0   0   0   0   0   0   0   1   1   1   1   1   1   1   1   1   1   1
 16T   1   1   1   1   1   1   1   1   1   1   1   1   1   1   1   1   1   1   1   1
 17T   1   1   1   1   1   1   1   1   1   1   1   1   1   1   1   1   1   1   1   1
 18T   1   1   1   1   1   1   1   1   1   1   1   1   0   0   0   0   0   0   1   1
 19T   1   1   1   1   1   1   1   1   1   1   1   1   1   1   1   1   1   1   1   1
 20T   1   1   1   1   1   1   1   1   1   1   1   1   1   1   1   1   1   1   1   1
 21T   0   0   0   0   0   0   0   1   1   1   1   1   1   1   1   1   1   1   1   1
 22T   1   1   1   1   1   1   1   0   0   0   0   0   1   1   1   1   1   1   1   1
 23T   0   0   0   0   0   1   1   1   1   1   1   1   1   1   1   1   1   1   1   1
 24T   1   1   1   1   1   1   1   1   1   1   1   1   1   1   1   1   1   1   1   0
 25T   0   0   0   0   0   0   0   1   1   1   1   1   1   1   1   1   1   1   0   0
