Number of Tool Switches: 27 

Time elapsed: 0.001062 
Tool Sequence:
      4J 21J 22J 24J  8J 10J 17J  6J 18J  5J 12J  3J 13J 11J  2J 14J 16J 15J 19J 23J  9J 25J  1J  7J 20J
  1T   0   0   0   0   0   0   0   0   0   0   1   1   1   1   1   1   1   1   1   1   1   1   1   1   1
  2T   1   1   1   1   1   1   1   1   1   1   1   1   1   1   1   1   1   1   1   1   1   1   1   1   1
  3T   0   0   0   0   0   0   0   0   1   1   1   1   1   1   1   1   1   1   1   1   1   1   1   1   1
  4T   1   1   1   1   1   1   1   1   1   1   1   1   1   1   1   1   1   1   1   1   1   1   1   1   1
  5T   1   1   1   1   1   1   1   1   1   1   0   0   0   0   0   0   1   1   1   1   1   1   1   1   1
  6T   0   0   0   0   0   0   0   0   0   0   1   1   1   1   1   1   1   1   1   1   1   1   1   1   1
  7T   1   1   1   1   1   1   1   1   1   1   1   1   1   1   1   1   1   1   1   1   1   1   1   1   1
  8T   1   1   1   1   1   1   1   1   1   1   0   0   0   0   0   1   1   1   1   1   1   0   0   0   0
  9T   0   0   0   0   0   0   0   0   0   0   1   1   1   1   1   1   1   1   1   1   1   1   1   1   1
 10T   1   1   1   1   1   1   1   1   0   0   0   0   0   0   0   0   1   1   1   1   0   0   0   0   0
 11T   1   1   1   1   1   1   1   1   1   1   0   0   0   0   0   0   1   1   1   1   1   1   1   1   1
 12T   1   1   1   1   1   1   1   1   1   1   1   1   1   1   1   1   0   0   0   0   1   1   1   1   1
 13T   1   1   1   1   1   1   1   1   1   1   1   1   1   1   1   1   1   1   1   1   1   1   1   1   1
 14T   1   1   1   1   1   1   1   1   1   1   1   1   1   1   1   1   1   1   1   0   0   0   0   0   0
 15T   1   1   1   1   1   1   1   1   1   1   1   1   1   1   1   1   1   1   1   1   1   1   1   1   1
 16T   1   1   1   1   1   1   1   1   1   1   1   1   1   1   1   0   0   0   0   0   0   0   0   0   0
 17T   1   1   1   1   1   1   0   0   0   0   0   0   0   0   0   0   0   0   0   0   0   0   0   0   0
 18T   1   1   1   1   1   1   1   1   1   1   1   1   1   1   1   1   1   1   1   1   1   1   1   1   1
 19T   0   0   0   0   0   0   1   1   1   1   1   1   1   1   1   1   0   0   0   1   1   1   1   1   1
 20T   1   1   1   1   1   1   1   1   1   1   1   1   1   1   1   1   0   0   0   0   0   1   1   1   1
