Number of Tool Switches: 77 

Time elapsed: 0.002127 
Tool Sequence:
     19J  5J  9J 16J 13J  3J  7J 20J  6J  8J 17J 15J 12J 18J 14J  1J 11J 10J  2J  4J
  1T   1   1   1   1   1   1   0   0   0   1   1   1   1   1   1   0   0   1   1   1
  2T   0   0   0   1   1   1   1   1   1   1   0   0   0   1   1   1   1   1   1   1
  3T   0   0   1   1   1   0   1   1   1   1   0   0   1   0   0   0   1   0   0   1
  4T   0   1   1   1   0   0   1   1   0   0   1   1   0   0   0   1   1   0   0   0
  5T   1   1   1   1   1   1   1   1   1   0   0   0   1   1   1   0   0   0   0   0
  6T   1   0   0   0   1   1   1   1   1   1   1   0   0   0   0   0   0   0   0   0
  7T   1   1   1   1   0   0   0   0   0   0   1   1   1   1   1   1   1   1   1   1
  8T   0   1   1   1   0   1   1   1   1   1   1   1   1   1   1   1   0   0   0   0
  9T   1   1   1   1   1   0   0   0   1   1   0   0   0   1   1   1   1   1   1   1
 10T   0   0   1   1   1   0   1   1   1   1   1   1   1   1   1   0   0   1   1   1
 11T   1   1   1   1   1   1   1   0   0   0   0   0   0   0   0   0   0   0   0   0
 12T   1   1   1   1   1   1   0   0   0   1   1   1   0   0   0   1   1   1   1   1
 13T   0   0   0   0   0   0   1   0   0   0   0   1   1   1   1   0   1   1   1   1
 14T   1   1   0   0   1   1   1   1   1   0   0   1   1   1   1   1   1   1   1   1
 15T   1   1   0   0   0   0   0   0   0   1   1   1   1   1   1   1   1   1   0   0
 16T   1   0   0   0   1   1   0   1   1   1   0   0   1   1   1   1   1   1   1   1
 17T   1   1   1   1   1   1   0   0   1   1   1   1   0   0   1   1   1   0   0   1
 18T   1   1   1   0   0   0   0   1   1   1   1   0   0   0   1   1   1   1   1   1
 19T   1   1   0   0   0   1   1   1   0   0   1   1   1   0   1   0   0   0   1   1
 20T   1   1   1   0   0   0   1   1   1   1   1   1   1   0   1   1   1   1   1   0
 21T   0   1   1   1   0   0   1   1   1   1   1   0   0   1   0   1   1   1   1   1
 22T   0   0   0   0   0   1   1   1   0   0   1   1   1   1   0   0   0   0   0   0
 23T   0   0   1   1   1   1   1   1   0   0   1   1   1   0   0   1   1   1   1   1
 24T   0   0   0   0   1   1   0   0   1   0   0   1   1   1   0   0   0   1   1   0
 25T   1   0   0   1   1   1   0   0   1   1   0   0   0   1   0   1   0   0   0   0
