Number of Tool Switches: 25 

Time elapsed: 0.000877 
Tool Sequence:
      6J  2J 10J 17J  4J 19J 18J 13J 12J  1J 11J  3J  8J 16J 15J 14J  7J  5J 20J  9J
  1T   0   0   0   0   0   0   0   0   0   0   0   0   0   1   1   1   1   1   1   1
  2T   1   1   1   1   1   1   1   1   1   1   1   1   1   1   1   1   1   1   1   1
  3T   1   1   1   1   1   1   1   1   1   1   1   1   1   1   1   1   1   1   1   1
  4T   0   0   0   0   0   0   0   0   0   0   0   1   1   1   1   1   1   1   1   1
  5T   1   1   1   1   1   1   1   1   1   1   1   1   1   1   1   1   1   1   1   1
  6T   0   0   0   0   0   0   0   0   0   0   0   0   0   0   0   0   0   0   0   1
  7T   0   0   0   0   0   0   0   0   1   1   0   0   0   0   0   0   0   0   0   0
  8T   0   0   0   0   0   0   0   0   0   0   0   0   0   0   0   0   1   1   1   1
  9T   0   0   0   0   0   0   0   0   0   0   0   1   1   1   1   1   0   0   0   0
 10T   0   0   0   0   0   0   0   0   0   1   1   0   0   0   0   0   0   0   0   0
 11T   1   1   1   1   1   1   1   1   1   1   1   1   1   1   1   1   1   1   1   1
 12T   0   0   0   0   0   0   0   0   0   0   0   0   0   0   1   1   0   0   0   0
 13T   0   0   0   0   0   0   0   0   0   0   0   0   0   0   0   0   1   1   0   0
 14T   1   1   1   1   1   1   1   1   0   0   0   0   0   0   0   0   0   0   0   0
 15T   0   0   0   0   0   0   0   1   1   0   0   0   0   0   0   0   0   0   0   0
 16T   1   1   1   1   1   1   1   1   0   0   0   0   0   0   0   0   0   0   0   0
 17T   0   0   0   0   0   0   0   1   1   1   1   1   1   1   1   1   1   1   1   1
 18T   1   1   1   1   1   1   1   0   0   0   0   0   0   0   0   0   0   0   0   0
 19T   1   1   1   1   1   1   1   1   1   1   1   1   1   0   0   0   0   0   0   0
 20T   1   1   1   1   1   1   1   0   0   0   0   0   0   0   0   0   0   0   0   0
 21T   0   0   0   0   0   0   0   0   0   0   1   0   0   0   0   0   0   0   0   0
 22T   0   0   0   0   0   0   0   1   1   1   1   1   1   1   0   0   0   0   0   0
 23T   0   0   0   0   0   0   0   0   1   1   1   1   1   1   1   1   1   1   1   0
 24T   0   0   0   0   0   0   0   0   0   0   0   0   0   0   0   0   0   0   1   1
 25T   1   1   1   1   1   1   1   0   0   0   0   0   0   0   0   0   0   0   0   0
