Number of Tool Switches: 35 

Time elapsed: 0.001292 
Tool Sequence:
     10J  3J  4J  1J 18J 13J 15J 16J  6J  8J 14J 17J  2J  9J  5J  7J 20J 12J 11J 19J
  1T   0   0   0   0   0   0   0   0   0   1   1   1   1   1   1   1   1   1   1   1
  2T   1   1   1   1   1   1   1   1   1   1   1   1   1   1   1   1   1   0   0   0
  3T   0   0   0   0   0   0   0   0   0   0   0   1   1   1   1   1   1   1   1   1
  4T   1   1   1   1   1   1   1   1   1   1   1   1   1   1   1   1   1   1   1   1
  5T   1   1   1   1   1   1   1   1   1   1   1   0   0   0   0   0   0   0   0   0
  6T   1   1   1   1   1   1   1   1   1   1   1   1   1   1   1   1   1   1   1   1
  7T   1   1   1   1   1   1   0   0   0   0   0   0   0   1   1   1   1   1   1   1
  8T   1   1   1   1   1   1   1   1   1   1   1   1   1   0   0   0   0   1   1   1
  9T   1   1   1   1   1   1   1   1   1   1   0   0   0   0   0   0   0   0   0   0
 10T   0   0   0   0   1   1   1   1   1   1   1   1   1   1   1   1   1   1   1   1
 11T   0   0   0   0   0   1   1   1   1   1   1   1   1   1   1   1   1   1   1   1
 12T   1   1   1   0   0   0   0   0   0   0   0   0   0   0   0   0   0   0   0   0
 13T   1   1   1   1   0   0   0   0   0   0   1   1   1   1   1   1   1   1   1   1
 14T   1   1   1   1   1   1   1   1   1   1   1   1   1   0   0   0   0   1   1   1
 15T   0   0   0   0   1   1   1   1   1   0   0   0   1   1   1   1   1   0   0   0
 16T   1   1   1   1   1   1   1   1   1   0   0   0   0   1   1   1   1   1   1   1
 17T   0   0   0   1   1   1   1   1   0   0   0   0   0   0   0   0   0   0   0   0
 18T   0   0   0   0   0   0   0   0   0   1   1   1   1   1   1   1   1   0   0   0
 19T   0   0   0   0   0   0   0   0   0   1   1   1   1   0   0   0   0   0   0   0
 20T   1   1   1   1   1   1   1   1   1   0   0   1   1   1   1   1   1   1   1   1
 21T   0   0   0   0   0   0   0   0   1   1   1   1   0   0   0   0   0   0   0   0
 22T   1   1   1   1   0   0   0   0   0   1   1   1   1   1   1   1   1   1   1   1
 23T   0   0   0   0   0   0   1   1   1   1   1   0   0   0   0   0   0   1   1   1
 24T   1   1   1   1   1   1   1   1   1   0   0   0   0   1   1   1   1   1   1   1
 25T   1   1   1   1   1   0   0   0   0   0   0   0   0   0   0   0   0   0   0   0
