Number of Tool Switches: 35 

Time elapsed: 0.001795 
Tool Sequence:
     13J 18J  7J  9J 20J 14J 10J  6J  2J  5J 11J  3J 15J 19J  8J  1J  4J 12J 16J 17J
  1T   1   1   1   1   1   1   0   0   0   0   0   1   1   1   1   1   1   1   1   1
  2T   0   0   0   0   0   0   1   1   1   1   1   0   0   0   0   0   0   0   0   0
  3T   1   1   1   1   1   1   1   1   1   1   1   1   1   1   1   1   1   1   1   1
  4T   0   0   0   0   0   0   1   1   1   1   1   1   1   1   1   1   1   1   1   1
  5T   0   0   0   0   0   0   0   0   0   0   0   1   1   1   1   1   1   1   1   1
  6T   0   0   0   0   0   0   1   1   1   1   1   1   1   0   0   0   0   0   0   0
  7T   1   1   1   1   1   1   1   1   1   1   1   0   0   0   0   0   0   0   0   1
  8T   1   1   1   1   1   1   1   1   1   1   1   1   1   1   1   1   1   1   1   1
  9T   1   1   1   1   1   1   1   1   1   1   1   1   1   1   1   1   1   1   1   1
 10T   1   1   1   1   1   1   1   1   0   0   0   0   0   0   0   0   0   0   0   0
 11T   1   1   1   1   1   1   1   1   1   1   1   0   0   0   0   1   1   1   1   1
 12T   1   1   1   1   1   1   1   1   1   1   1   1   1   1   1   0   0   0   0   0
 13T   0   0   0   0   1   1   0   0   0   0   0   0   0   1   1   1   1   1   1   1
 14T   1   1   1   1   1   1   0   0   0   0   0   0   0   0   0   1   1   1   1   1
 15T   0   0   0   0   0   0   0   0   0   0   1   1   1   1   1   1   1   1   1   1
 16T   0   0   0   0   0   0   0   0   0   0   0   1   1   1   1   1   1   1   1   1
 17T   1   1   1   1   1   1   1   1   1   1   1   1   1   1   1   1   1   1   0   0
 18T   1   1   1   1   0   0   0   0   0   0   0   0   0   0   0   0   0   0   0   0
 19T   0   0   0   0   1   1   1   1   1   1   0   0   0   0   0   0   0   0   0   0
 20T   0   0   0   0   0   0   1   1   1   1   0   0   0   0   0   0   0   0   0   0
 21T   1   1   1   1   1   1   0   0   0   0   0   1   1   1   1   1   1   1   1   0
 22T   1   1   1   1   0   0   0   0   0   0   1   1   1   1   1   0   0   0   0   1
 23T   1   1   1   1   1   1   1   1   1   1   1   1   1   1   1   1   1   1   1   1
 24T   0   0   0   0   0   0   1   1   1   1   1   1   1   1   1   1   1   1   1   0
 25T   1   1   1   1   1   1   0   0   1   1   1   0   0   0   0   0   0   0   1   1
