Number of Tool Switches: 31 

Time elapsed: 0.001070 
Tool Sequence:
     10J  3J 15J 17J 13J 16J 19J 14J  8J 24J 23J  9J  7J  4J 21J  1J 20J 11J  6J 18J  2J 25J 12J 22J  5J
  1T   0   0   0   0   0   0   0   0   0   0   0   0   0   0   0   0   0   0   0   0   0   0   1   1   1
  2T   0   0   0   0   0   0   0   1   1   1   0   0   0   0   0   0   0   0   0   0   0   0   0   0   0
  3T   1   1   1   1   1   1   0   0   0   0   0   0   0   0   0   1   1   1   1   1   1   1   1   1   1
  4T   1   1   1   1   0   0   0   0   0   0   0   0   0   0   0   0   0   0   0   1   1   1   1   1   1
  5T   0   0   0   0   0   0   1   1   1   1   1   1   1   1   1   1   0   0   0   0   0   0   0   0   0
  6T   0   0   0   0   0   0   0   0   0   0   1   1   1   1   1   1   1   1   1   0   0   0   0   0   0
  7T   1   1   1   1   1   1   1   1   1   1   1   1   1   1   1   1   1   1   1   0   0   0   0   0   0
  8T   0   0   0   0   1   1   1   0   0   0   0   0   0   0   0   0   0   0   0   0   0   0   0   0   0
  9T   0   0   0   1   0   0   0   0   0   0   0   0   0   0   0   0   1   1   1   1   1   1   1   1   1
 10T   0   0   0   0   0   0   0   0   0   0   0   0   0   0   0   0   0   0   1   1   0   0   0   0   0
 11T   0   0   0   0   0   0   0   0   0   1   1   1   1   1   1   0   0   0   0   0   0   0   0   0   0
 12T   1   1   1   1   1   1   1   1   1   1   1   1   1   1   1   1   1   1   0   0   0   0   0   0   0
 13T   1   1   1   1   1   1   1   1   1   1   1   1   1   1   1   0   0   0   0   0   1   1   1   1   1
 14T   0   0   0   0   0   0   1   1   1   0   0   0   0   0   0   0   0   0   0   0   0   0   0   0   0
 15T   1   1   1   1   0   0   0   0   0   0   0   0   0   0   0   0   0   0   0   0   0   0   0   0   0
 16T   0   0   0   0   1   1   0   0   0   0   0   0   0   0   0   0   0   0   1   1   1   1   0   0   0
 17T   0   0   0   0   0   0   0   0   0   0   0   0   0   0   0   1   1   1   1   1   1   1   1   1   1
 18T   0   0   0   0   1   1   1   1   1   1   1   1   0   0   0   0   0   0   0   0   0   0   1   1   1
 19T   1   1   1   1   1   1   0   0   0   0   0   0   0   0   0   0   0   0   0   0   0   0   0   0   0
 20T   1   1   1   1   1   1   1   1   1   1   1   1   1   1   1   1   1   1   0   0   0   0   0   0   0
 21T   1   1   1   1   1   1   1   1   1   1   1   1   1   1   1   1   1   1   1   1   1   1   1   1   1
 22T   0   0   0   0   0   0   0   0   0   0   0   0   1   1   1   1   1   1   1   1   1   1   0   0   0
 23T   0   0   0   0   0   0   0   0   0   0   0   0   0   0   0   0   0   0   0   1   1   1   1   1   1
 24T   0   0   0   0   0   0   1   1   1   1   1   1   1   1   1   1   1   1   1   1   1   1   1   1   1
 25T   1   1   1   0   0   0   0   0   0   0   0   0   0   0   0   0   0   0   0   0   0   0   0   0   0
