Number of Tool Switches: 27 

Time elapsed: 0.000841 
Tool Sequence:
     11J  3J 12J  7J  6J  2J 13J 14J 20J 15J 19J  1J  4J 17J 18J  9J  5J 16J  8J 10J
  1T   0   0   0   0   0   0   0   0   1   1   1   1   1   1   1   1   1   1   1   1
  2T   1   1   1   1   1   1   1   1   1   1   1   1   1   1   1   1   1   1   1   1
  3T   1   1   1   1   1   1   1   1   0   0   0   0   0   0   0   0   0   0   0   0
  4T   0   0   0   0   0   1   1   1   1   1   1   1   1   1   0   0   0   0   0   0
  5T   0   0   0   0   0   0   0   0   0   0   0   0   1   1   1   1   1   1   1   1
  6T   1   1   1   1   0   0   0   0   0   0   0   0   0   0   0   0   0   0   0   0
  7T   0   0   0   0   0   0   0   0   0   1   1   1   0   0   0   0   0   0   0   0
  8T   0   0   0   0   1   1   1   1   1   0   0   0   0   0   0   0   0   0   0   0
  9T   0   0   0   0   0   0   0   0   0   1   1   1   1   1   1   1   1   1   1   1
 10T   0   0   0   0   0   0   0   0   0   1   1   1   1   1   1   1   0   0   0   0
 11T   0   0   0   0   0   0   1   1   1   1   1   1   1   1   1   1   1   1   1   1
 12T   0   0   0   1   1   1   1   1   0   0   0   0   0   0   0   0   0   0   0   0
 13T   0   0   0   0   0   0   0   0   0   0   0   0   0   0   0   0   1   1   1   1
 14T   1   1   1   1   0   0   0   0   0   0   1   1   1   1   1   1   1   1   1   1
 15T   0   0   0   0   0   0   0   0   0   0   0   0   0   0   1   1   1   1   1   1
 16T   0   0   0   0   1   1   1   1   1   0   0   0   0   0   0   0   0   1   1   1
 17T   1   1   1   0   0   0   0   0   0   0   0   0   0   0   0   0   0   0   0   0
 18T   1   1   1   1   1   1   1   1   1   1   1   1   1   1   1   1   1   1   1   1
 19T   1   1   1   1   0   0   0   0   0   0   0   0   0   0   0   0   0   0   0   0
 20T   0   0   0   0   1   1   0   0   0   0   0   0   0   0   0   0   0   0   0   0
 21T   1   1   1   1   1   1   1   1   1   1   0   0   0   0   0   0   0   0   0   0
 22T   1   1   1   1   0   0   0   0   0   0   0   0   0   0   0   0   0   0   0   0
 23T   1   1   1   1   1   0   0   0   0   0   0   0   0   0   0   0   0   0   0   0
 24T   0   0   0   0   0   0   0   0   1   0   0   0   0   0   0   0   0   0   0   0
 25T   0   0   0   0   1   1   1   1   1   1   1   1   1   1   1   1   1   0   0   0
