Number of Tool Switches: 29 

Time elapsed: 0.001954 
Tool Sequence:
     19J  7J  9J  2J 15J 18J 14J 11J 17J  4J  1J  8J 12J 13J 10J  3J  5J  6J 16J 20J
  1T   1   1   1   1   1   1   1   1   1   1   1   1   1   1   1   1   1   1   1   1
  2T   1   1   1   1   1   1   1   1   1   1   1   1   1   1   1   1   1   1   1   1
  3T   1   1   1   1   1   1   1   1   1   1   1   1   1   1   0   0   0   0   1   1
  4T   0   0   0   0   0   1   1   0   0   0   0   0   0   0   1   1   1   1   1   1
  5T   1   1   1   1   1   1   1   1   1   1   1   1   1   1   1   1   1   1   1   1
  6T   1   1   1   1   1   1   1   1   1   1   1   1   1   1   1   1   1   1   1   1
  7T   1   1   1   1   1   1   1   1   1   1   1   1   1   1   1   1   1   1   1   1
  8T   1   1   1   1   1   1   1   1   1   1   1   1   1   1   1   1   1   1   1   1
  9T   1   1   1   1   1   1   1   0   0   0   0   0   1   1   1   1   1   1   1   1
 10T   1   1   1   1   1   1   1   1   1   1   1   1   1   1   1   1   1   1   1   1
 11T   0   0   0   0   0   0   0   1   1   1   1   1   1   1   1   1   1   1   1   1
 12T   1   1   1   1   1   1   1   1   1   1   1   1   1   1   0   0   0   0   0   0
 13T   1   1   1   1   1   0   0   0   0   0   0   0   0   0   1   1   1   1   1   1
 14T   0   0   0   0   0   0   0   1   1   1   1   1   1   1   1   1   1   1   1   1
 15T   1   1   1   1   1   1   1   1   1   1   1   1   1   1   1   1   1   1   1   1
 16T   1   1   1   1   1   1   1   1   1   1   1   1   0   0   0   0   0   0   0   0
 17T   1   1   1   1   1   0   0   0   0   0   0   0   0   0   0   0   0   0   0   0
 18T   1   1   1   1   1   1   1   1   1   1   1   1   1   1   1   1   1   1   1   1
 19T   0   0   0   0   0   1   1   1   1   1   1   1   1   1   1   1   1   1   1   1
 20T   1   1   1   1   1   1   1   1   1   1   1   1   1   1   1   1   1   1   1   1
 21T   1   1   1   1   1   1   1   1   1   1   1   1   1   1   1   1   1   1   1   1
 22T   1   1   1   1   1   1   1   1   1   1   1   0   0   0   0   0   0   0   0   0
 23T   1   1   1   1   1   1   1   1   1   1   1   1   1   1   1   1   1   1   0   0
 24T   1   1   1   1   1   1   1   1   1   1   1   1   1   1   1   1   1   1   1   1
 25T   0   0   0   0   0   0   0   0   0   0   0   1   1   1   1   1   1   1   1   1
