Number of Tool Switches: 33 

Time elapsed: 0.001567 
Tool Sequence:
     17J  1J  7J 16J  6J 11J 13J  8J 20J  5J 18J  2J 14J 19J 10J  3J 12J  9J 15J  4J
  1T   0   0   0   0   0   0   1   1   1   0   0   1   1   0   0   0   0   0   0   0
  2T   1   1   1   0   0   0   0   0   0   0   0   0   0   0   0   0   0   0   0   0
  3T   0   0   0   1   1   1   1   1   1   1   0   0   0   0   0   0   0   0   0   0
  4T   0   0   0   0   0   0   0   0   0   0   0   0   0   0   0   0   0   1   0   1
  5T   1   1   0   0   0   0   0   0   0   0   0   0   0   1   1   1   1   1   0   1
  6T   1   1   1   1   0   0   1   1   1   0   0   0   0   0   0   0   1   1   1   0
  7T   1   1   1   1   0   0   1   1   1   0   1   0   0   0   0   1   1   0   1   1
  8T   0   0   0   0   0   0   0   0   0   1   1   1   1   1   1   1   0   0   0   0
  9T   0   0   0   0   1   1   1   0   0   0   0   0   0   0   0   0   0   0   0   0
 10T   0   0   0   0   1   1   0   0   0   0   0   1   1   1   1   0   0   1   1   1
 11T   1   1   1   1   1   1   0   0   0   0   0   0   0   0   0   0   0   0   0   0
 12T   0   0   0   0   1   1   0   1   1   0   0   0   0   0   0   0   0   0   1   0
 13T   0   0   0   1   0   0   0   0   0   1   1   0   0   1   1   1   1   0   1   1
 14T   0   0   1   0   0   0   0   0   0   1   1   1   1   1   1   1   1   1   0   0
 15T   0   0   0   0   0   0   0   0   0   1   1   1   1   0   0   0   0   0   0   0
