Number of Tool Switches: 40 

Time elapsed: 0.000997 
Tool Sequence:
      9J 20J 13J 19J  6J  2J 14J 10J 16J  3J  4J  7J  8J  5J 18J 15J 17J  1J 12J 11J
  1T   0   0   0   0   0   0   0   1   1   1   1   0   0   0   0   0   0   0   0   0
  2T   0   0   0   0   1   0   0   0   0   0   0   0   0   1   1   1   0   0   0   0
  3T   0   0   1   0   0   0   0   0   0   0   0   1   0   0   0   0   0   1   0   1
  4T   0   0   0   1   0   0   0   1   0   0   0   0   0   1   1   1   0   0   1   1
  5T   1   1   1   1   1   0   0   0   0   0   0   0   0   0   0   0   0   0   0   0
  6T   0   0   0   1   0   0   1   1   0   0   0   0   0   0   0   0   0   0   0   0
  7T   1   0   0   0   1   1   0   0   0   0   0   0   1   0   1   1   1   0   0   0
  8T   0   0   0   0   0   0   0   0   0   0   0   0   0   0   0   0   1   1   1   0
  9T   0   0   0   0   0   0   0   0   0   0   1   1   1   1   1   1   1   1   0   1
 10T   1   1   0   0   0   0   0   0   0   0   0   0   0   0   0   0   0   0   0   0
 11T   0   0   0   0   1   1   1   1   1   1   0   0   0   0   0   0   0   0   0   0
 12T   0   0   0   0   0   0   0   0   0   0   1   0   0   0   0   0   0   0   1   1
 13T   1   1   1   1   0   0   0   0   0   0   0   1   0   0   0   0   0   0   1   1
 14T   0   0   0   0   0   1   1   1   1   1   1   1   1   0   0   1   1   1   0   0
 15T   0   1   1   1   0   1   1   0   1   1   1   1   0   0   0   0   0   0   0   0
 16T   0   0   0   0   0   0   0   0   1   1   0   0   1   1   0   0   0   0   0   0
 17T   1   1   1   0   0   0   0   0   0   0   0   0   0   0   0   0   0   0   0   0
 18T   0   0   0   0   0   0   0   0   0   0   0   0   0   1   1   0   0   0   0   0
 19T   0   0   0   0   1   1   1   0   0   0   0   0   0   0   0   0   0   0   0   0
 20T   0   0   0   0   0   0   0   0   0   0   0   0   1   0   0   0   1   1   1   0
