Number of Tool Switches: 85 

Time elapsed: 0.002495 
Tool Sequence:
     19J 17J 14J 13J 15J  6J  2J  8J 11J  7J  4J  9J 20J  5J 16J 10J 18J  1J 12J  3J
  1T   1   1   1   1   1   1   1   0   0   1   1   1   1   0   0   0   0   1   1   1
  2T   1   1   1   1   1   0   0   1   1   0   0   1   0   0   1   1   1   0   0   0
  3T   0   0   0   0   0   1   1   1   0   0   1   1   0   1   1   1   0   0   0   1
  4T   1   1   1   1   1   0   0   1   1   0   0   0   1   1   1   1   1   1   1   1
  5T   0   1   1   1   1   1   1   0   0   0   0   1   0   1   1   1   1   1   1   1
  6T   1   1   1   1   1   1   0   0   0   0   0   0   0   0   0   0   0   0   0   0
  7T   0   0   0   1   1   1   1   1   1   1   0   1   1   1   1   1   0   0   0   0
  8T   0   1   0   0   1   0   0   1   1   1   0   1   1   0   1   0   0   0   1   1
  9T   0   0   0   0   0   1   1   1   1   1   1   1   1   0   0   0   1   1   1   1
 10T   1   1   1   1   1   1   1   1   1   1   1   1   1   1   1   0   0   0   0   0
 11T   0   0   0   1   0   0   0   0   1   1   1   0   0   1   1   1   1   1   1   1
 12T   0   0   1   1   1   1   1   1   1   1   1   1   1   1   1   1   1   1   0   0
 13T   0   0   1   1   1   1   1   0   0   0   0   0   1   1   0   1   1   1   1   1
 14T   1   0   1   0   0   1   1   1   1   0   1   0   1   0   1   0   0   1   1   0
 15T   1   1   1   1   0   0   0   0   1   1   1   0   1   0   0   1   1   0   0   1
 16T   0   1   1   0   0   1   1   1   1   1   1   0   0   1   1   1   1   1   1   0
 17T   1   0   0   1   1   1   1   0   1   0   1   0   0   1   0   1   1   0   0   1
 18T   1   1   1   1   0   0   1   1   1   1   1   0   0   0   0   0   0   0   0   0
 19T   0   0   1   1   1   0   0   0   0   0   0   1   1   1   1   0   1   1   1   0
 20T   1   1   0   0   0   0   1   1   1   1   0   0   1   1   1   1   1   1   1   1
 21T   1   1   0   0   0   0   0   1   0   0   1   1   1   1   1   0   0   1   1   1
 22T   1   1   1   0   1   1   1   0   0   1   0   1   1   1   0   1   1   1   1   1
 23T   1   1   1   1   0   0   0   1   1   1   1   1   0   0   1   1   1   1   1   1
 24T   1   1   0   0   1   1   0   0   0   1   1   1   1   1   0   0   0   0   0   0
 25T   1   0   0   0   1   1   1   1   0   1   1   1   0   0   0   1   1   1   1   1
