Number of Tool Switches: 27 

Time elapsed: 0.000878 
Tool Sequence:
     13J  7J 15J  9J  2J 11J  3J  5J 12J 10J 16J 17J  8J 20J 19J  4J 18J  1J 14J  6J
  1T   0   0   0   0   0   0   0   0   0   0   1   1   0   0   0   0   0   0   0   0
  2T   1   1   1   1   1   1   1   1   1   0   0   0   0   0   0   0   0   0   1   1
  3T   1   1   1   1   1   1   1   1   1   0   0   0   0   0   0   0   0   0   0   0
  4T   1   1   1   1   1   1   0   0   0   0   0   0   0   0   0   0   0   0   0   0
  5T   0   0   0   0   0   0   0   0   0   0   0   0   1   1   1   1   1   1   1   1
  6T   0   0   0   0   0   0   0   1   1   1   1   1   1   1   1   1   1   1   1   1
  7T   0   0   0   0   0   0   0   0   0   0   0   0   0   0   0   0   0   0   1   1
  8T   1   1   1   1   1   1   0   0   0   0   0   0   0   0   0   0   0   0   0   0
  9T   1   1   1   1   1   0   0   0   0   0   0   0   0   0   0   0   0   0   0   0
 10T   0   0   0   0   0   0   1   1   1   1   1   1   1   1   1   1   1   1   1   1
 11T   1   1   1   1   1   1   1   1   1   1   0   0   0   0   0   0   0   0   0   0
 12T   0   0   0   0   0   0   0   0   0   1   0   0   0   0   0   0   0   0   0   0
 13T   0   0   0   0   0   0   0   0   0   0   1   1   1   1   1   1   1   1   0   0
 14T   1   1   1   1   1   1   1   1   1   1   1   1   1   1   1   1   1   0   0   0
 15T   0   0   0   0   0   0   0   0   0   0   0   1   1   1   1   1   1   1   1   1
 16T   1   1   1   1   1   1   1   1   1   1   1   1   1   1   1   1   1   1   0   0
 17T   1   1   1   1   1   1   1   1   1   1   1   1   1   1   1   1   1   1   1   1
 18T   0   0   0   0   0   1   1   1   0   0   0   0   0   0   0   0   0   0   0   0
 19T   0   0   0   0   0   0   1   0   0   0   0   0   0   0   0   0   0   0   0   0
 20T   1   1   1   1   1   1   1   1   1   1   1   0   0   0   0   0   0   0   0   0
 21T   0   0   0   0   0   0   0   0   0   0   0   1   1   1   1   1   1   0   0   0
 22T   0   0   0   0   0   0   0   0   0   0   0   0   0   0   0   0   0   1   1   0
 23T   0   0   0   0   0   0   0   0   0   1   1   0   0   0   0   0   0   1   1   1
 24T   0   0   0   0   0   0   0   0   0   0   0   0   0   0   0   0   0   0   0   1
 25T   0   0   0   0   0   0   0   0   1   1   1   1   1   1   1   1   1   1   1   1
