Number of Tool Switches: 26 

Time elapsed: 0.001035 
Tool Sequence:
     11J  1J 23J 18J 16J  3J  2J  8J 15J 17J  4J  5J  9J 20J 24J  6J 12J 22J 13J  7J 14J 10J 19J 21J 25J
  1T   1   1   1   1   1   1   1   1   0   0   0   0   0   0   1   1   1   0   0   0   0   0   1   1   1
  2T   1   1   1   1   1   1   1   1   1   1   0   0   0   0   0   0   0   0   0   0   0   0   0   0   0
  3T   1   1   1   1   1   1   1   1   1   1   1   1   1   0   0   0   0   0   0   0   1   1   1   1   1
  4T   0   0   0   0   0   0   0   0   0   0   0   0   0   0   0   0   0   1   1   1   1   1   1   1   1
  5T   0   0   0   0   1   1   1   1   1   1   1   1   1   1   0   0   0   0   0   0   0   0   0   0   0
  6T   1   1   1   1   1   1   1   1   0   0   0   0   0   0   1   1   1   1   1   1   1   1   1   1   1
  7T   1   1   1   1   1   0   0   0   0   0   0   1   1   1   1   0   0   0   0   0   0   0   0   0   0
  8T   0   0   0   0   0   0   0   0   1   0   0   0   0   0   0   1   1   1   1   1   1   1   1   1   1
  9T   0   0   0   0   0   1   1   1   1   1   1   1   1   1   1   1   1   1   1   1   1   1   1   1   1
 10T   0   0   0   0   0   0   0   0   1   1   1   1   1   1   1   1   1   1   1   1   1   1   1   1   1
 11T   1   1   1   1   1   1   1   1   1   1   1   1   1   1   1   1   1   1   1   1   1   1   1   1   1
 12T   1   1   1   1   1   1   1   1   1   1   1   0   0   0   0   0   0   0   0   0   0   0   0   0   0
 13T   0   0   0   0   0   0   0   0   0   0   0   0   0   1   1   1   1   1   1   1   1   1   0   0   0
 14T   0   0   0   0   0   0   0   0   0   1   1   1   1   1   1   1   1   1   1   1   0   0   0   0   0
 15T   0   0   0   0   0   0   0   0   0   0   0   0   0   0   0   0   0   0   0   0   1   1   1   1   1
 16T   0   0   0   0   0   1   1   1   1   1   1   1   1   1   0   0   0   0   0   0   0   0   0   0   0
 17T   1   1   1   1   1   0   0   0   0   0   0   0   0   0   0   0   0   0   0   0   0   0   0   0   0
 18T   0   0   0   0   0   0   0   0   0   0   1   1   1   1   1   1   1   1   1   1   0   0   0   0   0
 19T   1   1   1   1   1   1   1   1   1   1   1   1   1   1   1   1   1   1   1   1   1   1   1   1   1
 20T   1   1   1   1   0   0   0   0   0   0   0   0   0   0   0   0   0   0   0   0   0   0   0   0   0
