Number of Tool Switches: 33 

Time elapsed: 0.001366 
Tool Sequence:
     19J  7J 16J 14J  4J  2J 10J 17J 11J 20J 15J  5J 12J  9J 13J  3J  6J  1J  8J 18J
  1T   1   1   1   1   1   0   0   0   0   0   1   1   1   1   1   1   1   1   1   1
  2T   1   1   1   1   1   1   1   1   1   1   1   1   1   1   1   1   1   1   1   1
  3T   1   1   1   1   1   1   1   1   1   1   1   1   1   1   1   1   1   1   1   1
  4T   1   1   1   1   1   1   1   1   1   0   0   0   0   1   1   1   1   1   1   1
  5T   1   1   1   1   1   1   1   1   1   1   1   1   1   1   1   1   1   1   1   1
  6T   1   1   1   1   1   1   1   1   1   1   0   0   0   0   0   0   0   0   0   0
  7T   1   1   1   1   1   1   1   1   1   1   1   1   1   1   1   1   1   1   1   1
  8T   0   0   0   0   0   1   1   1   1   1   1   1   1   1   1   1   1   1   1   1
  9T   1   1   1   1   0   0   0   0   0   0   1   1   1   1   1   1   1   1   1   1
 10T   0   0   0   0   1   1   1   1   1   1   1   1   1   1   1   1   1   1   1   1
 11T   1   1   1   1   0   0   0   0   0   1   1   1   1   1   1   1   1   1   1   1
 12T   0   0   0   0   1   1   1   1   1   1   1   1   1   1   1   1   1   1   1   1
 13T   0   0   0   0   0   1   1   1   1   1   1   1   1   1   1   1   1   1   1   1
 14T   1   1   1   1   1   1   1   1   1   1   1   1   1   1   1   1   1   1   1   1
 15T   1   1   1   1   1   1   1   1   1   1   1   1   1   1   1   1   1   1   1   1
 16T   1   1   1   1   1   1   1   1   1   1   1   1   1   0   0   0   0   0   0   0
 17T   0   0   0   0   0   0   0   0   1   1   1   1   1   1   1   1   1   1   1   1
 18T   1   1   1   1   1   1   1   1   1   1   1   1   1   1   1   1   1   1   1   1
 19T   1   1   1   1   1   1   1   1   1   1   1   1   1   1   1   1   0   0   0   0
 20T   1   1   1   1   1   1   1   1   1   1   1   1   1   1   1   0   0   0   0   0
 21T   1   1   1   1   1   1   1   1   1   0   0   0   0   0   0   0   1   1   1   1
 22T   1   1   1   1   1   1   1   1   0   0   0   0   0   0   0   0   0   0   0   0
 23T   1   1   1   1   1   1   1   1   1   1   1   1   1   1   1   1   1   1   1   1
 24T   1   1   1   1   1   1   1   1   1   1   0   0   1   1   1   1   1   1   1   1
 25T   1   1   1   1   1   0   0   0   0   1   1   1   0   0   0   1   1   1   1   1
