Number of Tool Switches: 25 

Time elapsed: 0.001050 
Tool Sequence:
      2J 16J  7J  1J 10J 13J  5J  6J 11J 15J  3J  4J 18J  8J 14J 19J 17J 20J  9J 12J
  1T   1   1   1   1   1   1   1   1   1   1   1   1   1   1   1   1   1   1   1   1
  2T   0   0   0   0   0   0   0   0   0   0   0   0   1   1   1   1   1   1   1   1
  3T   0   0   0   0   0   0   0   0   0   0   0   0   1   1   1   1   1   1   1   1
  4T   1   1   1   1   1   1   1   1   1   1   1   1   1   1   1   1   1   1   1   1
  5T   1   1   1   1   1   1   1   1   1   1   1   1   1   1   1   1   1   1   1   1
  6T   1   1   1   1   1   1   1   1   1   1   1   1   1   1   1   1   1   1   1   1
  7T   1   1   1   1   1   1   1   1   1   1   1   1   1   1   1   1   1   1   1   1
  8T   1   1   1   1   1   1   1   1   1   1   1   1   1   1   1   0   0   0   0   0
  9T   0   0   0   0   0   0   0   0   0   0   1   1   1   1   1   1   1   1   1   1
 10T   1   1   1   1   1   1   1   1   1   1   1   1   1   0   0   0   0   0   0   0
 11T   1   1   1   1   1   1   1   1   1   1   1   1   0   0   0   0   0   0   0   0
 12T   0   0   0   0   0   0   0   0   0   0   0   0   0   0   0   0   0   1   1   1
 13T   0   0   0   0   0   0   0   0   1   1   1   1   1   1   1   1   1   1   1   1
 14T   0   0   0   0   0   0   0   0   1   1   0   0   0   0   0   0   0   0   0   0
 15T   0   0   0   0   0   0   0   0   0   0   0   0   0   0   0   1   1   1   1   1
 16T   0   0   0   0   0   0   0   0   0   0   0   0   0   1   1   1   1   1   1   1
 17T   1   1   1   1   1   1   1   1   1   1   1   1   1   1   1   1   1   1   1   1
 18T   1   1   1   1   1   1   1   1   0   0   0   0   0   0   0   0   0   0   0   0
 19T   1   1   1   1   1   1   1   1   1   0   0   0   0   0   0   0   0   0   0   0
 20T   0   0   0   0   0   0   0   0   0   0   0   0   0   1   1   1   1   1   1   1
 21T   1   1   1   1   1   1   1   1   1   1   1   1   0   0   0   0   0   0   0   0
 22T   0   0   0   0   0   0   0   0   0   1   1   1   1   1   1   1   1   0   0   0
 23T   1   1   1   1   1   1   1   1   1   1   1   1   1   1   1   1   1   1   1   1
 24T   1   1   1   1   1   1   1   1   0   0   0   0   0   0   0   0   0   0   0   0
 25T   1   1   1   1   1   1   1   1   1   1   1   1   1   0   0   0   0   0   0   0
