Number of Tool Switches: 24 

Time elapsed: 0.000865 
Tool Sequence:
      9J  2J  8J 20J 13J  3J  5J 16J 17J 15J 19J 12J 11J  6J 18J  1J 14J  4J  7J 10J
  1T   1   1   1   1   1   1   1   1   0   0   0   0   0   0   1   1   1   1   1   1
  2T   1   1   1   1   0   0   0   0   0   0   0   0   0   0   0   0   0   0   0   0
  3T   1   1   1   1   1   1   1   1   1   1   1   1   0   0   0   0   0   0   0   0
  4T   1   1   1   1   1   1   1   1   1   1   1   1   1   1   1   1   0   0   0   0
  5T   0   0   0   0   0   0   0   1   1   1   1   1   1   1   1   1   1   1   1   1
  6T   0   0   0   0   0   0   0   0   0   1   1   1   1   1   1   1   0   0   1   1
  7T   1   1   1   1   1   1   1   1   1   1   1   1   1   1   1   1   0   0   0   1
  8T   1   1   1   1   1   1   1   0   0   0   0   0   0   0   1   1   1   1   1   1
  9T   1   1   1   1   1   1   1   1   1   0   0   0   1   1   1   1   1   1   1   1
 10T   0   0   0   0   1   1   1   1   1   1   1   1   1   1   1   1   1   1   1   0
 11T   0   0   0   0   0   0   0   0   1   0   0   0   1   1   0   0   1   1   1   1
 12T   1   1   1   1   1   1   1   1   1   1   1   1   1   1   1   1   1   1   0   0
 13T   1   1   1   1   1   1   1   1   1   1   1   1   1   1   0   0   1   1   1   1
 14T   1   1   1   1   1   1   1   1   1   1   1   1   0   0   0   0   1   1   1   1
 15T   0   0   0   0   0   0   0   0   0   1   1   1   1   1   1   1   1   1   1   1
