Number of Tool Switches: 34 

Time elapsed: 6.148322 
Tool Sequence:
     12J  8J  3J 15J  5J  1J  7J  4J 14J 10J 11J  2J 13J  6J  9J
  1T   0   0   0   0   0   0   0   0   0   0   0   1   0   0   0
  2T   0   0   0   0   0   0   0   0   0   0   0   0   0   0   1
  3T   0   0   1   1   0   0   0   0   0   0   1   1   1   0   0
  4T   0   0   0   0   0   0   0   1   0   0   0   0   0   0   0
  5T   0   0   0   0   0   0   0   1   1   1   0   0   0   0   1
  6T   0   0   1   0   0   0   0   0   0   0   0   0   0   0   0
  7T   0   0   0   0   0   0   0   0   0   0   0   0   1   0   0
  8T   1   1   1   0   0   0   0   0   0   0   0   0   0   0   0
  9T   0   0   0   1   0   0   0   0   1   1   0   0   0   0   0
 10T   1   1   0   0   0   0   0   0   0   0   1   1   0   0   0
 11T   0   0   0   1   1   0   0   0   0   0   0   0   0   0   0
 12T   0   0   0   0   1   0   0   0   0   0   0   0   0   1   1
 13T   0   0   0   0   0   0   0   0   0   0   0   0   1   1   1
 14T   0   0   0   0   0   0   1   1   1   1   1   1   0   0   0
 15T   1   1   1   1   1   1   1   0   0   0   0   0   0   0   0
 16T   0   0   0   0   0   0   0   0   0   0   1   1   1   1   0
 17T   0   0   1   1   1   1   0   0   0   0   0   0   0   0   0
 18T   0   0   0   0   1   1   1   1   0   0   0   0   1   0   0
 19T   1   1   0   0   0   0   0   0   0   0   0   0   0   0   0
 20T   1   0   0   0   0   0   0   0   0   0   0   0   0   0   0
 21T   0   0   0   0   0   1   0   0   0   0   0   0   0   1   0
 22T   0   1   0   0   0   0   0   0   0   1   0   0   0   0   0
 23T   0   0   0   0   0   0   0   0   1   0   0   0   0   0   0
 24T   0   0   0   0   0   1   1   1   1   1   1   0   0   0   0
 25T   0   0   0   0   0   0   1   0   0   0   0   0   0   1   1
