Number of Tool Switches: 23 

Time elapsed: 5.202219 
Tool Sequence:
      1J  2J  5J  4J 15J  6J  3J  8J 12J 10J 11J  7J 13J 14J  9J
  1T   0   0   0   0   0   1   1   1   1   1   1   1   1   1   1
  2T   0   0   0   1   1   1   1   1   1   1   1   1   1   1   1
  3T   1   1   1   1   1   1   1   1   1   1   1   1   1   1   1
  4T   1   1   1   1   1   1   1   1   1   1   1   1   1   1   1
  5T   1   1   1   0   0   0   0   0   0   0   1   1   1   1   1
  6T   1   1   1   1   1   1   1   1   1   1   1   1   1   1   1
  7T   1   1   1   1   1   1   1   1   1   1   1   1   1   1   1
  8T   0   0   0   0   1   1   1   1   1   1   1   1   1   1   1
  9T   1   1   1   1   1   1   1   1   1   1   1   1   1   1   1
 10T   1   1   1   0   0   0   0   0   1   1   1   1   1   1   1
 11T   0   0   0   0   0   0   1   1   1   1   1   1   1   1   1
 12T   1   1   1   1   1   1   1   1   0   0   0   0   0   0   0
 13T   1   1   1   1   1   1   1   1   1   1   1   1   1   1   1
 14T   0   0   0   1   1   1   0   0   0   0   0   0   0   0   0
 15T   1   1   1   1   0   0   0   0   0   0   1   1   1   1   1
 16T   1   1   1   1   1   1   1   1   1   1   0   0   0   0   0
 17T   1   1   1   1   1   1   1   1   1   1   0   0   0   0   0
 18T   1   1   1   1   1   1   1   1   1   1   1   1   1   1   1
 19T   1   1   1   1   1   1   1   1   1   1   1   1   1   1   1
 20T   1   1   1   1   1   0   0   0   0   0   0   0   0   0   0
