Number of Tool Switches: 40 

Time elapsed: 6.762181 
Tool Sequence:
     12J 13J  3J 11J  5J  6J  1J  8J 15J  2J  7J 10J  4J 14J  9J
  1T   0   1   0   0   0   0   1   1   1   1   1   1   1   1   1
  2T   1   1   1   1   1   1   1   1   1   1   1   1   0   0   0
  3T   1   1   1   1   1   1   1   1   1   1   0   0   0   0   1
  4T   1   1   1   1   1   1   1   1   1   1   1   1   1   1   1
  5T   1   1   1   1   1   1   1   1   1   0   0   1   1   1   1
  6T   1   1   1   0   0   0   0   0   1   1   1   1   1   1   1
  7T   1   0   0   1   1   0   0   0   0   1   1   1   1   1   1
  8T   1   1   1   1   1   1   1   1   1   1   1   0   0   1   0
  9T   1   0   0   0   0   0   0   0   1   1   1   1   0   0   0
 10T   0   0   0   0   1   1   1   1   1   1   1   1   1   1   1
 11T   1   1   1   1   1   0   0   0   0   0   1   0   1   1   1
 12T   1   1   1   1   1   1   0   0   0   0   1   0   1   1   1
 13T   1   1   1   1   1   1   1   1   1   1   0   0   0   1   1
 14T   1   1   1   1   0   1   1   1   1   1   1   1   1   1   1
 15T   1   1   1   1   0   1   1   1   1   1   1   1   1   1   1
 16T   0   0   1   1   1   1   1   1   0   1   1   1   1   1   1
 17T   0   1   1   1   1   1   1   1   1   0   0   1   1   0   1
 18T   1   1   1   1   1   1   1   1   0   0   1   1   1   1   0
 19T   0   0   0   0   1   1   1   1   1   1   0   1   1   1   1
 20T   1   1   1   1   1   1   1   1   1   1   1   1   1   0   0
