Number of Tool Switches: 25 

Time elapsed: 5.615518 
Tool Sequence:
     10J  3J 15J  4J  5J  6J  1J  8J 11J  7J  9J 12J 13J 14J  2J
  1T   0   0   0   0   0   0   0   0   0   0   0   0   0   1   1
  2T   1   0   0   0   0   0   0   0   0   0   0   0   0   0   0
  3T   0   0   1   1   1   1   1   0   0   0   0   0   0   0   1
  4T   0   0   0   0   0   0   0   1   0   0   0   0   0   0   0
  5T   1   1   1   0   0   0   0   0   0   0   0   0   0   1   1
  6T   0   0   0   0   0   0   0   0   0   0   1   1   1   0   0
  7T   0   1   0   0   0   0   0   0   0   0   0   0   0   0   0
  8T   0   0   0   0   0   0   0   0   0   0   0   0   1   1   1
  9T   0   0   0   0   0   1   1   1   1   1   1   1   1   0   0
 10T   1   0   0   0   0   0   0   0   0   0   0   1   1   1   1
 11T   0   0   0   0   0   0   0   0   1   1   1   0   0   0   0
 12T   0   0   0   1   1   1   1   0   0   0   0   0   0   0   0
 13T   0   0   0   1   1   1   0   0   0   0   0   0   0   0   0
 14T   1   0   0   0   0   0   0   0   0   0   0   1   1   1   0
 15T   1   1   1   1   1   1   1   1   1   1   0   0   0   0   0
 16T   0   0   0   0   0   0   1   1   1   0   0   0   0   0   0
 17T   0   0   0   0   0   0   0   1   1   1   1   0   0   0   0
 18T   0   1   1   0   0   0   0   0   0   0   1   1   0   0   0
 19T   0   0   0   0   0   0   0   0   0   1   0   0   0   0   0
 20T   0   1   1   1   1   0   0   0   0   0   0   0   0   0   0
