Number of Tool Switches: 22 

Time elapsed: 3.752481 
Tool Sequence:
     11J  7J  3J  4J 12J  1J  2J  8J  9J 10J 13J  5J  6J 14J 15J
  1T   0   0   0   0   0   0   0   0   0   0   1   1   0   0   0
  2T   0   0   1   1   1   1   1   1   1   0   0   0   0   0   0
  3T   1   1   1   1   1   1   1   1   1   1   0   0   0   0   0
  4T   0   0   0   0   1   1   1   0   0   0   0   0   1   1   1
  5T   1   0   0   0   0   1   1   1   1   1   1   1   0   0   0
  6T   0   1   1   0   0   0   0   0   0   0   0   0   0   0   0
  7T   1   1   0   0   0   0   0   0   1   1   1   1   1   1   1
  8T   0   0   0   0   0   0   1   1   0   0   0   0   1   0   0
  9T   1   0   0   0   0   0   0   0   0   0   0   0   0   1   1
 10T   0   0   0   0   0   0   0   1   0   0   0   1   1   1   1
 11T   0   0   0   1   1   1   0   0   0   0   0   0   0   0   0
 12T   0   1   1   1   0   0   0   0   0   0   1   1   1   1   1
 13T   1   1   1   1   1   0   0   0   0   0   0   0   0   0   0
 14T   0   0   0   0   0   0   0   0   0   1   1   0   0   0   0
 15T   0   0   0   0   0   0   0   0   1   1   0   0   0   0   0
