Number of Tool Switches: 21 

Time elapsed: 5.119804 
Tool Sequence:
      2J 12J 10J  4J 15J  6J  7J  8J  9J  1J 11J  5J 13J 14J  3J
  1T   1   1   1   1   1   1   1   1   1   1   1   1   1   1   1
  2T   0   0   0   0   0   0   1   1   1   1   1   1   1   1   1
  3T   1   1   1   1   1   1   1   1   1   1   1   1   1   1   1
  4T   0   0   0   0   0   0   0   1   1   1   1   1   1   1   1
  5T   0   0   0   0   1   1   0   0   0   0   0   0   0   0   0
  6T   1   1   1   1   1   1   1   1   1   1   1   1   1   1   1
  7T   1   1   1   1   1   1   1   1   1   1   1   1   1   1   1
  8T   1   1   1   1   1   1   1   1   1   1   1   1   1   1   1
  9T   1   1   1   1   0   0   0   0   0   0   0   0   0   0   0
 10T   1   1   1   1   1   1   1   0   0   0   0   0   0   0   0
 11T   1   1   1   1   1   1   1   1   1   1   1   1   1   1   1
 12T   1   1   1   1   1   1   1   1   1   1   1   1   1   1   1
 13T   1   1   1   1   1   1   1   1   1   1   1   1   1   1   1
 14T   1   1   1   1   1   1   1   1   1   1   1   1   1   1   1
 15T   1   1   1   1   1   1   1   1   1   1   1   1   1   1   0
 16T   0   0   0   0   0   0   0   0   0   0   0   1   1   1   1
 17T   1   1   1   1   1   1   1   1   1   1   1   0   0   0   0
 18T   0   0   0   0   0   0   1   1   1   1   1   1   1   1   1
 19T   1   1   1   1   1   1   0   0   0   0   0   0   0   0   1
 20T   1   1   1   1   1   1   1   1   1   1   1   1   1   1   1
