Number of Tool Switches: 40 

Time elapsed: 5.711436 
Tool Sequence:
      2J  7J  3J  4J 12J  6J  9J  8J  5J 10J 11J 15J 13J  1J 14J
  1T   1   1   0   1   1   1   1   1   1   1   1   1   1   1   1
  2T   1   0   0   0   1   1   1   1   1   1   1   1   1   1   1
  3T   1   1   0   1   1   1   1   1   1   1   1   1   1   1   1
  4T   1   1   1   1   1   1   1   1   1   1   1   1   0   0   1
  5T   1   1   1   1   1   1   1   1   1   0   0   0   1   1   1
  6T   1   1   1   1   1   1   0   0   0   1   1   1   1   1   0
  7T   1   1   1   0   0   0   0   1   1   1   1   1   1   1   1
  8T   1   1   1   1   1   1   1   1   1   1   1   0   0   0   0
  9T   1   1   1   1   1   1   1   1   0   0   1   1   0   0   0
 10T   0   0   1   0   0   1   0   0   0   0   0   1   1   1   1
 11T   1   1   0   0   0   1   1   0   0   1   0   0   1   1   1
 12T   1   1   1   1   1   1   1   1   1   1   1   0   0   0   1
 13T   1   1   1   1   0   0   1   1   1   1   1   1   1   1   1
 14T   0   0   1   1   1   1   1   1   1   0   1   1   1   1   0
 15T   0   1   1   1   1   1   1   1   1   1   0   0   0   0   1
 16T   1   0   0   0   0   0   1   1   1   1   1   1   1   1   1
 17T   0   0   1   1   1   1   1   1   1   1   1   1   1   1   1
 18T   1   1   1   1   1   0   0   0   1   1   1   1   1   1   0
 19T   1   1   1   1   1   0   0   0   0   0   0   1   1   1   1
 20T   0   1   1   1   1   1   1   1   1   1   1   1   1   1   1
