Number of Tool Switches: 38 

Time elapsed: 6.828860 
Tool Sequence:
     14J  2J  6J 15J  3J 11J  7J  5J  9J 13J  8J 12J  1J  4J 10J
  1T   0   0   0   0   0   0   0   0   0   0   0   0   1   1   1
  2T   1   1   0   0   0   0   0   0   1   0   0   0   0   0   0
  3T   0   0   0   0   0   0   1   0   0   0   0   1   0   0   0
  4T   0   0   0   0   0   0   0   0   0   0   1   0   0   0   0
  5T   0   0   0   1   0   0   0   0   0   0   0   0   0   0   1
  6T   0   0   1   0   0   0   0   0   0   0   0   0   0   0   0
  7T   0   0   0   0   0   0   0   1   1   1   0   0   0   0   0
  8T   0   0   1   1   0   0   0   0   0   0   0   1   1   1   0
  9T   0   0   0   0   0   0   0   1   1   0   0   0   0   0   0
 10T   0   1   0   0   1   1   0   0   0   0   0   0   0   1   1
 11T   0   1   1   1   0   0   0   0   0   0   1   0   0   0   0
 12T   1   0   0   0   1   1   0   0   0   0   0   0   0   0   0
 13T   0   0   0   0   0   1   0   0   0   0   0   0   0   0   1
 14T   0   0   0   0   0   0   0   0   0   0   1   1   1   0   0
 15T   0   1   0   0   1   1   1   0   0   0   0   0   0   0   0
 16T   1   0   0   0   0   0   0   0   0   0   0   0   1   1   0
 17T   1   0   0   0   0   0   0   0   0   0   0   0   0   0   0
 18T   0   0   0   0   0   0   0   1   1   1   1   1   0   0   0
 19T   1   1   1   0   0   0   0   0   0   0   0   0   0   0   0
 20T   0   0   0   0   0   0   0   0   0   1   1   1   0   0   0
 21T   0   0   0   1   1   1   1   0   0   1   0   0   0   0   0
 22T   0   0   1   1   1   0   0   0   0   0   0   0   0   0   0
 23T   0   0   0   0   0   0   1   1   0   0   0   0   0   1   1
 24T   0   0   0   0   0   0   0   0   0   0   0   0   1   0   0
 25T   0   0   0   0   0   0   1   1   1   1   0   0   0   0   0
