Number of Tool Switches: 32 

Time elapsed: 4.641286 
Tool Sequence:
      9J  3J 12J  4J  5J  6J  7J  8J  2J 14J 11J  1J 13J 10J 15J
  1T   1   1   1   1   1   1   0   0   1   1   1   1   1   1   1
  2T   1   1   1   1   1   1   1   1   1   1   1   1   1   1   1
  3T   1   1   1   0   0   0   1   1   1   1   1   1   1   1   1
  4T   1   1   1   1   1   1   1   1   1   1   1   1   1   1   1
  5T   0   0   0   0   1   1   1   1   1   1   1   1   1   1   1
  6T   1   1   1   1   1   0   0   0   0   0   0   0   1   1   1
  7T   1   1   1   1   1   1   1   1   1   1   1   1   1   1   1
  8T   1   1   1   1   1   1   1   1   0   0   0   0   0   1   1
  9T   1   1   0   0   0   0   0   0   0   0   0   0   1   1   1
 10T   1   1   1   0   0   1   1   1   1   1   1   1   1   0   0
 11T   0   0   1   1   1   1   1   0   0   0   0   0   0   1   1
 12T   1   1   1   1   1   1   1   1   1   1   1   1   0   0   0
 13T   0   0   0   1   0   0   1   1   1   1   1   1   0   0   1
 14T   1   1   0   0   0   0   0   1   1   1   1   1   1   1   1
 15T   1   1   1   1   1   1   0   1   1   1   1   1   1   1   1
 16T   1   1   1   1   1   1   1   1   1   1   1   1   1   1   0
 17T   0   0   1   1   1   1   1   1   1   1   1   1   1   0   0
 18T   1   1   1   1   1   1   1   1   1   1   1   1   1   1   1
 19T   1   1   1   1   1   1   1   1   1   1   0   0   0   0   0
 20T   0   0   0   1   1   1   1   0   0   0   1   1   1   1   1
