Number of Tool Switches: 38 

Time elapsed: 4.662300 
Tool Sequence:
     13J  2J  3J 11J  4J  6J 10J  5J  9J  1J  8J 12J  7J 14J 15J
  1T   1   1   1   0   0   0   1   1   1   1   1   1   1   1   1
  2T   1   1   1   1   1   1   1   1   1   1   1   1   1   1   1
  3T   0   0   1   1   1   1   1   0   1   1   1   1   1   1   1
  4T   1   1   1   1   1   1   1   1   0   0   0   1   1   1   1
  5T   1   1   0   0   0   1   1   1   1   1   1   0   1   1   1
  6T   1   1   1   1   1   1   1   1   1   1   0   0   0   1   1
  7T   1   1   1   1   1   1   1   1   1   1   0   0   0   0   1
  8T   1   1   1   1   1   1   1   1   0   0   1   1   1   1   1
  9T   1   1   0   0   0   1   1   1   1   1   1   0   0   0   0
 10T   1   1   1   1   1   1   1   1   1   1   1   1   1   1   1
 11T   1   1   1   1   1   0   0   1   1   1   1   1   1   1   1
 12T   1   1   1   1   1   0   0   1   1   1   1   1   1   1   1
 13T   0   0   1   1   1   1   1   1   0   0   0   1   1   1   1
 14T   1   1   1   1   1   1   1   0   1   1   1   1   1   0   0
 15T   0   0   0   0   1   1   1   1   1   0   0   1   1   1   0
 16T   1   1   1   1   1   1   0   0   1   1   1   1   0   0   0
 17T   1   1   1   1   0   0   0   0   0   1   1   1   1   1   1
 18T   0   0   0   1   1   1   1   1   1   1   1   1   0   0   0
 19T   1   1   1   0   0   0   0   0   0   0   1   1   1   1   1
 20T   0   0   0   1   1   1   1   1   1   1   1   0   1   1   1
