Number of Tool Switches: 38 

Time elapsed: 5.611015 
Tool Sequence:
      1J  2J  3J  4J  5J  6J 15J 10J  8J 13J 11J 12J  7J 14J  9J
  1T   1   1   1   1   1   0   0   0   0   0   0   1   1   1   1
  2T   0   0   0   1   0   0   0   1   1   1   1   1   1   1   1
  3T   1   0   0   0   0   0   0   0   0   1   1   1   1   1   1
  4T   1   1   1   1   1   1   1   1   1   1   1   1   1   1   1
  5T   1   1   1   1   1   1   1   1   1   0   0   0   0   1   1
  6T   0   0   0   0   1   1   1   1   1   1   1   1   0   0   0
  7T   1   1   1   1   1   1   1   1   1   1   1   1   1   1   1
  8T   1   1   1   1   1   1   1   1   0   1   1   1   0   0   0
  9T   1   1   1   1   1   1   1   1   1   1   1   1   1   1   1
 10T   1   1   1   1   0   0   0   1   1   1   1   1   1   1   1
 11T   0   0   1   1   1   1   1   1   1   1   1   0   0   0   0
 12T   1   1   1   1   1   1   1   1   1   1   1   1   1   1   1
 13T   0   0   0   0   1   1   1   1   1   1   1   1   1   1   1
 14T   1   1   1   1   1   1   1   1   1   1   1   1   1   1   1
 15T   1   1   1   1   1   1   1   1   1   1   1   1   1   1   1
 16T   1   1   1   0   0   0   0   0   1   1   1   1   1   1   1
 17T   1   1   1   1   1   1   1   0   0   0   1   1   1   1   1
 18T   1   1   1   1   1   1   1   1   1   1   1   1   1   1   1
 19T   1   1   1   1   1   1   1   1   1   1   1   1   1   1   1
 20T   1   1   0   0   0   1   1   0   0   0   0   1   1   1   1
 21T   1   1   1   1   1   1   1   1   1   1   0   0   1   1   1
 22T   1   1   1   1   1   1   1   1   1   1   1   1   1   0   0
 23T   0   1   1   1   1   1   1   1   1   0   0   0   0   1   1
 24T   1   1   1   1   1   1   1   1   1   1   1   0   1   1   1
 25T   1   1   1   1   1   1   1   1   1   1   1   1   1   0   0
