Number of Tool Switches: 43 

Time elapsed: 6.812753 
Tool Sequence:
      2J  1J 13J  4J  5J  6J  3J  8J 15J 10J 11J 12J  7J 14J  9J
  1T   1   1   0   0   0   0   0   1   1   1   1   1   1   1   1
  2T   1   1   1   1   1   1   1   1   0   0   0   0   1   1   1
  3T   1   1   1   1   1   1   1   1   1   1   1   1   0   0   0
  4T   0   0   0   1   1   1   1   1   1   0   0   0   0   0   0
  5T   1   1   1   1   1   1   1   1   1   0   0   0   0   0   0
  6T   0   0   1   1   1   1   1   1   1   0   0   0   0   0   0
  7T   1   0   0   0   0   0   0   1   1   1   1   1   1   1   1
  8T   1   1   1   0   0   0   0   0   0   0   0   0   0   0   1
  9T   1   1   1   1   1   1   1   0   0   1   1   1   1   1   1
 10T   1   1   1   1   1   1   1   1   1   1   1   1   1   0   0
 11T   0   0   1   1   1   1   1   1   1   1   1   1   0   0   0
 12T   1   1   1   0   0   0   0   0   1   1   1   1   1   1   1
 13T   1   1   0   0   0   0   1   1   1   0   0   0   0   1   1
 14T   0   0   1   1   1   1   1   1   0   0   1   1   1   0   0
 15T   0   0   0   1   1   1   0   0   0   1   1   1   1   1   1
 16T   0   1   1   1   1   1   0   0   1   1   1   1   1   1   1
 17T   0   0   0   0   0   0   1   0   1   1   1   1   1   0   0
 18T   1   1   1   1   1   1   1   1   0   0   0   0   0   1   1
 19T   0   0   0   0   0   0   0   1   1   1   1   1   1   1   1
 20T   1   1   1   1   1   1   1   0   0   1   1   1   1   1   1
 21T   0   0   0   0   0   0   1   1   1   1   1   1   1   1   1
 22T   0   0   0   0   0   1   0   0   1   1   1   1   1   1   1
 23T   1   1   1   1   1   0   0   0   0   0   0   0   1   1   1
 24T   1   1   0   0   0   0   0   0   0   1   0   0   0   0   0
 25T   1   1   1   1   1   1   1   1   0   0   0   0   0   1   0
