Number of Tool Switches: 25 

Time elapsed: 4.687088 
Tool Sequence:
      9J  2J 13J  4J 11J  6J  7J  8J  5J 14J  1J 12J 10J 15J  3J
  1T   1   1   1   1   1   1   1   1   1   0   0   1   1   1   1
  2T   1   0   0   0   1   1   1   0   0   1   1   1   1   0   0
  3T   1   1   1   1   1   1   1   0   0   0   1   1   1   1   1
  4T   1   1   1   1   1   1   0   0   0   0   0   0   0   1   1
  5T   1   1   1   1   0   0   0   1   1   1   1   1   1   1   0
  6T   0   0   0   0   0   0   1   1   1   1   1   1   1   1   1
  7T   0   0   0   0   1   0   0   1   1   1   1   1   1   1   1
  8T   0   1   1   1   1   1   1   1   1   1   1   1   1   1   1
  9T   0   0   0   1   1   1   1   1   1   1   0   0   0   0   0
 10T   1   1   1   1   0   1   1   1   1   1   1   1   1   1   1
 11T   0   0   0   0   1   1   1   1   1   1   1   0   0   0   1
 12T   1   1   1   1   1   1   1   1   1   1   1   1   1   1   1
 13T   1   1   1   0   0   0   0   0   0   0   0   0   0   0   0
 14T   1   1   1   1   0   0   0   0   0   1   1   1   1   1   1
 15T   1   1   1   1   1   1   1   1   1   0   0   0   0   0   0
