Number of Tool Switches: 56 

Time elapsed: 8.664424 
Tool Sequence:
     13J  1J 15J  4J  5J 10J  9J  6J  2J  7J 11J 12J  8J  3J 14J
  1T   1   1   0   0   0   0   0   0   0   0   0   0   1   1   1
  2T   0   0   0   0   0   1   1   0   0   0   0   0   1   1   0
  3T   1   0   0   0   0   0   0   0   1   1   1   1   0   0   0
  4T   1   1   1   1   1   0   0   1   1   0   0   0   0   0   0
  5T   0   0   0   0   0   1   1   1   1   1   1   1   1   0   0
  6T   1   1   1   0   0   0   0   0   0   0   1   1   1   1   1
  7T   1   0   0   0   0   0   1   1   1   1   1   0   1   1   1
  8T   1   0   0   0   0   1   1   1   1   0   0   0   0   0   0
  9T   1   1   1   1   1   1   0   0   0   0   1   0   0   0   1
 10T   0   1   1   0   0   0   1   1   0   0   0   0   0   0   1
 11T   0   0   1   1   1   0   0   1   0   0   0   0   0   0   0
 12T   0   0   0   1   1   0   0   0   1   1   1   1   0   0   0
 13T   1   1   1   1   1   1   1   1   0   0   0   1   0   0   0
 14T   0   0   0   0   0   1   1   0   0   1   0   0   0   1   1
 15T   0   1   1   0   0   1   0   0   0   1   1   0   0   0   0
 16T   0   0   0   0   0   0   1   1   0   1   1   1   1   0   0
 17T   1   0   0   0   1   0   1   1   1   0   0   0   0   0   1
 18T   0   1   1   1   0   0   0   0   1   1   0   0   0   0   0
 19T   0   0   0   0   1   1   0   0   0   0   0   0   1   1   1
 20T   0   1   1   1   1   1   0   0   0   0   0   0   0   1   0
 21T   0   0   0   0   0   0   0   0   1   1   0   1   1   1   0
 22T   0   0   0   0   0   0   0   0   1   1   1   0   1   1   1
 23T   0   0   0   1   1   0   0   0   0   0   0   1   1   1   1
 24T   0   0   0   1   1   1   1   1   0   0   1   1   0   0   0
 25T   1   1   1   1   0   0   0   0   0   0   0   1   0   0   0
