Number of Tool Switches: 26 

Time elapsed: 6.180072 
Tool Sequence:
     11J 12J 14J  4J  5J  6J  7J  8J  3J 10J  1J  2J 13J  9J 15J
  1T   1   1   1   1   1   1   1   1   1   1   1   1   1   1   1
  2T   0   0   0   0   0   1   1   1   1   1   1   1   1   1   1
  3T   1   1   1   1   1   1   1   1   1   1   1   1   1   1   1
  4T   1   1   1   1   1   1   1   1   1   1   1   1   1   1   1
  5T   1   1   1   1   1   0   0   0   0   0   0   0   0   0   0
  6T   1   1   1   1   1   1   1   1   1   1   1   1   1   1   1
  7T   1   1   1   1   1   1   1   1   1   1   0   0   0   0   0
  8T   1   1   1   1   1   1   1   1   1   1   1   1   1   1   1
  9T   1   1   1   1   1   1   1   1   1   1   1   1   1   1   1
 10T   1   1   1   1   1   1   1   1   1   1   0   0   0   0   0
 11T   1   1   1   1   1   1   1   1   1   1   1   1   1   1   1
 12T   1   1   1   1   1   1   1   1   1   1   1   1   1   1   1
 13T   0   0   0   0   0   0   0   0   0   0   1   1   1   1   1
 14T   1   1   1   1   1   1   1   1   0   0   0   0   0   0   0
 15T   1   1   1   1   1   1   0   0   0   0   0   1   1   1   1
 16T   1   1   1   1   1   1   1   1   1   1   1   1   1   1   1
 17T   1   1   1   1   1   1   1   1   1   1   1   1   1   1   1
 18T   1   1   1   1   1   1   1   1   1   1   1   1   1   1   1
 19T   1   1   1   1   1   1   1   1   1   1   1   1   1   1   1
 20T   0   0   0   0   0   0   0   0   0   0   1   0   0   0   0
 21T   0   0   0   0   0   0   1   1   1   1   1   1   1   1   1
 22T   0   0   0   0   0   0   0   0   1   1   1   1   1   1   1
 23T   1   1   1   1   1   1   1   1   1   1   1   1   1   1   1
 24T   1   1   1   1   1   1   1   1   1   1   1   1   1   1   1
 25T   1   1   1   1   1   1   1   1   1   1   1   1   1   1   1
