Number of Tool Switches: 30 

Time elapsed: 5.940967 
Tool Sequence:
      6J 14J  3J  4J  5J  2J  7J  8J  9J 11J 15J 12J 13J  1J 10J
  1T   0   0   0   0   0   0   0   0   1   1   1   1   1   1   1
  2T   1   1   1   1   1   1   1   1   1   1   0   0   0   0   0
  3T   1   1   1   1   1   1   1   1   1   1   1   1   1   1   1
  4T   1   1   1   1   1   1   1   1   1   1   1   1   1   1   1
  5T   1   1   1   1   1   0   0   0   0   0   1   1   1   1   1
  6T   1   1   1   1   1   1   1   1   0   0   0   1   1   1   1
  7T   1   1   1   1   1   1   1   1   1   1   1   1   1   1   1
  8T   1   1   1   1   1   1   1   1   1   1   1   1   1   1   1
  9T   1   1   1   1   1   1   1   1   1   1   1   1   1   1   1
 10T   1   1   1   1   1   0   0   0   1   1   1   1   1   1   1
 11T   1   1   1   1   1   1   1   1   1   1   1   1   1   1   1
 12T   1   1   1   1   1   1   1   1   1   1   1   1   1   1   1
 13T   0   0   0   0   0   1   1   1   1   1   1   1   1   1   1
 14T   1   1   1   1   1   1   1   1   1   1   1   1   1   1   1
 15T   0   0   0   0   1   1   1   1   1   1   1   1   1   1   1
 16T   1   1   1   1   1   0   0   0   0   0   0   1   1   1   1
 17T   0   0   0   0   0   1   1   1   1   1   1   1   1   1   1
 18T   1   1   1   1   1   1   1   1   1   1   1   1   1   1   1
 19T   1   1   1   1   1   1   1   1   1   1   1   1   1   1   1
 20T   0   0   0   0   0   1   1   1   1   1   1   0   0   0   0
 21T   1   1   1   1   1   1   1   1   0   0   0   0   0   0   0
 22T   1   1   1   1   1   1   1   1   1   1   1   1   1   1   1
 23T   1   1   1   1   0   0   0   1   1   1   1   1   1   1   1
 24T   1   1   1   1   1   1   1   0   0   0   0   0   0   0   0
 25T   1   1   1   1   1   1   1   1   1   1   1   0   0   0   0
