Number of Tool Switches: 26 

Time elapsed: 6.381286 
Tool Sequence:
      1J 14J  3J  2J 15J  6J  9J  8J  5J 10J 11J  7J 13J  4J 12J
  1T   1   0   0   0   0   0   0   0   1   1   1   1   1   1   1
  2T   1   1   1   1   1   1   1   1   1   1   1   1   1   1   1
  3T   1   1   1   1   1   1   1   1   1   1   1   1   1   1   1
  4T   0   1   1   1   1   1   1   1   1   1   1   1   1   1   1
  5T   1   1   1   1   1   1   1   1   1   1   1   1   1   0   0
  6T   1   1   0   0   0   0   0   1   1   0   0   0   0   0   0
  7T   1   1   1   1   1   1   1   1   1   1   1   1   1   1   1
  8T   1   1   1   0   0   0   0   0   0   0   0   0   0   0   1
  9T   0   0   1   1   1   1   1   1   1   1   1   1   1   1   1
 10T   1   1   1   1   1   1   1   1   1   1   1   1   1   1   1
 11T   0   0   0   0   0   0   1   1   1   1   1   1   1   1   1
 12T   1   1   1   1   1   1   1   1   1   1   1   0   0   0   0
 13T   1   1   1   1   1   1   1   1   0   0   0   0   0   0   0
 14T   1   1   1   1   1   1   1   1   1   1   1   1   1   1   1
 15T   1   1   1   1   1   1   1   1   1   1   1   1   1   1   1
 16T   1   1   1   1   1   0   0   0   0   1   1   1   1   1   1
 17T   1   1   1   1   1   1   1   1   1   1   1   1   1   1   1
 18T   0   0   0   0   0   1   1   0   0   0   0   0   0   1   1
 19T   1   1   1   1   1   1   0   0   0   0   0   1   1   1   1
 20T   0   0   0   1   1   1   1   1   1   1   1   1   1   1   0
