Number of Tool Switches: 27 

Time elapsed: 7.994818 
Tool Sequence:
      1J  2J  7J  4J  5J 13J 12J  8J  9J 10J 11J  3J  6J 14J 15J
  1T   1   1   1   1   1   1   1   1   1   1   1   1   1   1   1
  2T   1   1   1   0   0   0   0   0   0   0   0   0   0   0   0
  3T   0   0   0   1   1   1   1   1   1   1   1   1   1   1   1
  4T   1   1   1   1   1   1   1   0   0   0   0   0   0   0   0
  5T   0   0   0   0   0   0   1   1   1   1   1   1   1   1   1
  6T   1   1   1   1   1   1   1   1   1   1   1   1   1   1   1
  7T   1   1   1   1   1   1   1   1   1   1   1   1   1   1   1
  8T   1   1   1   1   1   1   0   0   0   0   0   0   1   1   1
  9T   1   1   1   1   1   1   0   0   0   0   0   0   0   0   0
 10T   0   0   0   0   0   0   1   1   1   1   1   1   1   1   1
 11T   0   0   0   0   0   0   0   1   1   1   1   1   1   1   1
 12T   1   1   1   0   0   0   0   1   0   0   0   0   0   0   0
 13T   0   0   0   1   1   1   1   1   1   1   1   1   1   1   1
 14T   0   0   0   0   0   0   0   0   0   0   1   1   1   1   1
 15T   1   1   1   0   0   0   0   0   0   0   0   0   0   0   0
 16T   1   1   1   1   1   1   1   1   1   1   1   1   1   1   1
 17T   1   1   1   1   1   1   1   1   1   1   1   0   0   0   0
 18T   1   1   1   1   1   1   1   0   0   0   0   0   0   0   0
 19T   0   0   0   1   1   1   1   1   1   1   0   0   0   0   0
 20T   1   1   1   1   1   1   1   0   0   0   0   0   0   0   0
 21T   1   1   1   1   1   1   1   1   1   1   1   1   1   1   1
 22T   0   0   0   0   0   0   0   0   1   1   1   1   1   1   1
 23T   0   0   0   0   0   0   0   1   1   1   1   1   1   1   1
 24T   1   1   1   1   1   1   1   1   1   1   1   1   1   1   1
 25T   0   0   0   0   0   0   0   0   0   0   0   1   0   0   0
