Number of Tool Switches: 20 

Time elapsed: 3.414125 
Tool Sequence:
     11J 15J  3J  4J  5J  6J  7J  8J  9J 10J  1J 12J 13J 14J  2J
  1T   0   0   0   0   0   0   1   1   1   1   1   1   1   1   1
  2T   0   0   0   0   0   1   1   0   0   0   0   0   0   0   0
  3T   1   1   1   1   1   1   1   1   1   1   1   1   1   1   1
  4T   1   1   1   1   1   1   1   0   0   0   0   0   0   0   0
  5T   1   1   1   1   1   1   1   0   0   0   0   0   0   0   0
  6T   0   0   0   0   0   0   0   1   1   1   1   1   1   1   1
  7T   0   0   0   0   0   0   0   1   1   1   1   1   1   1   1
  8T   1   1   1   1   1   1   1   1   1   1   1   1   1   1   1
  9T   0   0   0   0   0   0   0   1   1   1   1   1   1   1   1
 10T   0   0   0   0   0   0   0   0   1   1   1   1   1   1   1
 11T   0   0   0   0   0   0   0   0   0   0   0   1   1   1   1
 12T   1   1   1   1   1   0   0   0   0   0   0   0   0   0   0
 13T   1   1   1   0   0   0   0   0   0   0   0   0   0   0   0
 14T   1   1   1   1   1   1   1   1   0   0   0   0   0   0   0
 15T   1   1   1   1   1   1   1   1   1   1   1   1   1   1   1
 16T   0   0   0   0   0   0   0   0   0   0   0   0   0   1   1
 17T   1   1   1   1   1   1   0   0   0   0   0   0   0   0   0
 18T   1   1   1   1   1   1   1   1   1   1   1   0   0   0   0
 19T   0   0   0   1   1   1   1   0   0   0   0   0   0   0   0
 20T   0   0   0   0   0   0   0   1   1   1   1   1   1   0   0
