Number of Tool Switches: 15 

Time elapsed: 4.503580 
Tool Sequence:
      9J 12J 14J  4J  5J  6J  7J  8J  1J  2J 11J 10J 13J  3J 15J
  1T   1   1   1   1   1   1   1   1   1   1   1   1   1   1   1
  2T   1   1   1   1   1   1   1   1   1   1   1   1   1   1   1
  3T   0   0   0   0   0   0   0   0   0   0   1   1   1   1   1
  4T   0   0   0   0   0   0   1   1   1   0   0   0   0   0   0
  5T   0   0   0   0   0   0   0   0   0   1   1   1   1   1   1
  6T   0   0   0   0   0   1   1   1   1   1   1   1   1   1   1
  7T   1   1   1   1   1   1   0   0   0   0   0   0   0   0   0
  8T   1   1   1   1   1   0   0   0   0   0   0   0   0   0   0
  9T   1   1   1   1   1   1   1   1   1   1   1   1   1   1   1
 10T   1   1   1   1   1   1   1   1   1   1   1   1   1   1   1
 11T   1   1   1   1   1   1   1   1   1   1   0   0   0   0   0
 12T   0   0   0   0   0   0   0   0   1   1   1   1   1   1   1
 13T   1   1   1   1   1   1   1   1   1   1   1   1   1   1   1
 14T   1   1   1   1   1   1   1   1   0   0   0   0   0   0   0
 15T   1   1   1   1   1   1   1   1   1   1   1   1   1   1   1
