Number of Tool Switches: 20 

Time elapsed: 5.166470 
Tool Sequence:
      7J  2J  3J 10J  5J  6J 14J  8J  9J  4J 11J 12J 13J  1J 15J
  1T   0   0   0   0   0   0   0   0   0   0   0   1   1   1   1
  2T   1   1   1   1   1   1   1   1   1   1   0   0   0   0   0
  3T   0   0   0   0   0   0   0   0   0   0   0   0   1   1   1
  4T   1   1   1   1   1   1   1   1   1   0   0   0   0   0   0
  5T   0   0   0   0   0   0   0   0   0   0   1   1   1   1   1
  6T   1   1   1   1   1   1   1   0   0   0   0   0   0   0   0
  7T   1   1   1   1   1   1   1   1   1   1   1   1   1   1   1
  8T   1   1   1   1   1   1   1   1   1   1   1   1   1   1   1
  9T   1   1   1   1   0   0   0   0   0   0   0   0   0   0   0
 10T   0   0   0   0   1   1   1   1   1   1   1   0   0   0   0
 11T   0   0   0   0   0   0   0   1   1   1   1   1   1   1   1
 12T   0   0   0   0   1   1   1   1   1   1   1   1   1   1   1
 13T   0   0   0   0   0   0   1   1   1   1   1   1   1   1   1
 14T   1   1   1   1   0   0   0   0   0   0   0   0   0   0   0
 15T   1   1   1   1   1   1   0   0   0   0   0   0   0   0   0
 16T   0   0   0   0   0   0   0   0   1   1   1   1   0   0   0
 17T   0   0   0   0   0   0   0   0   0   1   1   1   1   1   1
 18T   1   1   1   1   1   1   1   1   1   1   1   1   1   1   1
 19T   0   0   0   0   1   1   1   1   0   0   0   0   0   0   0
 20T   1   1   1   1   0   0   0   0   0   0   0   0   0   0   0
