Number of Tool Switches: 25 

Time elapsed: 3.966453 
Tool Sequence:
      1J  2J 13J  4J  5J  6J  7J  8J  9J 10J 11J 12J  3J 14J 15J
  1T   1   1   1   1   1   1   1   1   1   1   1   1   1   1   1
  2T   0   0   0   0   0   0   0   0   0   0   0   0   0   0   1
  3T   0   0   0   0   0   0   0   1   1   1   1   1   1   1   1
  4T   1   1   1   1   1   1   1   1   0   0   0   0   0   0   0
  5T   0   0   0   0   0   0   1   0   0   0   0   0   0   0   0
  6T   1   1   1   1   1   0   0   0   0   0   0   0   0   0   0
  7T   0   0   0   0   0   0   0   0   1   1   1   1   1   1   1
  8T   0   0   0   0   0   0   1   0   0   0   0   0   0   0   0
  9T   1   1   1   1   0   0   0   0   0   0   0   0   0   0   0
 10T   0   0   0   0   0   0   0   0   0   0   0   0   0   0   1
 11T   1   1   1   1   1   1   1   1   1   1   1   1   1   1   1
 12T   0   0   0   0   0   1   0   0   0   0   0   0   0   0   0
 13T   0   0   0   0   0   0   1   0   0   0   0   0   0   0   0
 14T   0   0   0   0   0   0   0   1   0   0   0   0   0   0   0
 15T   1   1   1   1   1   1   1   1   1   1   1   1   1   1   1
 16T   1   1   1   1   1   1   0   0   0   0   0   0   0   0   0
 17T   1   1   1   1   1   1   1   1   1   1   1   1   1   1   1
 18T   0   0   0   0   0   0   0   1   1   1   1   1   1   1   1
 19T   1   1   1   1   1   1   1   1   1   1   1   1   1   1   0
 20T   0   0   0   0   1   1   1   1   1   1   1   1   1   1   0
 21T   0   0   0   0   0   0   0   0   0   0   0   1   1   1   0
 22T   0   0   0   0   0   0   0   0   0   0   0   0   0   0   1
 23T   0   0   0   0   0   0   0   0   0   0   1   0   0   0   0
 24T   1   1   1   1   1   1   0   0   0   0   0   0   0   0   0
 25T   0   0   0   0   0   0   0   0   1   1   0   0   0   0   0
