Number of Tool Switches: 30 

Time elapsed: 8.308059 
Tool Sequence:
     11J 13J  8J  4J 12J  6J  7J  3J  9J 10J  1J  5J  2J 14J 15J
  1T   0   0   0   0   0   1   0   0   0   0   0   0   0   0   0
  2T   1   1   1   1   1   1   1   1   1   1   1   1   1   1   1
  3T   0   0   0   0   0   0   0   0   0   0   0   1   1   1   1
  4T   1   1   1   0   0   0   0   0   0   0   1   1   1   1   1
  5T   1   1   1   1   1   1   1   1   1   1   1   1   1   1   1
  6T   1   1   1   1   1   1   1   1   1   1   1   1   1   1   1
  7T   0   0   0   1   1   0   0   0   0   0   0   0   1   1   1
  8T   0   0   0   1   1   1   1   0   0   0   0   0   0   0   0
  9T   1   1   1   1   1   1   1   1   1   1   1   1   0   0   0
 10T   0   0   0   0   0   0   0   0   0   1   1   1   1   1   1
 11T   1   1   1   1   1   1   1   1   1   1   1   1   1   1   1
 12T   0   0   0   0   0   0   1   1   1   1   1   1   1   1   1
 13T   1   1   1   1   1   1   1   1   1   1   1   1   0   0   0
 14T   1   1   1   0   0   0   0   0   0   0   1   0   0   0   0
 15T   1   1   1   1   1   1   1   1   1   1   0   0   0   0   0
 16T   1   1   1   1   1   1   1   1   1   1   1   1   1   1   1
 17T   1   1   1   1   1   0   0   0   0   0   0   0   1   1   1
 18T   1   1   1   1   1   1   0   0   0   0   0   0   0   0   0
 19T   0   0   0   0   0   0   0   1   1   1   1   1   1   1   1
 20T   0   0   0   0   0   0   1   1   1   0   0   0   0   0   0
 21T   0   0   0   0   0   1   1   1   1   1   1   1   1   1   1
 22T   0   0   0   0   0   1   1   1   1   1   1   1   1   1   1
 23T   1   1   1   1   1   1   1   1   1   1   0   0   0   0   0
 24T   1   1   1   1   1   0   0   0   0   1   1   1   1   1   1
 25T   1   1   1   1   1   1   1   1   1   0   0   0   0   0   0
