Number of Tool Switches: 40 

Time elapsed: 8.831952 
Tool Sequence:
      1J 10J  5J 12J  4J  6J  7J  9J  8J  2J 15J 13J 11J  3J 14J
  1T   1   1   1   1   1   1   1   1   1   1   1   1   0   0   0
  2T   0   0   1   1   1   0   0   0   1   1   1   1   1   1   1
  3T   1   1   1   1   1   1   1   1   0   0   0   0   0   0   0
  4T   1   1   1   1   1   1   1   1   1   1   1   1   1   1   1
  5T   1   1   1   1   1   1   0   0   0   0   1   1   1   1   1
  6T   1   1   1   1   1   1   1   1   1   1   1   1   1   1   1
  7T   1   1   1   1   1   1   1   1   1   0   0   0   1   1   1
  8T   1   1   1   1   1   1   1   0   0   0   0   1   1   1   1
  9T   1   1   1   1   0   0   1   1   1   1   0   0   0   0   1
 10T   1   1   1   0   0   0   1   1   1   1   1   1   1   1   1
 11T   0   0   0   1   1   1   1   1   1   1   1   1   1   1   1
 12T   1   1   1   1   1   1   1   1   1   1   1   1   1   1   1
 13T   1   1   1   1   1   1   1   1   1   1   1   1   1   1   1
 14T   1   1   1   1   1   1   1   1   1   1   1   0   0   0   1
 15T   1   1   1   1   1   0   0   1   1   1   1   1   1   1   1
 16T   1   1   1   1   1   1   0   0   0   0   0   0   0   0   0
 17T   1   1   1   1   1   1   1   1   1   1   1   1   1   1   1
 18T   1   1   1   1   1   1   1   1   1   1   1   1   1   1   0
 19T   0   0   1   1   1   1   1   1   1   1   1   1   1   1   1
 20T   1   1   1   1   0   0   0   1   1   1   1   1   1   1   1
 21T   1   0   0   0   1   1   1   1   1   1   1   1   1   1   1
 22T   1   1   0   0   1   1   1   1   1   1   1   1   1   1   1
 23T   0   1   0   0   0   1   1   0   0   1   1   1   1   1   1
 24T   0   1   1   1   1   1   1   1   1   1   1   1   1   1   0
 25T   1   0   0   0   0   1   1   1   1   1   1   1   1   1   1
