Number of Tool Switches: 29 

Time elapsed: 6.517271 
Tool Sequence:
      8J  4J 11J  7J  5J  2J  6J  3J  9J 10J  1J 12J 13J 14J 15J
  1T   1   1   1   1   1   1   1   1   1   1   1   1   1   1   1
  2T   1   1   1   1   1   1   1   1   1   1   0   0   0   0   0
  3T   1   1   1   1   1   1   1   1   1   1   1   1   1   1   1
  4T   1   1   1   1   1   0   0   0   0   0   0   0   0   1   1
  5T   1   1   1   1   0   0   0   0   0   0   0   0   0   0   1
  6T   1   1   1   1   1   1   1   1   1   1   1   1   1   1   1
  7T   1   1   1   1   1   1   1   1   1   1   1   1   1   1   1
  8T   1   1   1   1   1   1   1   1   1   1   1   1   1   1   1
  9T   1   1   1   1   1   1   1   1   1   1   1   1   1   1   1
 10T   1   1   1   1   1   1   1   1   1   1   1   1   1   1   1
 11T   1   1   1   1   1   1   1   1   1   1   1   1   1   1   1
 12T   0   0   1   1   1   1   1   1   1   1   1   1   1   1   1
 13T   0   0   0   0   0   0   1   1   1   1   1   1   1   1   1
 14T   1   1   1   1   1   1   0   0   0   0   0   0   0   0   0
 15T   1   1   1   1   1   1   1   1   1   1   1   1   1   1   1
 16T   1   1   1   1   1   1   1   1   1   1   1   1   1   1   1
 17T   1   1   0   0   0   0   0   0   0   0   1   1   1   1   1
 18T   1   1   1   1   1   1   1   1   1   1   1   1   1   1   1
 19T   0   0   0   0   0   1   1   1   1   1   1   1   1   1   1
 20T   1   1   1   1   1   1   1   1   1   1   1   1   1   1   1
 21T   1   1   1   1   0   0   0   0   0   1   1   1   1   1   1
 22T   0   0   0   0   1   1   1   1   1   1   1   1   1   1   1
 23T   0   0   0   0   1   1   1   1   1   1   1   1   1   1   0
 24T   1   1   1   1   1   1   1   1   1   0   0   0   0   0   0
 25T   1   1   1   1   1   1   1   1   1   1   1   1   1   0   0
