Number of Tool Switches: 19 

Time elapsed: 7.143018 
Tool Sequence:
     10J 15J  4J  1J  9J  8J  3J 14J  5J 13J 11J  6J  2J 12J  7J
  1T   0   0   0   0   0   0   1   1   1   1   1   1   0   0   0
  2T   0   0   1   1   1   1   1   0   0   0   0   0   0   0   0
  3T   0   0   0   0   1   0   0   0   0   0   0   0   0   0   1
  4T   1   0   0   0   0   0   0   0   0   0   0   0   0   0   0
  5T   0   1   1   0   0   0   0   0   0   0   0   0   0   0   0
  6T   0   0   0   0   0   0   0   0   0   1   1   1   1   1   0
  7T   0   0   0   0   0   0   0   1   1   1   1   1   1   1   1
  8T   0   0   0   0   0   1   0   0   0   0   0   0   1   1   1
  9T   0   0   0   0   0   0   0   0   1   1   0   0   0   0   1
 10T   1   1   1   1   1   1   1   1   1   1   1   0   0   0   0
 11T   0   0   0   1   0   0   0   0   0   0   0   1   1   1   0
 12T   0   0   0   0   0   0   0   0   0   0   1   1   1   1   1
 13T   1   1   0   0   0   0   0   0   0   0   0   0   0   0   0
 14T   1   1   1   1   1   1   1   1   1   0   0   0   0   0   0
 15T   1   1   1   1   1   1   1   1   0   0   0   0   0   0   0
