Instancias/C3/1.txt                                          	    66 	 151.015197835000 11.700328499000 13
Instancias/C3/2.txt                                          	    71 	 192.507894239000 8.893475265000 7
Instancias/C3/3.txt                                          	    67 	 176.561361043000 14.160900608000 15
Instancias/C3/4.txt                                          	    66 	 153.022065117000 7.983363263000 9
Instancias/C3/5.txt                                          	    65 	 171.068388727000 97.725063332000 125
Instancias/C3/6.txt                                          	    72 	 180.953199591000 114.605956264000 121
Instancias/C3/7.txt                                          	    66 	 171.427337672000 52.088011596000 62
Instancias/C3/8.txt                                          	    65 	 177.188742390000 162.578335088000 182
Instancias/C3/9.txt                                          	    69 	 178.570192488000 81.752454750000 95
Instancias/C3/10.txt                                         	    60 	 145.086503280000 4.950334055000 6
