                            C3/1.txt                          	    66 	 242.827918901000 44.057752493000 31
                            C3/2.txt                          	    71 	 271.704430841000 94.060532197000 68
                            C3/3.txt                          	    67 	 252.776016839000 144.886675359000 110
                            C3/4.txt                          	    66 	 221.396812578000 67.895682175000 54
                            C3/5.txt                          	    66 	 247.415085456000 30.501346579000 18
                            C3/6.txt                          	    72 	 250.083652953000 42.301249243000 28
                            C3/7.txt                          	    66 	 247.454646628000 152.090399325000 119
                            C3/8.txt                          	    65 	 247.402765585000 118.729000489000 92
                            C3/9.txt                          	    69 	 254.100814644000 160.318538489000 124
                            C3/10.txt                         	    60 	 227.286539133000 44.570753463000 31
