Instancias/C3/1.txt                                          	    66 	 185.270466445000 12.373000630000 11
Instancias/C3/2.txt                                          	    71 	 185.654941370000 7.893371159000 7
Instancias/C3/3.txt                                          	    67 	 164.964226074000 9.536046672000 8
Instancias/C3/4.txt                                          	    66 	 164.871180805000 18.725916760000 16
Instancias/C3/5.txt                                          	    66 	 171.467826322000 7.532868648000 8
Instancias/C3/6.txt                                          	    72 	 179.896203480000 41.289242558000 45
Instancias/C3/7.txt                                          	    66 	 188.294633309000 17.148771894000 17
Instancias/C3/8.txt                                          	    65 	 171.473018623000 139.449360467000 161
Instancias/C3/9.txt                                          	    69 	 175.752336943000 65.419040669000 77
Instancias/C3/10.txt                                         	    60 	 150.416387073000 28.962294978000 39
