Instancias/C3/1.txt                                          	    66 	 164.907085371000 81.177512877000 89
Instancias/C3/2.txt                                          	    71 	 186.399243824000 69.095624086000 71
Instancias/C3/3.txt                                          	    67 	 161.688573471000 3.367937720000 3
Instancias/C3/4.txt                                          	    66 	 161.507270756000 28.411439615000 32
Instancias/C3/5.txt                                          	    65 	 162.838502287000 104.080258365000 126
Instancias/C3/6.txt                                          	    72 	 187.910079913000 60.973489328000 61
Instancias/C3/7.txt                                          	    66 	 175.795474254000 42.148619458000 47
Instancias/C3/8.txt                                          	    66 	 167.034607734000 3.302371023000 3
Instancias/C3/9.txt                                          	    69 	 185.957207303000 68.184172475000 72
Instancias/C3/10.txt                                         	    60 	 155.972323481000 5.687518968000 7
