Instancias/C3/1.txt                                          	    66 	 173.980176346000 111.169883080000 131
Instancias/C3/2.txt                                          	    71 	 198.976895809000 20.709235696000 17
Instancias/C3/3.txt                                          	    67 	 169.145863680000 2.937309435000 3
Instancias/C3/4.txt                                          	    66 	 164.218404603000 6.091217942000 5
Instancias/C3/5.txt                                          	    65 	 168.615649910000 25.496101801000 26
Instancias/C3/6.txt                                          	    72 	 196.356089334000 19.951469139000 17
Instancias/C3/7.txt                                          	    66 	 173.507483997000 24.260280531000 29
Instancias/C3/8.txt                                          	    65 	 171.802204728000 10.418794774000 9
Instancias/C3/9.txt                                          	    69 	 167.117058120000 87.567052613000 100
Instancias/C3/10.txt                                         	    60 	 160.651792432000 127.973273753000 161
