Instancias/C3/1.txt                                          	    66 	 179.220154671000 92.462775334000 104
Instancias/C3/2.txt                                          	    71 	 191.183002825000 61.987732340000 69
Instancias/C3/3.txt                                          	    66 	 171.020390988000 23.683963143000 26
Instancias/C3/4.txt                                          	    66 	 162.226736727000 16.963164230000 18
Instancias/C3/5.txt                                          	    65 	 175.226153084000 113.270411474000 131
Instancias/C3/6.txt                                          	    72 	 180.722867253000 46.406606245000 47
Instancias/C3/7.txt                                          	    67 	 178.963120701000 38.856313645000 43
Instancias/C3/8.txt                                          	    65 	 196.186728720000 114.769930812000 120
Instancias/C3/9.txt                                          	    69 	 181.506898022000 50.669630778000 51
Instancias/C3/10.txt                                         	    60 	 144.935959693000 13.041363650000 17
