Instancias/C3/1.txt                                          	    66 	 163.852018772000 9.117233762000 11
Instancias/C3/2.txt                                          	    71 	 184.176135398000 51.089959161000 56
Instancias/C3/3.txt                                          	    66 	 162.874447130000 101.228146969000 128
Instancias/C3/4.txt                                          	    66 	 155.810714854000 4.211169669000 5
Instancias/C3/5.txt                                          	    65 	 168.964084275000 101.896265041000 120
Instancias/C3/6.txt                                          	    72 	 183.794346734000 8.280562690000 7
Instancias/C3/7.txt                                          	    67 	 194.642766772000 6.923554040000 6
Instancias/C3/8.txt                                          	    65 	 172.674411609000 33.761824948000 39
Instancias/C3/9.txt                                          	    69 	 195.484292334000 8.390844669000 9
Instancias/C3/10.txt                                         	    60 	 156.675306350000 1.841974129000 1
