Number of Tool Switches: 31 

Time elapsed: 0.002384 
Tool Sequence:
     14J  1J  2J  4J  5J 13J  6J 11J  3J  7J 15J  9J  8J 10J 12J
  1T   1   1   1   1   1   1   0   0   0   0   1   1   1   1   1
  2T   0   0   1   0   0   0   0   0   0   0   0   0   0   0   0
  3T   0   0   0   0   0   0   1   0   0   1   1   1   1   1   1
  4T   0   0   0   0   0   0   0   0   1   1   1   1   1   1   0
  5T   0   0   0   0   0   0   0   1   1   0   0   0   0   0   0
  6T   0   0   0   0   0   0   0   1   1   0   0   0   1   1   0
  7T   0   0   0   0   0   0   0   0   0   0   0   0   1   1   1
  8T   1   1   0   0   0   0   0   0   1   1   0   0   0   0   0
  9T   1   0   0   0   0   0   0   0   0   0   0   0   0   0   1
 10T   1   1   0   0   1   1   1   0   0   0   0   0   0   0   0
 11T   1   1   0   0   0   1   1   1   1   0   0   0   0   0   0
 12T   0   0   0   0   0   0   1   1   0   0   0   0   0   0   0
 13T   0   0   1   1   1   0   0   0   0   0   0   0   0   1   0
 14T   0   1   1   1   1   1   1   1   0   0   0   0   0   0   0
 15T   0   0   1   1   1   1   0   0   0   1   1   1   1   0   0
 16T   1   1   0   0   0   0   0   0   0   1   1   1   0   0   0
 17T   0   0   1   1   1   1   0   0   0   0   0   0   0   0   1
 18T   0   0   0   1   0   0   0   0   0   0   0   0   0   0   0
 19T   0   0   0   0   0   0   0   0   0   0   0   0   0   0   1
 20T   0   0   0   0   0   0   1   1   1   1   1   1   0   0   0
