Number of Tool Switches: 25 

Time elapsed: 0.003421 
Tool Sequence:
     15J  1J 10J  4J  9J  7J  8J 12J  5J  2J  6J  3J 13J 11J 14J
  1T   0   0   0   0   0   0   0   0   1   1   1   1   1   1   1
  2T   0   0   0   0   0   0   0   0   1   1   1   1   1   1   1
  3T   1   1   1   1   1   1   1   1   1   1   1   1   1   1   1
  4T   0   0   0   0   0   1   1   1   0   0   0   0   0   0   1
  5T   1   1   1   1   1   1   1   0   0   0   0   0   0   1   1
  6T   0   0   0   0   0   0   0   0   0   1   1   1   1   1   1
  7T   1   1   1   1   1   1   1   1   1   1   1   1   1   1   1
  8T   0   0   0   0   1   1   0   0   0   0   0   0   0   0   0
  9T   1   1   1   0   0   0   0   1   1   1   1   1   1   1   0
 10T   1   1   1   1   1   1   1   1   1   1   1   1   1   1   1
 11T   1   1   1   1   1   1   1   1   1   1   1   1   1   0   0
 12T   1   1   1   1   1   1   1   0   0   0   0   0   0   0   0
 13T   1   1   1   1   0   0   0   0   0   0   0   0   0   0   0
 14T   0   0   0   0   0   0   1   1   0   0   0   0   0   0   0
 15T   0   0   0   0   0   0   1   1   1   1   1   1   1   1   1
 16T   0   0   0   1   1   1   0   0   0   0   0   0   0   0   1
 17T   0   0   0   1   1   1   1   1   1   1   0   0   0   0   0
 18T   1   1   1   0   0   0   0   0   0   0   1   1   1   1   0
 19T   1   1   1   1   1   0   0   0   0   0   0   0   0   0   0
 20T   0   0   0   0   0   0   0   1   1   0   0   0   0   0   0
