Number of Tool Switches: 23 

Time elapsed: 0.002544 
Tool Sequence:
     13J  1J  3J  5J 14J 10J  2J  6J  4J 12J 15J  8J  7J  9J 11J
  1T   1   1   1   1   1   1   1   1   1   1   1   1   1   1   1
  2T   0   0   0   0   0   0   0   0   0   1   1   1   1   1   1
  3T   1   1   1   1   1   1   0   0   0   0   0   1   1   1   1
  4T   1   1   1   1   1   0   0   0   0   0   0   0   0   0   0
  5T   1   1   1   1   1   1   1   1   1   1   1   1   1   1   1
  6T   0   0   0   0   0   1   1   1   1   1   1   1   1   1   1
  7T   0   0   0   0   0   0   0   0   0   0   0   0   1   1   1
  8T   0   0   0   0   0   0   0   0   0   1   1   1   1   0   0
  9T   1   1   1   1   1   0   0   0   0   0   0   0   0   0   0
 10T   0   0   0   0   0   0   0   0   0   0   0   0   0   1   1
 11T   1   1   1   1   0   0   0   0   0   0   0   0   1   0   0
 12T   0   0   0   0   1   1   1   1   1   1   1   1   0   0   0
 13T   1   1   1   1   0   0   0   0   0   0   0   0   0   1   1
 14T   0   0   0   0   0   1   1   1   1   1   1   1   1   1   1
 15T   1   1   1   1   1   1   1   1   1   1   1   1   1   1   0
 16T   0   0   0   0   1   1   1   1   1   1   1   0   0   0   0
 17T   0   0   0   0   0   0   0   0   0   0   0   0   0   0   1
 18T   1   1   1   1   1   1   1   1   1   1   1   1   0   0   0
 19T   1   1   1   1   1   1   1   1   1   0   0   0   0   0   0
 20T   0   0   0   0   0   0   1   1   1   0   0   0   0   0   0
