Number of Tool Switches: 36 

Time elapsed: 0.002213 
Tool Sequence:
     11J  1J  2J  8J  6J  3J  7J  9J 15J  4J  5J 13J 10J 12J 14J
  1T   0   0   0   1   0   0   1   0   0   0   0   1   1   1   1
  2T   0   0   0   0   0   1   0   0   0   0   1   1   1   1   0
  3T   0   0   0   0   0   0   0   0   0   1   0   0   0   0   0
  4T   1   1   1   0   0   0   0   1   0   0   0   0   0   0   0
  5T   1   0   0   0   1   0   0   0   0   0   0   0   0   0   0
  6T   0   0   0   0   1   1   1   1   1   1   1   1   1   1   1
  7T   0   0   0   0   0   1   0   0   1   1   1   1   1   1   0
  8T   1   1   1   1   1   1   1   0   0   0   0   0   0   0   0
  9T   0   0   0   0   0   0   1   1   1   0   0   0   0   0   0
 10T   0   0   0   0   0   0   0   1   0   1   1   0   0   0   0
 11T   1   1   1   0   0   0   0   0   0   0   0   0   0   1   1
 12T   1   1   1   1   0   0   0   0   0   0   0   0   0   0   0
 13T   0   0   0   1   1   0   0   0   0   0   0   1   1   1   0
 14T   0   0   1   1   1   1   1   0   0   0   0   0   0   0   1
 15T   0   0   0   0   0   0   0   1   1   1   1   0   0   0   0
 16T   0   1   1   1   0   0   0   0   1   0   0   0   0   0   0
 17T   0   0   0   0   0   0   0   0   1   1   0   0   0   0   1
 18T   0   1   0   0   0   0   0   0   0   0   1   1   0   0   0
 19T   0   0   0   0   0   0   1   1   0   0   0   0   0   0   1
 20T   1   0   0   0   1   1   0   0   0   0   0   0   1   0   0
