Number of Tool Switches: 26 

Time elapsed: 0.003664 
Tool Sequence:
      3J  7J  1J  9J 14J  2J  8J  6J 11J 15J 10J  4J  5J 12J 13J
  1T   1   1   1   1   1   0   0   0   0   1   1   1   1   1   1
  2T   1   1   1   0   0   0   0   0   0   0   0   0   0   0   0
  3T   0   0   0   1   1   1   1   1   1   1   1   1   1   1   1
  4T   1   1   1   1   1   0   0   0   0   0   0   1   1   1   1
  5T   1   1   1   0   0   0   0   0   0   0   0   0   0   0   1
  6T   0   0   0   0   0   0   0   0   0   0   1   1   1   1   1
  7T   0   0   0   0   0   1   1   1   1   1   1   1   1   1   1
  8T   1   1   1   1   1   1   0   0   0   0   0   0   1   1   1
  9T   1   1   1   1   1   1   0   0   0   0   0   0   0   1   1
 10T   1   1   1   1   1   1   1   1   1   1   1   1   1   1   1
 11T   0   0   0   0   0   0   1   1   1   1   1   1   1   1   0
 12T   1   1   1   1   1   1   1   1   1   1   1   1   0   0   0
 13T   0   0   0   1   1   1   1   1   1   1   1   0   0   0   0
 14T   1   1   1   0   0   0   0   0   0   0   0   0   0   0   0
 15T   0   0   0   0   0   1   1   1   1   1   1   0   0   0   0
 16T   0   0   0   1   1   1   1   1   1   1   0   0   0   0   0
 17T   1   1   1   1   1   0   0   0   0   1   1   1   1   1   1
 18T   0   0   0   0   0   1   1   1   1   0   0   0   0   0   0
 19T   0   0   0   0   0   0   0   0   0   0   0   1   1   0   0
 20T   0   0   0   0   0   0   1   1   1   0   0   0   0   0   0
