Number of Tool Switches: 38 

Time elapsed: 0.002689 
Tool Sequence:
      2J  8J  1J  3J  5J 11J 12J  6J 13J  4J  7J 14J  9J 10J 15J
  1T   0   0   0   0   0   0   0   0   1   1   0   0   0   0   1
  2T   1   1   1   1   1   0   0   0   0   0   1   1   1   1   1
  3T   0   0   0   0   0   0   0   0   0   0   0   1   1   1   0
  4T   0   0   0   0   0   0   0   0   0   0   0   1   1   1   0
  5T   0   0   0   0   0   0   1   1   1   1   1   0   0   0   0
  6T   0   0   0   1   1   1   0   0   1   1   1   0   0   1   0
  7T   1   0   0   0   0   0   0   0   0   0   0   0   0   0   0
  8T   0   0   0   0   0   0   0   0   0   0   0   0   0   0   1
  9T   0   0   1   0   0   0   1   1   1   1   1   1   1   1   0
 10T   1   1   1   1   0   0   0   1   0   0   0   0   0   0   1
 11T   0   0   1   1   0   1   0   0   0   1   0   0   0   0   1
 12T   1   1   0   0   0   0   1   1   0   0   0   0   0   0   0
 13T   1   1   1   1   0   0   0   0   0   0   1   0   0   0   0
 14T   0   1   0   0   1   1   1   1   0   0   0   0   0   0   1
 15T   0   0   0   0   0   1   0   0   0   0   0   1   1   1   0
 16T   0   0   0   0   0   0   0   1   1   1   1   0   1   0   0
 17T   0   0   0   0   1   1   1   0   0   0   0   0   0   0   0
 18T   0   0   0   0   1   0   0   0   0   0   0   1   0   0   0
 19T   1   1   1   0   0   0   0   0   1   0   0   0   0   0   0
 20T   0   0   0   1   1   1   1   0   0   0   0   0   0   0   0
