Number of Tool Switches: 26 

Time elapsed: 0.001968 
Tool Sequence:
      2J  5J 12J  7J 15J  6J  1J  8J  3J  4J  9J 11J 14J 13J 10J
  1T   0   0   0   0   0   0   1   1   1   1   1   1   1   1   1
  2T   1   1   1   1   1   1   1   1   1   0   0   0   0   0   0
  3T   1   1   0   0   0   0   0   0   1   1   1   1   1   1   1
  4T   0   0   0   0   0   0   0   1   0   0   0   0   0   0   0
  5T   1   0   0   0   0   0   0   0   0   1   1   1   1   1   1
  6T   1   1   0   0   1   1   1   0   0   0   0   0   0   0   0
  7T   0   0   0   0   1   1   0   0   0   0   0   0   0   0   0
  8T   1   0   0   0   0   1   1   0   0   0   0   0   0   0   0
  9T   0   0   0   0   0   0   0   0   0   0   0   0   0   1   1
 10T   0   0   1   1   1   1   0   0   0   0   0   0   0   0   0
 11T   0   0   0   0   1   0   0   0   0   0   0   0   0   0   0
 12T   0   0   0   0   0   0   0   0   1   1   1   1   1   1   1
 13T   0   1   1   1   0   0   0   0   0   0   0   0   0   0   0
 14T   0   0   0   0   0   0   0   0   0   0   1   0   0   0   1
 15T   0   0   0   0   0   0   1   1   0   0   0   0   0   0   0
 16T   0   0   1   1   1   1   1   1   1   0   0   0   0   0   0
 17T   0   1   1   1   0   0   0   0   0   1   0   0   0   0   0
 18T   0   0   0   0   0   0   0   0   0   0   0   1   1   1   0
 19T   1   1   1   1   0   0   0   0   0   0   0   0   0   0   0
 20T   0   0   0   0   0   0   0   1   1   1   1   1   1   0   0
