Number of Tool Switches: 21 

Time elapsed: 0.001841 
Tool Sequence:
      1J  2J  9J  6J 14J  5J 12J  4J 13J  3J  7J  8J 10J 11J 15J
  1T   0   0   0   0   0   0   0   1   1   1   1   1   1   1   1
  2T   0   0   0   0   0   0   1   1   1   1   1   1   1   1   1
  3T   1   1   1   1   1   1   1   1   1   1   1   1   1   1   1
  4T   0   0   0   0   0   1   1   1   1   0   0   0   0   0   0
  5T   1   1   1   1   1   1   0   0   0   0   0   0   0   0   0
  6T   1   1   1   0   0   0   0   0   0   0   0   0   0   0   0
  7T   0   0   0   0   0   0   1   1   1   1   1   1   1   1   1
  8T   0   0   0   0   0   0   0   0   1   1   1   1   1   1   1
  9T   1   1   1   1   1   1   1   1   0   0   0   0   0   0   0
 10T   0   0   0   0   0   0   0   0   0   0   0   0   1   1   1
 11T   1   1   1   0   0   0   0   0   0   0   0   0   1   1   1
 12T   1   1   1   1   1   1   0   0   0   0   0   0   0   0   0
 13T   1   1   1   1   1   0   0   0   0   0   0   0   0   0   0
 14T   1   1   1   1   1   1   1   1   1   1   1   1   0   0   0
 15T   1   1   1   1   1   1   1   1   1   1   1   1   1   1   1
 16T   0   0   0   0   0   0   0   0   0   0   0   0   0   1   1
 17T   0   0   0   1   1   1   1   1   1   1   1   1   1   1   1
 18T   0   0   0   1   1   1   1   0   0   0   0   0   0   0   0
 19T   1   1   1   1   1   1   1   1   1   1   1   1   0   0   0
 20T   0   0   0   0   0   0   0   0   0   1   1   1   1   0   0
