Number of Tool Switches: 23 

Time elapsed: 0.738083 
Tool Sequence:
     10J  3J 12J  6J 14J  2J  4J  1J  8J 13J 15J  9J 11J  7J  5J
  1T   0   0   1   0   0   0   0   0   0   0   0   0   0   0   1
  2T   0   0   0   0   1   1   1   1   1   0   0   0   0   0   0
  3T   0   0   0   0   0   1   0   0   0   0   0   0   0   0   0
  4T   0   0   0   0   0   0   0   0   0   0   1   1   1   1   0
  5T   1   1   1   1   1   1   1   0   0   0   0   0   0   0   0
  6T   1   1   1   1   1   1   1   1   0   0   0   0   0   0   0
  7T   1   1   1   1   1   1   1   1   0   0   0   0   0   0   0
  8T   0   0   0   0   0   0   0   0   0   1   1   1   1   0   0
  9T   0   0   1   0   0   0   0   0   0   0   0   0   0   0   0
 10T   0   0   0   0   0   0   0   1   1   1   1   1   1   1   0
 11T   0   0   0   0   0   0   0   0   0   0   0   0   1   1   1
 12T   1   1   1   1   0   0   0   0   1   1   1   1   1   1   1
 13T   0   0   0   1   1   0   0   0   0   0   0   0   0   0   0
 14T   0   0   0   0   0   0   1   1   1   1   1   1   1   1   1
 15T   1   1   0   0   0   0   0   0   0   0   1   0   0   0   0
 16T   1   1   0   0   0   0   0   0   0   0   0   0   0   0   0
 17T   0   0   0   1   1   1   1   0   0   0   0   0   0   0   0
 18T   0   0   0   0   0   0   0   0   1   1   0   0   0   0   0
 19T   0   0   0   0   0   0   0   0   0   0   0   0   0   1   1
 20T   0   0   0   0   0   0   0   1   1   1   0   0   0   0   0
