Number of Tool Switches: 38 

Time elapsed: 1.083741 
Tool Sequence:
      3J 11J  1J 12J  8J 14J  4J  5J 13J  7J 10J  9J  6J  2J 15J
  1T   0   0   0   0   0   0   0   0   1   0   1   1   1   1   1
  2T   0   0   0   1   1   0   0   0   1   1   0   0   0   0   0
  3T   0   0   1   1   1   1   1   1   0   0   0   0   0   1   0
  4T   0   0   0   0   0   0   0   0   0   0   0   0   1   0   0
  5T   1   0   0   0   0   0   0   0   0   1   1   0   0   1   0
  6T   0   1   0   0   0   0   0   0   0   0   0   1   1   0   0
  7T   0   0   0   0   0   1   1   1   1   0   0   0   0   1   1
  8T   0   0   0   0   0   0   0   0   0   0   1   0   0   1   0
  9T   0   0   0   0   1   1   1   1   0   1   1   1   0   0   0
 10T   0   0   1   0   0   0   0   0   1   1   1   1   0   0   0
 11T   0   1   0   0   0   0   1   0   0   0   0   0   0   0   0
 12T   1   1   1   0   0   0   0   0   0   0   0   0   0   0   0
 13T   1   0   0   0   0   1   1   1   1   0   0   0   0   0   0
 14T   1   0   0   0   0   0   0   0   0   1   1   1   0   0   0
 15T   1   1   1   1   0   0   0   0   0   0   0   0   0   0   1
 16T   0   1   1   1   1   1   0   0   0   1   0   0   0   0   0
 17T   0   0   0   0   0   0   0   1   1   0   0   0   1   0   0
 18T   0   0   0   0   0   0   0   0   0   0   0   1   1   1   0
 19T   0   1   1   1   1   1   1   1   0   0   0   0   0   0   0
 20T   1   0   0   1   1   0   0   0   0   0   0   0   1   0   0
