Number of Tool Switches: 24 

Time elapsed: 1.301090 
Tool Sequence:
      6J  7J 13J 14J  8J  5J  1J 10J 11J 15J  3J  4J 12J  2J  9J
  1T   1   1   1   1   1   1   1   1   1   1   1   0   0   0   0
  2T   1   1   1   1   1   1   1   0   0   0   0   1   0   0   0
  3T   0   0   0   0   0   0   0   0   0   0   0   1   1   1   1
  4T   0   0   0   0   0   0   0   0   1   1   1   1   1   0   0
  5T   1   1   1   1   0   0   0   0   0   0   0   0   0   1   1
  6T   0   0   0   1   1   1   1   1   1   1   1   0   0   0   0
  7T   0   0   1   1   1   1   1   1   0   0   0   0   0   0   0
  8T   1   1   0   0   0   0   0   0   0   0   0   0   1   1   1
  9T   0   0   0   0   0   0   0   0   0   1   1   1   1   1   0
 10T   1   1   1   1   1   1   0   0   0   0   0   0   0   0   0
 11T   0   0   0   0   0   0   0   0   0   0   0   0   0   0   1
 12T   0   0   0   1   1   1   1   1   1   1   1   1   0   0   0
 13T   0   0   0   0   0   0   0   1   1   1   1   1   1   0   0
 14T   0   0   0   0   1   1   1   1   1   0   0   0   0   0   0
 15T   1   1   1   0   0   0   0   0   0   0   0   0   0   0   0
 16T   0   0   0   0   0   0   0   0   0   0   0   0   0   1   0
 17T   0   0   0   0   0   0   1   1   0   0   0   0   0   0   0
 18T   1   1   1   0   0   0   0   0   1   1   1   1   0   0   0
 19T   1   1   1   1   1   1   1   1   1   1   1   1   1   1   1
 20T   0   0   0   0   0   0   0   0   0   0   0   0   1   0   0
