Number of Tool Switches: 28 

Time elapsed: 0.952167 
Tool Sequence:
      3J  5J 13J  6J  2J 12J  7J  8J 15J  1J  4J  9J 10J 11J 14J
  1T   1   1   1   1   0   0   0   0   0   0   0   0   0   0   0
  2T   1   1   0   0   0   0   0   0   0   0   0   0   0   0   0
  3T   1   1   1   0   0   0   0   0   0   0   0   0   0   1   0
  4T   1   1   1   1   1   1   1   1   1   0   0   0   0   0   0
  5T   0   0   0   0   0   0   0   1   1   0   0   0   0   1   1
  6T   1   1   0   0   0   0   0   0   0   1   1   1   1   0   0
  7T   0   0   0   1   1   0   0   0   1   1   1   1   0   0   0
  8T   0   0   1   1   1   1   1   1   0   0   0   0   0   0   0
  9T   0   0   0   0   0   0   0   0   0   0   0   0   1   1   0
 10T   0   0   0   0   0   0   0   0   0   0   0   1   1   0   0
 11T   0   0   0   1   1   0   0   0   0   0   0   0   0   0   0
 12T   0   0   0   0   0   0   0   0   0   0   1   1   1   0   0
 13T   0   0   0   0   1   1   1   0   0   0   0   0   0   1   1
 14T   0   0   0   0   0   0   0   0   0   0   0   0   0   0   1
 15T   0   0   0   0   0   0   0   0   0   0   0   0   0   1   0
 16T   0   0   1   0   0   0   0   0   1   1   1   0   0   0   0
 17T   0   0   0   0   0   1   1   1   0   0   0   0   1   1   0
 18T   1   1   1   1   1   1   1   1   1   1   0   0   0   0   0
 19T   0   0   0   0   0   1   1   1   0   1   1   1   0   0   0
 20T   0   0   0   0   0   0   0   0   1   1   1   1   1   0   0
