Number of Tool Switches: 187 

Time elapsed: 648.946389 
Tool Sequence:
     18J 38J 11J 14J 15J 13J 35J 36J 25J 17J 22J 21J  1J 16J  7J 20J 10J 32J  5J  6J  4J 28J  3J 23J 40J 34J 33J 31J 27J  8J 29J 19J 12J 24J  9J 30J 39J 37J 26J  2J
  1T   0   0   1   1   0   0   0   0   0   0   0   0   0   0   0   0   0   0   0   0   0   0   0   1   1   1   1   1   1   1   1   1   1   1   1   0   0   0   0   0
  2T   0   0   0   0   0   0   0   0   0   0   0   0   1   1   1   1   1   1   1   1   1   1   0   0   0   0   0   0   0   0   0   0   0   0   0   0   0   1   0   0
  3T   0   0   0   0   0   0   0   0   0   1   1   1   1   1   1   1   1   1   1   1   1   1   1   1   0   0   0   0   0   0   0   1   0   0   0   0   0   0   0   0
  4T   0   0   0   0   0   0   1   1   0   0   0   0   0   0   0   1   0   0   0   0   0   0   0   1   1   1   1   1   1   1   1   1   1   1   1   1   1   1   1   1
  5T   1   1   1   1   1   1   1   0   0   0   0   0   0   0   0   0   0   0   0   0   0   0   0   0   0   0   1   0   0   0   0   0   0   0   0   0   1   1   1   0
  6T   1   1   1   1   1   1   1   1   0   0   0   0   1   0   0   0   0   0   0   0   1   1   1   1   0   0   0   0   0   0   0   0   0   0   1   1   1   1   1   0
  7T   0   0   0   0   0   1   1   1   1   1   1   1   1   1   1   1   1   0   0   0   0   0   0   1   0   0   0   0   0   0   0   0   0   0   1   0   0   0   0   0
  8T   0   0   0   1   1   1   1   1   1   1   0   0   0   0   0   0   0   0   0   1   0   0   0   0   0   0   0   1   1   0   0   0   0   0   0   0   1   0   0   0
  9T   1   1   1   1   1   1   0   0   0   0   1   1   1   1   1   0   0   0   0   0   0   1   1   1   0   0   0   0   0   0   0   0   1   1   1   1   0   0   0   0
 10T   0   0   0   0   1   1   1   1   1   0   0   0   0   0   0   1   1   1   0   0   0   0   0   0   0   0   0   0   0   0   0   0   0   0   0   0   0   0   0   0
 11T   0   0   1   1   1   1   1   1   1   1   1   1   0   0   0   0   1   0   0   0   1   1   1   1   1   1   1   1   1   1   1   1   1   1   0   0   0   0   0   0
 12T   0   0   0   0   1   1   1   1   1   1   1   0   0   0   0   0   0   0   0   0   0   0   0   0   0   0   0   0   1   1   1   1   0   0   0   0   0   0   1   0
 13T   0   0   0   0   0   1   1   1   1   1   1   1   1   0   0   0   0   0   0   1   1   0   0   0   0   1   0   0   0   0   0   0   0   0   0   1   0   0   0   0
 14T   0   0   0   0   0   0   0   0   0   0   0   0   0   0   1   1   0   0   0   0   0   0   0   0   0   0   0   0   0   0   0   0   0   0   0   1   1   1   1   0
 15T   0   0   0   0   0   0   0   0   0   0   0   0   1   0   0   0   1   1   0   0   0   0   0   0   0   0   0   1   1   1   0   0   0   0   0   0   0   0   0   0
 16T   1   0   0   0   0   0   0   0   1   0   0   0   0   0   0   0   0   0   0   1   1   1   1   1   1   1   1   1   1   1   1   1   1   0   0   0   0   0   0   0
 17T   1   1   1   1   1   1   0   0   0   0   0   1   1   0   0   0   0   0   0   0   0   0   0   0   0   0   1   1   1   1   1   1   1   1   1   1   1   1   0   0
 18T   0   0   1   0   0   0   0   0   0   0   0   1   1   1   1   0   0   0   0   0   0   0   0   0   0   0   0   0   0   1   1   1   1   1   1   1   1   1   1   1
 19T   1   1   1   0   0   0   0   0   0   0   1   1   1   1   1   0   0   0   0   0   0   0   0   0   1   1   1   1   1   1   1   1   0   0   0   0   0   0   0   0
 20T   0   0   1   0   0   0   0   0   0   0   0   0   0   0   0   0   0   0   1   1   0   0   0   0   1   1   0   0   0   0   0   0   0   0   0   0   0   1   1   1
 21T   1   1   1   1   0   0   0   0   0   0   0   1   0   0   0   0   0   0   1   1   0   0   0   0   0   0   0   0   0   0   0   0   0   0   0   0   0   0   0   1
 22T   0   0   0   0   1   0   0   0   0   0   0   0   0   0   0   0   1   1   1   1   1   1   1   1   1   1   1   0   0   0   0   0   0   0   0   0   0   0   1   0
 23T   0   0   0   0   0   0   1   1   1   1   1   1   0   0   0   0   1   1   1   1   1   1   1   1   1   1   1   1   1   1   1   1   1   1   1   1   0   0   0   0
 24T   1   1   0   0   0   0   1   1   1   1   0   0   0   0   1   0   0   0   0   0   1   1   1   0   0   0   0   0   0   0   0   0   0   0   0   1   1   1   1   1
 25T   0   0   0   0   1   0   0   0   0   0   0   0   0   0   0   0   0   0   0   1   1   1   1   1   1   0   0   0   0   0   0   0   0   0   0   0   1   0   0   0
 26T   1   1   0   0   0   0   0   0   1   1   1   1   1   1   1   1   1   1   1   1   1   1   1   1   1   0   0   0   0   0   0   0   0   0   0   0   0   0   0   0
 27T   1   1   0   0   0   0   0   1   0   0   0   0   0   0   0   0   0   0   1   1   1   0   0   0   0   0   0   0   0   1   1   1   1   1   1   1   1   1   0   0
 28T   0   0   1   1   0   0   0   0   0   0   0   0   0   0   0   0   0   1   1   0   0   0   0   0   1   1   1   0   0   0   0   0   0   0   0   0   0   0   0   0
 29T   1   0   0   0   0   0   0   0   0   0   0   0   0   0   0   0   0   0   0   0   0   0   0   1   1   1   1   1   1   1   1   1   1   0   0   0   0   0   0   0
 30T   1   1   0   0   0   0   1   1   1   1   1   0   0   0   0   1   1   1   1   0   0   0   1   1   1   1   1   1   1   1   1   1   1   1   1   0   0   0   0   0
 31T   0   0   0   0   0   0   0   1   1   0   0   0   0   0   0   0   0   0   0   0   0   0   0   1   1   1   1   1   1   1   0   0   0   0   0   0   1   0   0   0
 32T   1   1   1   1   1   1   0   0   0   0   0   1   0   0   0   0   0   0   0   0   1   0   0   0   0   0   0   1   1   1   1   1   1   1   1   0   0   0   0   0
 33T   0   0   0   1   0   0   0   0   0   0   0   0   0   0   0   0   0   0   0   0   1   1   1   0   0   0   1   0   0   0   0   0   1   0   0   0   0   0   0   0
 34T   0   0   0   0   0   0   0   0   0   0   0   0   0   0   0   1   1   1   1   0   0   1   1   0   0   0   0   0   0   0   0   0   0   0   1   1   1   1   1   1
 35T   1   1   0   0   0   1   1   1   1   1   0   0   0   1   1   1   1   1   1   1   1   1   1   1   0   0   0   0   0   0   0   0   0   0   0   1   0   0   0   0
 36T   0   0   0   0   1   1   0   0   0   1   1   1   1   1   1   1   1   1   1   1   1   1   1   1   1   0   0   0   0   0   0   0   0   0   0   0   0   1   1   1
 37T   1   1   1   1   1   1   1   1   1   1   0   0   0   0   0   0   0   0   0   1   1   1   0   0   0   0   0   0   0   0   0   0   0   0   0   1   1   1   1   0
 38T   0   1   0   0   0   0   0   0   0   1   1   0   0   0   0   0   0   1   1   0   0   0   0   0   1   1   1   1   1   1   1   1   1   1   1   1   1   1   1   1
 39T   1   1   1   1   1   0   0   0   0   0   0   0   0   1   1   1   1   1   1   1   0   0   0   0   0   0   0   0   0   0   0   0   0   1   1   1   1   1   1   1
 40T   0   0   0   0   0   0   0   0   0   0   0   0   0   0   0   1   1   1   1   0   0   0   0   0   0   0   0   1   1   1   1   1   1   1   1   1   1   1   1   1
 41T   0   0   1   1   0   0   0   0   1   1   1   1   0   0   0   0   0   0   0   0   1   0   0   0   0   0   0   0   0   0   1   1   1   1   1   1   1   1   1   1
 42T   1   1   1   1   0   0   0   0   1   1   1   1   1   1   1   1   0   0   0   0   0   1   1   0   0   0   1   0   0   0   0   0   0   0   0   0   0   0   0   0
 43T   0   0   0   0   0   0   0   0   0   1   1   0   0   0   0   0   0   0   0   0   0   0   1   1   1   1   0   0   0   0   0   0   0   0   0   0   0   0   0   1
 44T   1   0   0   0   0   0   0   0   0   0   1   1   1   0   0   0   0   0   0   0   0   0   0   0   1   1   1   1   1   1   1   1   1   1   1   1   1   1   1   1
 45T   1   1   1   1   1   1   1   1   1   0   0   0   0   1   1   1   1   1   0   0   0   0   0   0   1   1   1   1   1   0   0   0   0   0   0   0   0   0   1   1
 46T   0   0   0   0   0   0   0   0   0   0   0   0   0   0   0   0   1   0   0   0   0   0   0   0   0   0   0   1   1   1   1   1   1   1   1   1   1   1   1   1
 47T   0   1   1   1   1   1   0   0   0   0   0   0   1   1   1   1   0   0   0   0   0   0   0   0   0   1   1   1   0   0   0   0   0   0   0   0   0   0   0   0
 48T   0   0   0   0   0   0   0   1   1   1   1   0   0   1   1   1   1   1   1   1   0   0   0   0   0   0   0   0   0   0   1   1   0   0   0   0   0   0   0   1
 49T   0   0   0   0   0   0   0   0   0   0   1   0   0   0   0   0   0   1   1   1   1   1   1   0   0   0   0   0   0   0   0   0   0   0   0   0   1   1   1   1
 50T   0   1   1   1   1   1   0   0   0   0   0   0   0   0   0   0   0   0   0   0   0   0   0   0   0   0   0   0   0   0   0   0   1   1   1   1   1   1   1   0
 51T   0   0   0   0   1   1   1   1   1   1   1   1   1   1   1   1   1   1   0   0   0   0   0   0   0   0   0   0   0   0   0   0   1   0   0   0   0   0   0   0
 52T   0   0   0   1   0   0   0   0   0   0   0   0   0   1   1   1   1   1   1   1   1   1   1   1   1   1   1   0   0   0   0   0   0   0   0   0   0   0   0   1
 53T   0   0   0   0   0   0   1   1   1   1   1   1   1   1   1   0   0   0   1   1   0   0   0   0   0   0   0   0   0   1   1   1   1   1   1   0   0   0   0   0
 54T   1   1   0   0   0   0   1   1   1   1   1   1   1   1   0   0   0   0   0   0   0   1   0   0   0   0   0   0   0   0   0   0   0   0   0   0   0   0   0   1
 55T   0   1   1   1   1   1   1   1   1   1   1   1   1   1   0   0   0   0   0   0   0   0   0   0   0   0   1   1   1   1   1   0   0   0   0   0   0   0   0   0
 56T   1   0   0   0   0   0   0   0   0   0   0   0   1   1   1   1   0   0   0   0   0   0   1   1   1   1   0   0   0   1   1   1   1   1   1   1   1   1   1   1
 57T   0   0   1   1   1   1   0   0   0   0   0   1   1   1   1   1   0   0   0   0   0   0   0   0   0   1   0   0   0   0   0   0   0   0   0   1   0   0   0   0
 58T   0   0   0   0   0   0   1   0   0   0   0   1   1   1   1   1   1   1   1   1   1   1   1   1   1   1   1   1   0   0   0   0   0   0   0   0   0   0   0   0
 59T   0   0   0   0   1   1   1   1   0   0   0   0   0   0   0   0   0   0   0   0   0   1   1   1   0   0   0   1   0   0   0   0   0   0   0   0   0   0   0   0
 60T   1   1   1   1   1   1   1   0   0   0   0   0   0   0   0   0   1   1   1   1   1   0   0   0   0   0   0   0   0   0   0   0   0   1   1   0   0   0   0   0
