Instancias/D1/1.txt                                          	   200 	 551.889021700000 42.464004371000 11
Instancias/D1/2.txt                                          	   167 	 609.316021594000 91.827922550000 28
Instancias/D1/3.txt                                          	   206 	 475.509975027000 463.543366532000 196
Instancias/D1/4.txt                                          	   203 	 479.211604619000 345.337967853000 144
Instancias/D1/5.txt                                          	   186 	 546.251353278000 309.946989281000 114
Instancias/D1/6.txt                                          	   225 	 395.188212417000 274.352976407000 137
Instancias/D1/7.txt                                          	   195 	 523.640171246000 72.488685816000 28
Instancias/D1/8.txt                                          	   179 	 561.945183686000 219.064942695000 73
Instancias/D1/9.txt                                          	   204 	 484.143124906000 66.011073037000 26
Instancias/D1/10.txt                                         	   216 	 460.810598533000 210.683728304000 90
