Instancias/D1/1.txt                                          	   199 	 497.399300114000 89.226164362000 34
Instancias/D1/2.txt                                          	   168 	 592.352069821000 279.022747356000 89
Instancias/D1/3.txt                                          	   207 	 447.630395136000 290.836061041000 128
Instancias/D1/4.txt                                          	   205 	 483.682488593000 258.018388416000 105
Instancias/D1/5.txt                                          	   186 	 585.181581848000 85.194733313000 27
Instancias/D1/6.txt                                          	   224 	 361.046109882000 266.508122600000 145
Instancias/D1/7.txt                                          	   195 	 492.429817172000 249.943586770000 102
Instancias/D1/8.txt                                          	   181 	 549.284294741000 218.595824927000 77
Instancias/D1/9.txt                                          	   204 	 476.920970503000 156.258803494000 64
Instancias/D1/10.txt                                         	   216 	 442.685272460000 305.456312824000 136
