Instancias/D1/1.txt                                          	   199 	 482.330309670000 281.060674429000 118
Instancias/D1/2.txt                                          	   167 	 553.599781597000 484.975551948000 178
Instancias/D1/3.txt                                          	   206 	 429.438305828000 135.882379287000 61
Instancias/D1/4.txt                                          	   205 	 442.792780555000 403.784755866000 182
Instancias/D1/5.txt                                          	   186 	 498.375707467000 486.535857782000 196
Instancias/D1/6.txt                                          	   224 	 367.234247340000 186.407491473000 95
Instancias/D1/7.txt                                          	   196 	 480.527017148000 166.941008231000 70
Instancias/D1/8.txt                                          	   180 	 497.059364962000 77.818455147000 28
Instancias/D1/9.txt                                          	   202 	 420.466856434000 55.497494533000 25
Instancias/D1/10.txt                                         	   217 	 401.308743893000 109.706927134000 48
