Instancias/D1/1.txt                                          	   201 	 551.263428566000 210.138144120000 74
Instancias/D1/2.txt                                          	   167 	 644.816057344000 616.663331105000 192
Instancias/D1/3.txt                                          	   208 	 438.306486986000 39.743384483000 15
Instancias/D1/4.txt                                          	   205 	 477.142945904000 406.510985596000 171
Instancias/D1/5.txt                                          	   187 	 541.156420932000 74.449818815000 27
Instancias/D1/6.txt                                          	   224 	 392.000290921000 184.453742116000 92
Instancias/D1/7.txt                                          	   195 	 516.191802001000 83.713833674000 33
Instancias/D1/8.txt                                          	   180 	 500.969017887000 89.275352147000 33
Instancias/D1/9.txt                                          	   205 	 453.430378413000 134.477434135000 60
Instancias/D1/10.txt                                         	   217 	 466.624728985000 129.861979540000 56
