Instancias/D1/1.txt                                          	   201 	 474.371739974000 43.335796712000 17
Instancias/D1/2.txt                                          	   168 	 569.206575623000 216.823130401000 78
Instancias/D1/3.txt                                          	   206 	 474.470750642000 462.377047583000 194
Instancias/D1/4.txt                                          	   206 	 467.840249182000 54.728029128000 22
Instancias/D1/5.txt                                          	   185 	 547.729344557000 280.182616707000 99
Instancias/D1/6.txt                                          	   224 	 395.626098885000 167.215488571000 79
Instancias/D1/7.txt                                          	   195 	 489.454838913000 75.413699102000 28
Instancias/D1/8.txt                                          	   181 	 520.070085283000 244.244965498000 93
Instancias/D1/9.txt                                          	   203 	 487.509666334000 29.232840738000 12
Instancias/D1/10.txt                                         	   217 	 442.912824708000 28.101110534000 13
