                        GrupoE/L1-1.txt                       	    15 	 0.119913446000 0.014811473000 2
                        GrupoE/L1-2.txt                       	    13 	 0.103651811000 0.009793771000 1
                        GrupoE/L1-3.txt                       	    12 	 0.089585152000 0.007691521000 1
                        GrupoE/L1-4.txt                       	    13 	 0.097026795000 0.009243176000 1
                        GrupoE/L1-5.txt                       	    14 	 0.110354455000 0.011196311000 1
                        GrupoE/L1-6.txt                       	    14 	 0.100978504000 0.007958909000 1
                        GrupoE/L1-7.txt                       	    13 	 0.113339880000 0.011463151000 1
                        GrupoE/L1-8.txt                       	    14 	 0.107505744000 0.010970859000 2
                        GrupoE/L1-9.txt                       	    13 	 0.111922911000 0.010786279000 1
                        GrupoE/L1-10.txt                      	    14 	 0.082220740000 0.006426895000 3
                        GrupoE/L2-1.txt                       	    10 	 0.028505054000 0.000459655000 1
                        GrupoE/L2-2.txt                       	    12 	 0.150624808000 0.014065398000 1
                        GrupoE/L2-3.txt                       	    11 	 0.107361468000 0.011894191000 1
                        GrupoE/L2-4.txt                       	    12 	 0.132865750000 0.007582662000 1
                        GrupoE/L2-5.txt                       	    10 	 0.022708181000 0.000305394000 1
                        GrupoE/L2-6.txt                       	    12 	 0.094055806000 0.006436842000 1
                        GrupoE/L2-7.txt                       	    12 	 0.116128339000 0.008294055000 1
                        GrupoE/L2-8.txt                       	    11 	 0.083128699000 0.002269828000 1
                        GrupoE/L2-9.txt                       	    11 	 0.103958126000 0.009233537000 1
                        GrupoE/L2-10.txt                      	    11 	 0.095039442000 0.005564749000 4
                        GrupoE/L3-1.txt                       	    10 	 0.039425046000 0.000947284000 2
                        GrupoE/L3-2.txt                       	    10 	 0.011867598000 0.000331824000 1
                        GrupoE/L3-3.txt                       	    10 	 0.022382379000 0.000317893000 1
                        GrupoE/L3-4.txt                       	    10 	 0.009927314000 0.000358933000 1
                        GrupoE/L3-5.txt                       	    10 	 0.018202686000 0.000430159000 1
                        GrupoE/L3-6.txt                       	    11 	 0.126098875000 0.014905624000 1
                        GrupoE/L3-7.txt                       	    10 	 0.009730061000 0.000362545000 1
                        GrupoE/L3-8.txt                       	    10 	 0.015707988000 0.000333116000 1
                        GrupoE/L3-9.txt                       	    11 	 0.079847971000 0.003789266000 1
                        GrupoE/L3-10.txt                      	    11 	 0.120808194000 0.011207682000 1
                        GrupoE/L4-1.txt                       	    10 	 0.010712220000 0.000328959000 1
                        GrupoE/L4-2.txt                       	    10 	 0.007215047000 0.000408812000 1
                        GrupoE/L4-3.txt                       	    10 	 0.016374751000 0.000371170000 1
                        GrupoE/L4-4.txt                       	    10 	 0.024160811000 0.000468772000 1
                        GrupoE/L4-5.txt                       	    10 	 0.020323057000 0.000644835000 2
                        GrupoE/L4-6.txt                       	    10 	 0.003352936000 0.000336337000 1
                        GrupoE/L4-7.txt                       	    10 	 0.005926249000 0.000459373000 1
                        GrupoE/L4-8.txt                       	    10 	 0.002787812000 0.000314123000 1
                        GrupoE/L4-9.txt                       	    10 	 0.007568012000 0.000372348000 1
                        GrupoE/L4-10.txt                      	    10 	 0.006847966000 0.000437852000 1
                        GrupoE/L5-1.txt                       	    28 	 0.952167114000 0.125635958000 5
                        GrupoE/L5-2.txt                       	    23 	 0.786432099000 0.059713087000 1
                        GrupoE/L5-3.txt                       	    25 	 0.939732291000 0.105890963000 2
                        GrupoE/L5-4.txt                       	    25 	 0.850336738000 0.109973784000 3
                        GrupoE/L5-5.txt                       	    23 	 0.738083267000 0.090376301000 5
                        GrupoE/L5-6.txt                       	    23 	 0.909631302000 0.061731485000 1
                        GrupoE/L5-7.txt                       	    30 	 1.035078450000 0.208606380000 25
                        GrupoE/L5-8.txt                       	    38 	 1.083741013000 0.138713786000 6
                        GrupoE/L5-9.txt                       	    28 	 1.004258462000 0.124571908000 12
                        GrupoE/L5-10.txt                      	    31 	 1.029356054000 0.211658747000 19
                        GrupoE/L6-1.txt                       	    20 	 0.258888020000 0.005633919000 1
                        GrupoE/L6-2.txt                       	    24 	 1.301090173000 0.067595933000 1
                        GrupoE/L6-3.txt                       	    20 	 0.222188327000 0.002168444000 1
                        GrupoE/L6-4.txt                       	    25 	 1.601175373000 0.271967229000 16
                        GrupoE/L6-5.txt                       	    24 	 1.416315674000 0.266521461000 20
                        GrupoE/L6-6.txt                       	    21 	 0.769161500000 0.019500182000 1
                        GrupoE/L6-7.txt                       	    20 	 0.441559932000 0.009608265000 3
                        GrupoE/L6-8.txt                       	    23 	 1.446751535000 0.327089704000 33
                        GrupoE/L6-9.txt                       	    22 	 1.238904717000 0.103893651000 1
                        GrupoE/L6-10.txt                      	    23 	 1.517555248000 0.116224120000 2
                        GrupoE/L7-1.txt                       	    20 	 0.184058571000 0.002230044000 1
                        GrupoE/L7-2.txt                       	    20 	 0.198203514000 0.002567213000 1
                        GrupoE/L7-3.txt                       	    20 	 0.552545327000 0.002289557000 1
                        GrupoE/L7-4.txt                       	    20 	 0.478942508000 0.006815450000 1
                        GrupoE/L7-5.txt                       	    20 	 0.190750466000 0.003497188000 1
                        GrupoE/L7-6.txt                       	    20 	 1.203282527000 0.378971263000 53
                        GrupoE/L7-7.txt                       	    20 	 0.063116817000 0.002710924000 1
                        GrupoE/L7-8.txt                       	    20 	 0.187905478000 0.002722073000 1
                        GrupoE/L7-9.txt                       	    23 	 1.856505078000 0.132630984000 1
                        GrupoE/L7-10.txt                      	    20 	 0.076010817000 0.002870051000 1
                        GrupoE/L8-1.txt                       	    20 	 0.157450571000 0.003241735000 1
                        GrupoE/L8-2.txt                       	    20 	 0.044239809000 0.002594810000 1
                        GrupoE/L8-3.txt                       	    20 	 0.186104995000 0.002493345000 1
                        GrupoE/L8-4.txt                       	    21 	 1.241500448000 0.124002239000 2
                        GrupoE/L8-5.txt                       	    20 	 0.107404326000 0.003121844000 1
                        GrupoE/L8-6.txt                       	    20 	 0.466126991000 0.007823336000 3
                        GrupoE/L8-7.txt                       	    20 	 0.064255842000 0.002840793000 1
                        GrupoE/L8-8.txt                       	    20 	 0.060591022000 0.002644444000 1
                        GrupoE/L8-9.txt                       	    21 	 1.133369423000 0.043245952000 2
                        GrupoE/L8-10.txt                      	    20 	 0.125664842000 0.003235224000 1
