Number of Tool Switches: 21 

Time elapsed: 0.000687 
Tool Sequence:
     14J  9J  1J  4J 15J  3J 11J 12J 13J 10J  7J  8J  2J  6J  5J
  1T   1   1   1   1   1   1   1   0   0   0   0   0   0   0   0
  2T   1   1   1   1   1   1   0   0   0   0   0   0   0   0   0
  3T   1   1   1   1   1   1   1   1   1   1   1   1   1   1   1
  4T   0   0   0   0   0   0   0   1   1   1   1   1   1   1   1
  5T   1   1   1   1   1   1   1   1   1   0   0   0   0   0   0
  6T   1   1   1   1   1   1   1   1   1   1   1   1   1   1   1
  7T   1   1   1   1   1   1   1   1   1   1   1   1   1   1   1
  8T   1   1   1   1   1   1   1   1   1   1   0   0   0   0   0
  9T   0   0   0   0   0   0   0   0   0   0   1   1   1   1   1
 10T   0   0   0   0   0   0   0   1   1   1   1   1   1   1   1
 11T   0   0   0   0   0   0   0   0   0   0   0   0   1   0   0
 12T   1   1   1   1   1   1   1   1   1   1   1   1   1   1   1
 13T   0   0   0   0   0   0   0   0   0   0   0   0   0   0   1
 14T   1   1   1   1   1   1   1   1   1   1   1   1   1   0   0
 15T   1   1   1   1   1   1   1   1   1   1   1   1   0   0   0
 16T   1   1   1   1   1   1   1   1   1   1   1   1   1   1   1
 17T   1   1   1   1   1   1   1   1   1   1   1   1   1   1   1
 18T   0   0   0   0   0   0   0   0   0   1   1   1   1   1   1
 19T   0   0   0   0   0   0   0   0   0   0   0   0   0   1   1
 20T   0   0   0   0   0   0   1   0   0   0   0   0   0   1   0
