Number of Tool Switches: 20 

Time elapsed: 0.000588 
Tool Sequence:
     15J  3J  5J  7J 12J  2J 11J 14J  9J  4J 10J  6J  8J  1J 13J
  1T   1   1   1   1   1   1   0   0   0   0   0   0   0   0   0
  2T   0   0   0   0   0   0   1   1   1   1   1   1   1   1   1
  3T   1   1   1   1   1   1   1   1   1   1   1   1   1   1   1
  4T   0   0   0   0   0   0   0   0   0   0   0   1   1   1   1
  5T   0   0   0   0   0   0   0   0   0   0   1   1   1   1   1
  6T   0   0   0   0   0   0   0   0   0   0   0   0   0   1   1
  7T   0   0   0   0   0   0   1   1   1   1   1   1   1   1   1
  8T   0   0   0   0   0   0   0   0   1   1   1   0   0   0   0
  9T   1   1   1   1   1   1   1   1   1   1   1   1   1   1   1
 10T   0   0   0   0   0   0   0   0   0   0   0   0   0   0   1
 11T   1   1   1   1   1   1   1   1   1   0   0   0   0   0   0
 12T   0   0   0   0   0   0   0   0   0   1   0   0   0   0   0
 13T   1   1   1   1   1   1   1   1   1   1   1   1   1   1   1
 14T   1   1   1   1   1   1   1   1   1   1   1   1   1   1   0
 15T   0   0   0   0   0   0   0   0   0   0   0   1   1   0   0
 16T   1   1   1   1   1   1   1   1   0   0   0   0   0   0   0
 17T   1   1   1   1   1   1   0   0   0   0   0   0   0   0   0
 18T   0   0   0   0   0   1   1   1   1   1   1   1   1   1   1
 19T   1   1   1   1   1   0   0   0   0   0   0   0   0   0   0
 20T   1   1   1   1   1   1   1   1   1   1   1   0   0   0   0
