Number of Tool Switches: 27 

Time elapsed: 0.000767 
Tool Sequence:
     14J 13J  9J 12J 15J  5J 10J  4J  6J  3J  2J  1J  8J  7J 11J
  1T   1   1   0   0   0   0   0   0   0   0   0   0   0   0   0
  2T   0   0   0   0   0   0   0   0   0   1   1   1   1   1   1
  3T   0   0   0   0   0   0   1   1   1   1   0   0   0   0   0
  4T   1   1   1   0   0   0   0   0   0   0   0   0   0   0   1
  5T   1   1   1   1   0   0   0   0   1   1   1   1   1   1   1
  6T   1   1   1   0   0   0   0   0   0   0   0   0   1   1   1
  7T   0   0   0   0   0   0   0   0   0   0   1   1   1   1   1
  8T   0   0   0   0   0   0   1   1   1   1   1   0   0   0   0
  9T   0   0   0   0   0   0   0   0   0   0   1   1   1   1   1
 10T   0   0   0   1   1   1   1   1   1   1   0   0   0   0   0
 11T   1   1   1   1   1   1   0   0   0   0   0   1   1   1   0
 12T   0   0   0   1   1   1   1   1   1   1   1   1   1   0   0
 13T   1   1   1   1   1   1   0   0   0   0   0   0   0   0   0
 14T   0   0   0   1   1   1   0   0   0   0   0   1   0   0   0
 15T   1   1   1   0   0   0   1   1   1   1   1   1   1   0   0
 16T   0   0   0   0   0   0   0   0   0   0   0   0   0   0   1
 17T   0   0   1   1   1   1   1   1   0   0   0   0   0   0   0
 18T   0   0   0   0   0   0   0   0   0   0   0   0   0   1   1
 19T   1   1   1   1   1   1   1   1   1   0   0   0   0   0   0
 20T   0   0   0   0   1   1   1   1   1   1   1   0   0   1   0
