Number of Tool Switches: 28 

Time elapsed: 0.000614 
Tool Sequence:
      8J  1J 14J 11J  3J 12J  4J 10J 13J  9J  5J  7J 15J  6J  2J
  1T   1   1   1   0   0   0   0   0   0   0   0   0   0   0   0
  2T   0   0   0   0   0   1   1   1   1   1   1   1   1   1   1
  3T   0   0   1   1   1   1   1   1   1   1   1   1   1   1   1
  4T   1   1   0   0   0   0   0   0   0   0   0   0   0   0   0
  5T   0   0   1   1   1   0   1   1   1   1   1   1   0   0   1
  6T   0   0   0   0   0   0   0   0   0   0   0   0   1   1   1
  7T   0   0   0   0   0   0   0   0   0   0   0   0   1   1   0
  8T   1   1   1   1   1   0   0   0   0   0   0   0   0   1   1
  9T   0   0   0   0   0   0   0   1   1   1   0   0   0   0   0
 10T   0   0   0   0   0   1   0   0   0   0   0   1   1   1   0
 11T   0   0   0   0   0   0   0   0   0   0   0   0   1   0   0
 12T   0   0   0   0   1   0   1   1   1   1   0   0   0   0   0
 13T   0   0   0   0   0   0   0   0   0   0   1   1   0   0   0
 14T   0   0   0   0   0   0   0   1   1   1   0   0   0   0   0
 15T   1   1   0   0   0   0   0   0   0   0   0   0   0   0   0
 16T   1   1   1   1   1   1   0   0   0   0   0   0   0   0   0
 17T   0   0   0   0   0   1   1   0   0   0   1   0   0   0   0
 18T   0   0   0   1   1   0   0   0   0   0   0   0   0   0   0
 19T   0   0   0   0   0   1   1   0   0   0   1   1   0   0   1
 20T   1   1   1   1   0   0   0   0   0   0   0   0   0   0   0
