Number of Tool Switches: 25 

Time elapsed: 0.006059 
Tool Sequence:
     11J 13J 14J  2J  3J  6J 12J 10J  1J  4J  7J  5J  9J  8J 15J
  1T   1   1   1   1   1   1   1   1   1   1   1   1   1   1   1
  2T   1   1   1   1   1   1   1   1   1   1   1   1   1   1   1
  3T   0   0   0   0   0   0   1   1   1   1   1   1   1   1   1
  4T   0   0   0   0   0   0   0   0   0   1   1   1   1   1   1
  5T   1   1   1   1   1   1   1   1   1   1   1   0   0   0   0
  6T   1   1   1   1   1   1   1   1   1   1   1   1   1   1   1
  7T   1   1   1   1   1   1   1   1   1   0   0   0   0   0   0
  8T   1   1   1   1   1   1   1   1   1   1   1   1   1   1   1
  9T   0   0   0   0   0   1   1   1   1   1   1   1   1   1   1
 10T   0   0   0   0   1   1   1   1   1   1   1   1   1   1   1
 11T   1   1   1   1   0   0   0   0   1   1   1   1   1   1   1
 12T   1   1   1   1   1   1   1   1   1   1   1   1   1   1   1
 13T   1   1   1   1   1   1   1   1   1   1   0   0   0   0   0
 14T   0   0   0   0   1   1   1   1   1   1   1   1   1   0   0
 15T   1   1   1   1   0   0   0   1   1   1   1   1   1   1   1
 16T   1   1   1   1   1   1   0   0   0   0   1   1   1   1   1
 17T   1   1   1   1   1   1   1   1   0   0   0   1   1   1   1
 18T   1   1   1   1   1   0   0   0   0   0   0   0   0   1   1
 19T   1   1   1   1   1   1   1   1   1   1   1   1   1   1   1
 20T   1   1   1   1   1   1   1   0   0   0   0   0   0   0   0
