Number of Tool Switches: 39 

Time elapsed: 0.008081 
Tool Sequence:
      2J  6J  1J  3J  4J 12J 15J 10J  5J 11J 13J  7J  9J  8J 14J
  1T   1   1   1   1   0   0   0   0   0   0   0   0   1   1   1
  2T   1   1   0   0   0   1   1   1   1   1   1   0   0   0   0
  3T   0   0   0   0   0   0   1   1   1   1   1   1   1   1   1
  4T   1   1   1   1   1   1   1   1   1   0   0   0   0   0   0
  5T   0   0   0   0   0   0   0   0   1   1   1   1   1   1   1
  6T   1   1   1   1   1   1   1   1   1   0   0   0   0   1   1
  7T   1   1   1   1   1   1   1   1   1   1   0   0   0   0   1
  8T   1   1   1   1   1   1   0   0   0   0   0   0   0   0   0
  9T   1   1   1   1   1   1   1   1   1   1   1   1   0   0   0
 10T   0   0   0   0   1   1   0   0   0   0   0   0   1   1   0
 11T   1   1   1   0   0   0   0   0   0   1   1   1   1   1   1
 12T   0   0   0   1   1   1   1   1   1   1   1   1   1   1   1
 13T   1   1   1   1   1   1   1   1   1   1   1   1   1   0   0
 14T   1   1   1   1   1   1   1   1   1   0   0   0   0   0   1
 15T   0   0   0   0   0   0   1   1   1   1   1   1   0   0   0
 16T   0   0   1   1   1   1   1   1   0   0   0   1   1   1   1
 17T   1   1   0   0   1   0   0   0   0   0   1   1   1   1   1
 18T   0   1   1   1   1   0   0   0   0   1   0   0   0   1   1
 19T   0   0   0   0   0   0   0   0   0   0   0   1   1   1   1
 20T   0   0   1   1   1   1   1   1   1   1   1   1   1   1   1
 21T   1   0   0   0   0   0   0   0   0   0   1   1   1   0   0
 22T   1   1   1   1   1   1   1   1   1   1   1   0   0   0   0
 23T   1   1   1   1   1   1   1   1   1   1   1   1   1   1   1
 24T   1   1   1   1   0   0   0   0   0   1   1   1   1   1   1
 25T   0   0   0   0   0   1   1   1   1   1   1   1   1   1   0
