Number of Tool Switches: 30 

Time elapsed: 0.007776 
Tool Sequence:
      4J  6J 14J 15J 10J 11J  9J 13J 12J  3J  7J  2J  5J  8J  1J
  1T   1   1   1   1   1   1   1   1   1   1   1   1   1   0   1
  2T   0   0   0   0   0   1   1   0   0   0   0   0   1   1   1
  3T   1   1   1   1   1   1   1   1   1   1   1   1   1   1   1
  4T   0   0   0   0   0   0   0   0   0   0   1   1   1   1   1
  5T   1   1   1   1   1   1   1   1   1   1   0   0   0   0   0
  6T   1   1   1   1   1   1   1   1   1   1   1   1   1   0   0
  7T   1   1   1   1   1   1   1   1   1   1   1   1   1   1   1
  8T   0   0   0   0   1   1   1   1   1   1   1   1   0   1   1
  9T   1   1   1   1   1   1   1   1   0   0   0   0   1   0   0
 10T   1   1   1   1   1   1   1   0   0   0   0   1   1   1   1
 11T   1   1   1   1   0   0   0   1   1   1   1   1   1   1   1
 12T   0   0   0   0   0   1   1   1   1   1   1   1   1   1   1
 13T   1   1   1   1   1   1   1   1   1   1   1   0   0   1   1
 14T   1   1   1   1   1   1   1   1   1   1   1   1   1   1   1
 15T   1   1   1   1   1   1   1   1   1   1   1   1   0   0   1
 16T   1   1   1   1   1   1   1   1   1   1   1   1   1   1   1
 17T   1   1   1   1   1   1   1   1   1   1   1   1   1   1   1
 18T   1   1   1   1   1   0   0   0   0   0   0   0   0   1   1
 19T   1   1   1   1   1   0   0   1   1   1   1   1   1   1   0
 20T   0   0   0   0   0   0   0   0   1   1   1   1   1   1   0
