Number of Tool Switches: 29 

Time elapsed: 0.007999 
Tool Sequence:
      5J 15J  1J 11J 10J  8J 12J  6J  7J 13J  3J  9J  2J 14J  4J
  1T   1   1   1   1   1   1   1   1   1   1   1   1   1   1   1
  2T   1   1   1   1   1   1   1   1   1   1   1   1   1   1   1
  3T   1   1   1   1   1   1   1   1   1   1   1   1   1   1   1
  4T   1   1   1   1   1   1   1   1   1   1   1   1   1   0   0
  5T   1   1   1   1   1   0   0   0   0   0   0   1   1   1   1
  6T   1   1   1   1   1   1   1   1   1   1   1   1   1   1   1
  7T   1   1   1   1   1   1   1   1   1   1   1   1   1   1   1
  8T   1   1   1   1   1   1   1   1   1   1   1   1   1   1   1
  9T   1   1   1   1   1   1   1   1   1   1   1   1   1   1   1
 10T   1   1   1   1   1   1   1   0   0   0   0   0   0   0   0
 11T   1   1   1   1   1   1   1   1   1   1   1   1   1   1   1
 12T   0   0   0   0   0   0   0   0   1   1   1   1   1   1   1
 13T   1   1   1   1   1   1   1   1   1   1   1   0   0   0   1
 14T   1   1   1   1   1   0   0   0   0   0   0   0   0   0   0
 15T   1   1   1   1   1   1   1   1   1   1   0   0   0   0   0
 16T   0   0   0   0   0   1   1   1   1   1   1   1   1   1   1
 17T   1   1   1   1   1   1   1   1   1   1   1   1   1   1   1
 18T   0   0   0   0   0   1   1   1   0   0   0   0   0   1   1
 19T   1   1   1   1   0   0   0   0   0   0   1   1   1   1   1
 20T   1   1   1   1   1   1   1   1   1   1   1   1   1   1   1
 21T   1   1   1   1   1   1   1   1   1   1   1   1   1   1   1
 22T   0   0   0   0   0   0   0   1   1   1   1   1   1   1   1
 23T   0   0   0   0   1   1   1   1   1   1   1   1   1   1   1
 24T   1   1   1   1   1   1   1   1   1   1   1   1   1   1   1
 25T   1   1   1   1   1   1   1   1   1   1   1   1   1   1   0
