Number of Tool Switches: 25 

Time elapsed: 0.008721 
Tool Sequence:
      1J  2J  5J  6J  7J 15J 13J  4J  8J 10J 12J  3J  9J 11J 14J
  1T   0   0   0   0   0   0   0   0   0   0   1   1   1   1   1
  2T   1   1   1   1   1   1   1   1   1   1   1   1   1   1   1
  3T   0   0   0   0   0   0   0   0   0   0   0   0   0   0   1
  4T   1   1   1   1   1   1   1   1   1   1   1   1   1   1   1
  5T   0   0   0   0   0   0   0   0   0   0   0   0   0   0   1
  6T   1   1   1   1   1   1   1   1   1   1   1   1   1   1   1
  7T   1   1   1   1   1   1   1   1   1   1   1   1   1   1   1
  8T   1   1   1   1   1   1   1   1   1   1   1   1   1   1   1
  9T   1   1   1   1   1   1   1   1   1   1   1   1   1   1   1
 10T   0   0   0   0   0   0   0   0   0   0   1   0   0   0   0
 11T   1   1   1   1   1   1   1   1   1   1   1   1   1   1   1
 12T   0   0   0   0   0   0   0   0   0   0   0   0   0   0   1
 13T   0   0   0   0   0   0   0   0   0   1   1   1   1   1   1
 14T   0   0   0   0   0   0   0   0   0   0   1   1   1   1   1
 15T   0   0   0   0   0   0   0   0   0   0   0   0   1   1   1
 16T   1   1   1   1   1   1   1   1   1   1   1   1   1   1   0
 17T   1   1   1   1   1   1   1   1   1   1   0   0   0   0   0
 18T   1   1   1   1   1   1   1   1   1   1   1   1   1   1   0
 19T   0   0   0   0   0   0   0   0   0   0   0   0   0   0   1
 20T   1   1   1   1   1   1   1   1   1   1   1   1   1   1   0
 21T   1   1   1   1   1   1   1   1   1   1   0   0   0   0   0
 22T   0   0   0   0   0   0   0   0   0   0   0   1   1   1   0
 23T   1   1   1   1   1   1   1   1   1   1   0   0   0   0   0
 24T   1   1   1   1   1   1   1   1   1   0   0   0   0   0   0
 25T   1   1   1   1   1   1   1   1   1   1   1   1   0   0   0
