Number of Tool Switches: 37 

Time elapsed: 0.005941 
Tool Sequence:
     11J  4J 13J 15J  9J  6J  1J  5J 10J 14J 12J  2J  3J  7J  8J
  1T   1   1   1   1   1   1   1   1   0   0   0   0   0   0   1
  2T   1   1   0   0   1   1   1   1   1   1   1   1   1   1   0
  3T   0   0   0   0   0   0   0   1   1   1   1   1   1   0   0
  4T   0   0   0   0   0   0   0   0   0   0   1   0   0   1   1
  5T   1   1   1   1   1   1   1   1   1   1   0   0   0   0   0
  6T   0   0   0   1   1   1   1   1   1   1   1   0   0   0   0
  7T   0   0   0   1   1   1   1   1   1   1   0   0   1   1   0
  8T   0   0   0   0   0   1   1   1   0   0   0   1   0   0   0
  9T   1   1   1   1   0   0   0   0   1   0   0   0   0   0   0
 10T   0   0   0   0   1   1   1   1   1   1   1   1   1   1   1
 11T   1   1   1   1   1   0   0   0   0   0   1   1   1   1   1
 12T   0   0   1   0   0   0   0   0   0   0   0   1   1   0   1
 13T   1   1   1   0   0   0   0   0   0   1   0   0   1   1   1
 14T   1   1   1   1   1   0   0   0   1   1   1   1   0   0   0
 15T   1   1   0   0   0   0   0   0   1   1   1   1   1   1   1
 16T   1   1   1   1   1   1   1   1   0   0   0   0   0   1   1
 17T   0   0   0   0   0   0   1   1   1   1   1   0   0   1   1
 18T   0   0   1   1   0   0   0   0   0   0   1   1   1   1   1
 19T   1   1   1   1   1   1   0   0   0   0   0   0   0   0   0
 20T   0   0   0   0   0   1   1   0   0   0   0   1   1   0   0
