Number of Tool Switches: 26 

Time elapsed: 0.006461 
Tool Sequence:
      5J 10J 13J  3J 12J  2J  8J 11J  4J 14J  1J  6J  7J  9J 15J
  1T   1   1   1   1   1   1   1   1   1   1   1   1   1   1   1
  2T   0   0   0   0   0   0   0   0   0   0   0   0   0   0   1
  3T   0   0   0   0   0   0   1   1   1   1   1   0   0   0   0
  4T   1   1   1   1   1   1   1   1   1   1   1   1   1   1   1
  5T   0   0   0   0   0   0   0   0   0   0   0   0   1   1   1
  6T   0   0   0   0   0   1   0   0   0   0   0   0   0   0   0
  7T   1   1   1   1   1   0   0   0   0   0   0   0   0   1   1
  8T   0   0   0   0   0   0   0   0   0   0   0   0   1   0   0
  9T   1   1   1   1   1   1   0   0   0   0   0   0   0   0   0
 10T   0   0   0   0   0   0   0   0   0   0   0   0   0   0   1
 11T   0   0   0   0   0   0   0   0   0   0   1   1   1   1   1
 12T   0   0   0   0   0   0   0   0   0   0   0   1   0   0   0
 13T   0   0   0   0   0   0   0   0   0   0   0   0   1   0   0
 14T   0   0   0   0   0   0   1   0   0   0   0   0   0   0   0
 15T   1   1   1   1   1   1   1   1   1   1   1   1   1   1   1
 16T   0   0   0   0   0   0   0   0   1   1   1   1   0   0   0
 17T   0   0   0   0   0   1   1   1   1   1   1   1   1   1   1
 18T   1   1   1   1   1   1   1   1   1   1   0   0   0   0   0
 19T   1   1   1   1   1   1   1   1   1   1   1   1   1   1   0
 20T   1   1   1   1   1   1   1   1   1   1   1   1   1   1   0
 21T   1   1   1   1   1   0   0   0   0   0   0   0   0   0   0
 22T   0   0   0   0   0   0   0   0   0   0   0   0   0   0   1
 23T   0   0   0   0   0   0   0   1   0   0   0   0   0   0   0
 24T   1   1   1   1   1   1   1   1   1   1   1   1   0   0   0
 25T   0   0   0   0   0   0   0   0   0   0   0   0   0   1   0
