Number of Tool Switches: 38 

Time elapsed: 0.007537 
Tool Sequence:
      5J  9J  8J 14J  7J 13J 10J  6J  3J  1J 12J 15J  4J 11J  2J
  1T   0   0   0   1   1   1   1   1   1   1   0   0   0   0   1
  2T   0   0   1   1   1   1   0   0   0   0   0   0   1   1   1
  3T   0   0   0   1   0   0   0   0   1   1   1   1   1   1   1
  4T   1   1   0   0   0   1   1   1   1   0   0   0   0   0   0
  5T   1   1   1   1   1   1   0   0   0   0   1   1   1   1   1
  6T   0   0   0   0   1   1   1   1   1   1   1   1   1   1   1
  7T   0   0   1   0   0   0   1   1   1   1   0   0   0   1   0
  8T   1   1   1   1   1   1   1   1   1   1   1   1   1   1   0
  9T   1   1   1   1   1   0   0   0   0   0   0   0   0   1   0
 10T   1   1   1   1   1   1   1   0   0   1   1   1   1   0   0
 11T   0   0   1   1   1   1   1   1   1   0   0   0   0   0   0
 12T   1   1   0   0   0   0   0   1   1   0   0   0   0   0   1
 13T   1   1   1   1   1   1   1   1   1   1   0   0   0   0   0
 14T   1   1   0   0   0   0   0   0   0   1   1   0   0   0   1
 15T   1   1   1   0   0   1   1   1   0   0   1   0   0   0   0
 16T   0   0   0   0   0   0   1   1   0   0   0   1   1   1   1
 17T   0   0   0   0   0   0   0   0   1   1   1   1   1   1   1
 18T   0   0   0   0   1   0   0   0   0   0   0   1   1   0   0
 19T   0   0   0   0   0   0   0   0   0   0   1   1   1   1   1
 20T   1   1   1   1   0   0   0   0   0   1   1   1   0   0   0
