Number of Tool Switches: 25 

Time elapsed: 0.009722 
Tool Sequence:
      2J  9J 15J  1J  8J 11J 12J 14J  5J  6J 10J 13J  3J  4J  7J
  1T   1   1   1   1   1   1   1   1   1   1   1   1   1   1   1
  2T   0   0   0   0   0   0   0   0   0   0   0   0   1   1   1
  3T   1   1   1   1   1   1   1   1   1   1   1   1   1   1   1
  4T   0   0   0   0   0   0   0   0   0   0   0   0   0   1   1
  5T   1   1   1   1   1   1   1   1   1   1   1   1   1   1   1
  6T   1   1   1   1   1   1   1   1   1   1   1   1   1   1   1
  7T   0   0   0   0   0   0   0   0   1   1   1   1   1   1   1
  8T   0   0   0   0   0   0   0   0   1   1   1   1   1   1   1
  9T   0   0   0   0   0   0   0   0   0   0   0   0   1   1   1
 10T   1   1   1   1   1   1   1   1   0   0   0   0   0   0   0
 11T   1   1   1   1   1   1   1   1   0   0   0   0   0   0   0
 12T   1   1   1   1   1   1   1   1   1   1   1   1   1   1   1
 13T   1   1   1   1   1   1   1   1   1   1   1   1   0   0   0
 14T   1   1   1   1   1   1   1   1   1   1   1   1   1   1   1
 15T   0   0   0   0   0   0   0   0   0   0   0   1   1   1   1
 16T   0   0   0   0   0   0   0   0   1   1   0   0   0   0   0
 17T   1   1   1   1   1   1   1   1   0   0   0   0   0   0   0
 18T   0   0   0   0   0   0   0   0   0   0   0   0   0   1   1
 19T   0   0   0   0   0   0   0   0   0   0   1   0   0   0   0
 20T   1   1   1   1   1   1   1   1   1   1   1   1   1   1   1
 21T   1   1   1   1   1   1   1   1   0   0   0   0   0   0   0
 22T   1   1   1   1   1   1   1   1   1   1   1   1   0   0   0
 23T   0   0   0   0   0   0   0   0   1   1   1   1   1   0   0
 24T   1   1   1   1   1   1   1   1   1   1   1   1   1   1   1
 25T   1   1   1   1   1   1   1   1   1   1   1   1   1   0   0
