Number of Tool Switches: 27 

Time elapsed: 0.008265 
Tool Sequence:
      6J 10J  2J  9J 11J 15J  1J  4J  3J  5J 13J 12J 14J  7J  8J
  1T   1   1   1   1   1   1   1   1   1   1   1   1   1   1   1
  2T   1   1   1   1   1   1   0   0   0   0   0   0   0   0   1
  3T   1   1   1   1   1   0   0   0   0   0   0   0   0   0   0
  4T   0   0   0   0   0   0   0   0   0   1   1   1   1   1   1
  5T   0   0   0   0   0   0   1   1   1   1   1   1   1   1   1
  6T   0   0   0   0   0   0   0   0   0   0   0   0   1   1   1
  7T   1   1   1   1   1   1   1   0   0   0   0   0   0   0   0
  8T   0   0   0   0   0   0   0   1   1   1   1   0   0   0   0
  9T   1   1   1   1   1   1   1   0   0   0   0   0   0   0   0
 10T   0   0   0   0   0   0   0   0   0   0   0   0   1   1   1
 11T   1   1   1   1   1   1   1   1   0   0   0   0   0   0   0
 12T   1   1   1   1   1   1   0   0   0   0   0   0   0   0   0
 13T   0   0   0   0   0   0   0   1   0   0   0   0   0   0   0
 14T   0   0   0   0   0   0   0   0   1   1   1   1   1   1   0
 15T   1   1   1   1   1   0   0   0   0   0   0   0   0   0   0
 16T   0   0   0   0   0   0   1   1   1   1   1   1   1   1   0
 17T   1   1   1   1   1   1   1   1   1   1   1   1   1   1   0
 18T   0   0   0   0   0   0   0   0   0   0   0   0   0   0   1
 19T   0   0   0   0   0   1   0   0   0   0   0   0   0   0   1
 20T   1   1   1   1   1   1   1   1   1   1   1   1   0   0   0
 21T   0   0   0   0   0   0   0   0   1   0   0   0   0   0   0
 22T   0   0   0   0   0   0   0   0   0   0   0   1   0   0   0
 23T   0   0   0   0   0   1   1   1   1   1   1   1   1   1   0
 24T   0   0   0   0   0   0   1   1   1   1   1   1   1   1   1
 25T   0   0   0   0   0   0   0   0   0   0   0   0   0   0   1
