Number of Tool Switches: 23 

Time elapsed: 0.007300 
Tool Sequence:
      5J 12J 14J  4J  9J  8J  1J  7J 11J 15J  2J  6J  3J 10J 13J
  1T   1   1   1   1   1   1   1   1   1   1   1   1   1   1   1
  2T   1   1   1   1   1   1   1   1   1   0   0   0   0   0   0
  3T   1   1   1   1   1   1   1   1   1   1   1   1   1   1   1
  4T   1   1   1   1   1   1   1   1   1   1   1   1   1   1   1
  5T   0   0   0   0   0   0   0   0   0   1   1   1   0   0   0
  6T   1   1   1   1   1   1   1   1   0   0   0   0   0   0   0
  7T   1   1   1   1   1   1   1   1   1   1   1   1   1   1   1
  8T   1   1   1   1   1   1   1   1   1   1   1   1   1   1   1
  9T   1   1   1   1   1   1   1   1   1   1   1   0   0   0   0
 10T   1   1   1   1   1   1   1   1   1   1   1   1   0   0   0
 11T   0   0   0   0   0   0   0   1   1   1   1   1   1   1   1
 12T   0   0   0   0   0   0   1   1   1   1   1   1   1   1   1
 13T   1   1   1   1   1   1   1   1   1   1   1   1   1   1   1
 14T   1   1   1   1   1   1   1   0   0   0   0   0   1   1   1
 15T   1   1   1   1   1   1   1   1   1   1   1   1   1   1   1
 16T   1   1   1   1   1   1   0   0   0   0   0   0   1   1   1
 17T   0   0   0   0   0   0   0   0   1   1   1   1   1   1   1
 18T   0   0   0   0   0   0   1   1   1   1   1   1   1   1   1
 19T   1   1   1   1   1   1   0   0   0   0   0   1   1   1   1
 20T   1   1   1   1   1   1   1   1   1   1   1   1   1   1   1
