Number of Tool Switches: 29 

Time elapsed: 0.005262 
Tool Sequence:
      5J  9J  2J  4J 11J 14J 15J  6J  3J  7J 12J 10J  8J  1J 13J
  1T   1   1   1   1   1   0   0   0   0   0   0   0   0   0   0
  2T   0   0   0   0   0   0   0   0   0   0   0   1   1   0   0
  3T   0   0   0   0   0   0   0   0   0   0   0   0   1   1   1
  4T   0   0   0   0   0   0   0   1   1   0   0   0   0   0   0
  5T   0   0   0   0   0   0   0   1   1   1   1   1   0   0   0
  6T   1   1   0   0   0   0   0   0   0   0   0   0   1   0   0
  7T   0   0   0   0   0   0   0   0   0   0   1   1   1   1   1
  8T   0   0   0   0   0   1   0   0   0   0   1   1   0   0   0
  9T   1   0   0   0   0   0   0   0   0   0   0   0   1   1   1
 10T   0   0   0   1   1   1   0   0   0   1   0   0   0   0   0
 11T   0   0   0   0   0   0   1   1   1   0   0   0   0   0   1
 12T   1   1   0   0   0   0   0   0   0   1   1   1   0   0   0
 13T   0   0   0   0   1   1   1   1   0   0   0   0   0   1   1
 14T   0   0   1   1   1   1   1   1   1   0   0   0   0   0   0
 15T   0   1   1   1   1   1   1   0   0   0   0   0   0   0   0
 16T   0   0   0   0   0   0   0   0   1   1   0   0   0   0   0
 17T   0   0   0   0   0   0   0   0   0   1   0   0   0   1   0
 18T   1   1   1   0   0   0   1   0   0   0   0   0   0   0   0
 19T   0   0   0   0   0   0   0   0   0   0   1   0   0   0   0
 20T   0   0   1   1   0   0   0   0   0   0   0   0   0   0   0
