Number of Tool Switches: 24 

Time elapsed: 0.006695 
Tool Sequence:
      4J  8J 15J  7J 10J 11J  9J  1J  5J 13J 14J  2J  3J  6J 12J
  1T   1   1   1   1   1   1   1   1   1   1   1   1   1   1   1
  2T   1   1   1   1   1   1   1   1   1   1   1   1   1   1   1
  3T   1   1   1   1   1   1   1   1   1   1   1   1   1   1   1
  4T   1   1   1   1   1   1   1   1   1   1   1   1   1   1   1
  5T   0   0   0   0   0   0   1   1   1   1   1   1   1   0   0
  6T   0   0   0   0   1   1   1   1   1   1   1   1   1   1   1
  7T   1   1   1   1   1   1   1   1   1   1   1   1   1   1   1
  8T   1   1   1   1   1   1   0   0   0   0   0   0   0   0   0
  9T   1   1   1   1   1   1   1   1   1   1   1   1   1   1   1
 10T   1   1   1   1   1   1   1   1   1   1   1   1   1   1   1
 11T   1   1   1   1   1   1   1   1   1   1   1   0   0   0   1
 12T   1   1   1   1   1   1   1   1   1   1   1   1   1   1   1
 13T   1   1   1   1   0   0   0   0   0   0   0   0   1   1   1
 14T   1   1   1   1   1   1   0   0   0   0   0   0   0   1   1
 15T   0   0   0   0   0   0   0   0   1   1   1   1   1   1   1
 16T   0   0   0   0   0   0   1   1   1   1   1   1   1   1   1
 17T   1   1   1   1   1   1   1   1   1   1   1   1   1   1   1
 18T   1   1   1   1   1   1   1   1   0   0   0   0   0   0   0
 19T   1   1   1   1   1   0   0   0   0   0   0   1   1   1   0
 20T   0   0   0   0   0   1   1   1   1   1   1   1   0   0   0
