Number of Tool Switches: 27 

Time elapsed: 0.006592 
Tool Sequence:
      2J  5J 13J 10J  1J 15J  9J  8J 12J 14J  3J  4J  6J  7J 11J
  1T   0   0   0   0   1   1   1   1   1   1   1   1   1   1   0
  2T   1   1   1   1   1   1   1   1   1   0   0   0   0   1   1
  3T   0   0   0   0   0   0   0   1   1   1   1   1   1   1   1
  4T   0   0   0   0   1   1   1   1   1   1   1   1   1   1   1
  5T   0   0   0   0   0   0   1   1   1   1   1   1   1   1   1
  6T   1   1   1   1   1   1   0   0   0   1   0   0   0   0   1
  7T   1   1   1   1   1   1   1   1   1   0   0   0   0   0   0
  8T   1   1   1   1   1   1   1   0   0   0   1   1   1   1   1
  9T   1   1   0   0   0   1   1   1   1   0   0   1   1   1   1
 10T   1   1   1   1   1   0   0   0   0   0   1   1   1   1   1
 11T   0   0   1   1   1   1   1   0   0   1   1   1   1   0   0
 12T   1   1   1   1   1   1   1   1   1   1   1   1   1   0   0
 13T   1   1   1   1   0   0   0   1   1   1   1   0   0   0   0
 14T   1   1   1   1   0   0   0   0   0   1   0   0   1   1   1
 15T   1   1   1   1   1   1   1   1   1   1   1   1   0   1   1
