Number of Tool Switches: 48 

Time elapsed: 0.006825 
Tool Sequence:
      5J  8J 14J  6J 13J 11J  3J  2J 10J  4J 12J  9J  7J  1J 15J
  1T   1   1   1   1   1   1   1   1   1   1   1   1   1   1   1
  2T   1   1   1   1   1   1   0   0   0   0   0   1   1   0   0
  3T   1   1   0   0   1   1   1   1   1   1   0   0   0   1   1
  4T   1   1   1   1   0   0   1   1   1   1   1   1   1   1   1
  5T   1   1   1   0   0   0   1   1   1   1   1   1   1   1   1
  6T   1   1   1   1   1   1   1   0   0   1   1   1   1   1   1
  7T   1   1   1   1   1   0   0   1   1   1   1   1   1   1   1
  8T   1   1   1   1   1   1   1   1   1   0   0   0   0   0   1
  9T   1   1   1   1   0   1   1   1   1   1   1   1   1   1   1
 10T   1   1   1   1   1   1   1   1   1   1   1   1   1   0   0
 11T   0   0   0   1   1   1   1   1   1   1   1   1   1   1   1
 12T   1   1   1   1   1   1   1   1   1   1   0   0   0   0   0
 13T   1   1   1   1   1   1   1   1   0   1   1   1   1   1   1
 14T   1   1   1   1   1   1   1   0   0   0   0   1   1   1   1
 15T   0   0   1   1   1   1   1   1   1   1   1   0   0   1   1
 16T   1   1   1   1   1   1   1   1   1   1   1   1   1   1   1
 17T   0   1   1   1   1   1   1   1   1   1   1   1   1   1   1
 18T   1   1   1   1   1   0   0   1   1   1   1   1   1   1   1
 19T   1   0   0   0   1   1   1   1   0   0   1   1   1   1   1
 20T   1   1   1   1   0   1   1   1   1   1   1   0   1   1   1
 21T   1   1   1   1   1   0   0   1   1   1   1   1   1   1   1
 22T   0   0   0   0   1   1   0   1   1   0   1   1   1   1   1
 23T   1   0   0   0   0   1   1   1   1   1   1   1   1   1   0
 24T   0   1   1   1   1   1   1   0   1   1   1   1   1   1   1
 25T   1   1   1   1   1   1   1   0   1   1   1   1   0   0   0
