Number of Tool Switches: 35 

Time elapsed: 0.008207 
Tool Sequence:
      7J 10J 11J  9J  3J 13J  6J 15J  4J  5J  8J  1J 12J  2J 14J
  1T   1   1   1   1   1   0   0   0   0   0   0   0   0   0   1
  2T   0   0   0   0   0   0   0   0   1   1   1   0   0   0   0
  3T   1   1   1   1   0   0   0   0   0   0   0   0   0   1   1
  4T   1   1   1   1   1   1   1   1   1   1   1   1   1   1   1
  5T   1   1   1   1   1   1   1   1   1   1   1   1   1   0   0
  6T   0   0   0   0   0   0   0   1   1   1   0   0   0   0   0
  7T   0   0   0   0   0   0   1   1   1   1   1   1   1   1   0
  8T   1   1   1   1   1   1   1   1   1   1   1   1   1   1   1
  9T   1   1   1   1   1   1   1   1   1   1   1   1   1   1   1
 10T   0   0   0   0   0   1   1   1   1   1   1   1   1   1   1
 11T   1   1   1   1   1   1   1   1   1   1   1   1   0   0   0
 12T   1   1   1   1   0   0   0   0   0   0   0   1   1   1   1
 13T   0   0   0   0   0   0   1   0   0   0   0   0   1   1   1
 14T   1   1   1   1   1   1   1   1   1   1   1   1   0   0   1
 15T   1   1   1   1   1   1   0   0   0   0   0   0   0   0   0
 16T   0   0   0   0   0   0   0   0   0   0   0   0   1   1   1
 17T   1   1   1   1   1   1   1   1   0   0   0   0   0   1   1
 18T   0   0   0   0   0   1   1   1   1   1   1   1   1   1   1
 19T   0   0   0   0   1   1   0   0   0   0   0   1   1   0   0
 20T   1   1   1   1   1   1   1   1   1   1   1   1   1   1   0
 21T   1   1   1   1   1   1   1   1   1   1   1   1   1   0   1
 22T   0   0   0   0   0   0   0   0   0   0   1   1   1   1   1
 23T   0   0   0   0   1   0   0   0   0   0   0   1   1   1   0
 24T   1   1   1   1   1   1   1   1   1   1   1   0   0   0   0
 25T   1   1   1   1   1   1   1   1   1   1   1   0   0   1   1
