Number of Tool Switches: 24 

Time elapsed: 0.007247 
Tool Sequence:
     10J  3J  9J  5J 12J 15J  2J  4J  1J  6J  7J 13J 14J  8J 11J
  1T   0   0   0   0   0   0   0   0   0   1   1   1   1   1   1
  2T   1   1   1   1   1   1   1   1   1   1   1   1   1   1   1
  3T   0   0   0   0   0   1   1   0   0   0   1   1   1   1   1
  4T   1   1   1   1   1   1   1   1   1   1   1   1   1   1   1
  5T   1   1   1   1   1   1   1   1   1   1   1   1   1   1   1
  6T   0   0   0   0   1   1   1   1   1   1   1   1   1   1   1
  7T   1   1   1   1   1   1   1   1   1   1   1   1   1   1   1
  8T   1   1   1   1   1   1   1   1   1   1   1   1   1   1   1
  9T   1   1   1   1   1   0   0   0   1   1   1   1   1   1   1
 10T   1   1   1   1   1   1   1   1   1   1   1   1   1   1   1
 11T   1   1   1   0   0   0   0   0   0   0   0   0   1   1   1
 12T   1   1   1   1   0   0   0   0   1   1   1   1   1   1   1
 13T   1   1   1   1   1   1   1   1   1   1   1   1   1   1   1
 14T   0   0   0   0   0   0   0   1   1   1   0   0   0   0   0
 15T   1   1   1   1   1   1   1   1   1   1   1   1   1   1   1
 16T   1   1   1   1   1   1   1   1   1   0   0   0   0   0   0
 17T   1   1   1   1   1   1   1   1   0   0   0   0   0   0   0
 18T   1   1   1   1   1   1   1   1   1   1   1   1   0   0   0
 19T   1   1   1   1   1   1   1   1   1   1   1   1   1   1   1
 20T   0   0   0   1   1   1   1   1   0   0   0   0   0   0   0
