Number of Tool Switches: 29 

Time elapsed: 0.007946 
Tool Sequence:
      4J  7J 15J 12J 14J 13J  3J  9J  1J  2J 11J  6J 10J  8J  5J
  1T   1   1   1   1   1   0   0   0   0   0   0   0   0   0   0
  2T   1   1   1   1   1   1   1   1   1   1   1   1   1   1   1
  3T   1   1   1   1   1   0   0   0   0   0   0   0   0   1   1
  4T   0   0   0   0   0   1   1   1   1   1   1   1   1   1   1
  5T   1   1   1   1   1   1   1   1   1   1   1   1   1   1   1
  6T   0   0   0   0   0   1   1   1   1   1   1   1   1   1   1
  7T   1   1   1   1   1   1   1   1   0   0   0   0   0   0   0
  8T   0   0   0   0   0   0   0   0   0   0   1   1   1   1   1
  9T   0   0   0   0   0   0   1   1   1   1   1   1   1   0   0
 10T   1   1   1   1   1   1   1   1   1   1   1   1   1   1   1
 11T   1   1   1   1   1   1   0   0   0   0   0   0   0   0   0
 12T   1   1   1   1   1   1   1   1   1   1   1   1   1   1   0
 13T   1   1   1   1   1   1   1   1   1   1   1   0   0   0   0
 14T   1   1   1   1   1   1   1   1   1   0   0   0   0   0   1
 15T   1   1   1   1   0   0   0   0   0   0   0   1   1   1   1
 16T   0   0   0   0   0   0   0   0   0   0   0   0   0   1   1
 17T   0   0   0   0   0   0   0   0   0   1   1   1   1   1   1
 18T   1   1   1   1   1   1   1   1   1   1   1   1   1   1   1
 19T   1   1   1   1   1   0   0   0   0   0   0   0   1   1   1
 20T   0   0   0   0   1   1   1   1   1   0   0   0   0   0   0
 21T   1   1   1   1   1   1   1   1   1   1   1   1   1   0   0
 22T   0   0   0   0   0   0   0   0   0   1   0   0   0   0   0
 23T   0   0   0   0   0   0   0   0   1   1   1   1   1   1   1
 24T   0   0   0   0   0   1   1   1   1   1   1   1   0   0   0
 25T   1   1   1   1   1   1   1   1   1   1   1   1   1   1   1
