Number of Tool Switches: 41 

Time elapsed: 0.008524 
Tool Sequence:
      7J  3J 12J 11J  6J  2J  1J 15J  8J 10J  4J  9J 14J 13J  5J
  1T   1   0   0   0   0   1   1   1   1   1   1   1   1   1   0
  2T   1   1   1   1   1   1   1   1   1   1   0   0   0   1   1
  3T   0   0   1   1   1   1   1   1   1   0   0   1   1   1   1
  4T   1   1   1   1   1   1   1   1   1   1   1   1   1   1   1
  5T   0   0   1   1   1   1   1   1   1   1   1   1   1   1   1
  6T   1   1   1   1   1   1   1   1   1   1   1   1   1   1   0
  7T   1   1   1   1   1   1   0   0   0   1   1   1   1   1   1
  8T   1   1   1   1   1   1   1   1   0   0   0   0   1   1   1
  9T   1   1   1   1   1   1   1   1   1   1   0   0   0   0   0
 10T   1   0   0   0   1   1   1   1   1   1   1   1   0   0   1
 11T   1   1   1   1   0   0   0   0   0   0   1   1   1   1   1
 12T   1   1   1   1   1   0   0   0   0   0   1   1   1   1   1
 13T   0   1   1   0   0   1   1   1   1   0   0   1   1   1   1
 14T   1   1   1   1   1   1   1   1   1   1   1   1   1   0   0
 15T   1   1   1   1   1   1   1   1   1   1   1   1   0   0   0
 16T   1   1   0   1   1   1   1   0   1   1   1   1   1   1   1
 17T   0   1   0   1   0   0   1   1   1   1   1   1   1   1   1
 18T   1   1   1   1   1   0   0   0   1   1   1   0   1   1   1
 19T   0   0   0   0   1   1   1   1   0   1   1   1   1   0   1
 20T   1   1   1   0   0   0   0   1   1   1   1   0   0   1   1
