Number of Tool Switches: 38 

Time elapsed: 0.005405 
Tool Sequence:
      5J  2J 13J 12J  6J  7J  1J  8J 11J  9J  4J 10J 14J  3J 15J
  1T   0   0   0   0   0   1   1   1   1   1   1   1   1   1   1
  2T   0   0   1   0   0   0   0   1   1   1   1   1   1   1   1
  3T   1   1   1   0   0   0   1   1   1   1   1   1   0   0   0
  4T   0   0   0   1   0   0   0   0   0   0   0   0   1   1   1
  5T   1   1   1   1   1   1   0   0   0   0   0   0   0   0   0
  6T   0   0   0   1   1   1   1   1   1   1   1   1   1   1   1
  7T   1   1   1   1   1   0   0   0   1   1   0   0   0   0   0
  8T   0   0   0   1   1   1   1   0   0   0   0   0   0   0   0
  9T   1   0   0   0   1   1   0   0   0   0   0   0   0   1   1
 10T   0   0   0   1   1   1   1   1   1   1   1   0   0   0   1
 11T   1   1   1   1   1   0   0   0   0   0   0   1   1   1   0
 12T   1   1   1   1   1   1   1   0   0   0   0   0   0   0   1
 13T   1   1   0   0   0   0   0   0   1   1   1   1   1   1   1
 14T   1   1   1   1   1   1   1   1   1   0   0   0   0   0   1
 15T   0   1   1   0   0   1   1   1   1   1   1   1   1   1   0
 16T   1   0   1   0   0   0   1   1   0   0   0   1   1   0   0
 17T   0   0   0   0   0   0   0   0   0   1   1   1   1   1   1
 18T   0   1   1   1   1   0   0   0   0   0   1   0   0   0   0
 19T   0   0   0   0   0   1   1   1   0   0   0   1   1   1   0
 20T   1   1   0   0   0   0   0   1   1   1   1   0   0   0   0
