Number of Tool Switches: 21 

Time elapsed: 0.006697 
Tool Sequence:
      9J  5J  7J  8J 11J 10J 12J  2J 14J  4J  6J  3J  1J 13J 15J
  1T   1   1   1   1   1   1   1   1   1   1   1   1   1   1   1
  2T   1   1   1   1   1   1   1   1   1   1   1   1   1   1   1
  3T   1   1   1   1   1   1   1   1   1   1   0   0   0   0   0
  4T   1   1   1   1   0   0   0   0   0   0   1   1   1   1   1
  5T   1   1   1   1   1   1   1   0   0   0   0   0   0   1   1
  6T   0   0   0   0   0   0   0   1   1   1   1   1   1   0   0
  7T   0   0   0   0   1   1   1   1   1   1   1   1   0   0   0
  8T   0   0   0   0   0   0   1   1   1   1   1   1   1   1   1
  9T   1   1   1   1   1   1   0   0   0   1   1   1   1   1   1
 10T   1   1   1   0   0   0   0   0   0   0   0   0   1   1   1
 11T   0   0   0   0   1   1   1   1   1   1   1   1   1   0   0
 12T   1   1   1   1   0   1   1   1   1   0   0   0   0   1   1
 13T   1   1   1   1   1   1   1   1   1   1   1   1   1   1   1
 14T   0   0   0   1   1   1   1   1   1   1   1   1   1   1   1
 15T   1   1   1   1   1   0   0   0   0   0   0   0   0   0   0
