Number of Tool Switches: 26 

Time elapsed: 0.006932 
Tool Sequence:
      2J  4J  5J  3J 11J  1J 12J  6J  7J 13J 15J  9J 10J  8J 14J
  1T   1   1   1   1   1   1   1   0   0   0   0   0   0   0   0
  2T   0   0   0   0   0   0   0   0   1   1   1   1   1   1   1
  3T   1   1   1   1   1   1   1   1   1   1   1   1   1   1   1
  4T   1   1   1   1   1   1   1   1   1   1   1   1   1   1   1
  5T   1   1   1   1   1   1   1   0   0   0   0   0   0   0   0
  6T   0   0   0   0   0   0   0   1   1   1   1   1   1   1   1
  7T   0   0   0   0   0   0   0   0   1   1   1   1   1   1   1
  8T   0   0   0   0   0   0   0   1   1   1   1   1   1   1   1
  9T   0   0   0   0   0   0   0   0   0   0   1   1   1   1   1
 10T   1   1   1   1   1   1   1   1   1   1   1   1   1   1   1
 11T   1   1   1   1   1   1   1   1   1   1   1   1   1   1   1
 12T   1   1   1   1   1   1   1   1   1   1   1   1   1   1   1
 13T   1   1   1   1   1   1   1   0   0   0   0   0   0   0   0
 14T   0   0   0   0   0   0   0   0   0   0   0   0   0   0   1
 15T   0   0   0   0   0   0   0   1   0   0   0   0   0   0   0
 16T   0   0   0   0   0   0   0   0   0   1   1   1   1   1   0
 17T   0   0   0   0   0   0   0   1   0   0   0   0   0   0   0
 18T   1   1   1   1   1   1   1   1   1   1   1   1   1   1   1
 19T   1   1   1   1   1   1   1   1   1   1   1   1   1   1   1
 20T   1   1   1   1   1   1   1   0   0   0   0   0   0   0   0
 21T   0   0   0   0   0   0   0   0   1   1   1   1   1   1   1
 22T   1   1   1   1   1   1   1   1   1   1   0   0   0   0   0
 23T   1   1   1   1   1   1   1   1   1   1   1   1   1   1   0
 24T   1   1   1   1   1   1   1   1   0   0   0   0   0   0   1
 25T   1   1   1   1   1   1   1   1   1   0   0   0   0   0   0
