Number of Tool Switches: 25 

Time elapsed: 0.007338 
Tool Sequence:
      5J 10J 12J  1J  2J  3J  9J 14J  4J  7J 11J 13J  6J  8J 15J
  1T   1   1   1   1   1   1   1   1   1   1   1   1   1   1   1
  2T   0   0   0   0   0   0   0   0   0   0   0   0   0   0   1
  3T   1   1   1   1   1   1   1   1   1   1   1   1   1   1   1
  4T   0   0   0   0   0   0   0   0   0   0   0   0   0   0   1
  5T   1   1   1   1   1   1   1   1   1   1   1   1   1   1   1
  6T   1   1   1   1   1   1   1   1   1   1   1   1   1   1   1
  7T   0   0   0   0   0   0   0   0   0   0   1   1   1   1   1
  8T   0   0   0   0   0   0   0   0   0   0   0   1   1   1   1
  9T   0   0   0   0   0   0   0   0   0   0   0   0   0   0   1
 10T   1   1   1   1   1   1   1   1   1   1   1   1   1   1   1
 11T   0   0   0   0   0   0   0   0   0   1   1   1   1   1   1
 12T   0   0   0   0   0   0   0   0   0   0   0   0   1   1   1
 13T   1   1   1   1   1   1   1   1   1   1   1   1   1   1   1
 14T   1   1   1   1   1   1   1   1   1   1   1   0   0   0   0
 15T   1   1   1   1   1   1   1   1   1   1   1   1   0   0   0
 16T   1   1   1   1   1   1   1   1   1   0   0   0   0   0   0
 17T   1   1   1   1   1   1   1   1   1   1   0   0   0   0   0
 18T   1   1   1   1   1   1   1   1   1   1   1   1   0   0   0
 19T   0   0   0   0   0   0   0   0   0   1   1   1   1   1   0
 20T   1   1   1   1   1   1   1   1   1   1   1   1   1   1   0
 21T   0   0   0   0   0   0   0   0   0   0   0   0   0   0   1
 22T   1   1   1   1   1   1   1   1   1   0   0   0   0   0   0
 23T   1   1   1   1   1   1   1   1   1   1   1   1   1   1   0
 24T   1   1   1   1   1   1   1   1   1   1   1   1   1   1   0
 25T   0   0   0   0   0   0   0   0   0   0   0   0   1   1   1
