Number of Tool Switches: 22 

Time elapsed: 0.008369 
Tool Sequence:
      7J  5J  6J 11J 12J  3J  9J 13J  8J 10J 15J  4J  2J  1J 14J
  1T   0   0   0   0   0   0   0   0   0   0   0   0   1   1   1
  2T   1   1   1   1   1   1   1   1   1   0   0   0   0   0   0
  3T   0   0   0   0   0   0   0   0   0   0   0   0   0   1   1
  4T   0   0   0   0   0   0   1   0   0   0   0   0   0   0   0
  5T   1   1   1   1   1   1   1   1   1   1   1   1   1   1   1
  6T   0   0   0   0   0   0   0   1   1   1   1   1   1   1   1
  7T   0   0   0   0   0   1   1   1   1   1   1   1   1   1   1
  8T   1   1   1   1   1   1   1   1   1   1   1   1   1   1   1
  9T   1   1   1   1   0   0   0   0   0   0   0   0   0   0   0
 10T   0   0   0   0   0   0   0   0   0   0   0   0   0   1   1
 11T   1   1   1   1   1   1   1   1   1   1   1   1   1   1   1
 12T   0   0   0   0   0   0   0   0   1   1   1   1   1   0   0
 13T   1   1   1   1   1   0   0   0   0   0   0   0   0   0   0
 14T   1   1   1   1   1   1   1   1   1   1   1   1   1   1   0
 15T   1   1   1   1   1   1   1   1   1   1   1   1   1   1   1
 16T   0   0   0   0   0   0   1   1   1   1   1   1   1   0   0
 17T   0   0   0   0   0   0   0   0   0   1   0   0   0   0   0
 18T   1   1   1   1   1   1   1   1   0   0   0   0   0   0   0
 19T   1   1   1   1   1   1   0   0   0   0   1   1   0   0   0
 20T   0   0   0   0   1   1   0   0   0   0   0   0   0   0   1
