Number of Tool Switches: 45 

Time elapsed: 0.006834 
Tool Sequence:
      7J 15J 12J  6J 14J  9J 11J 10J  8J 13J  5J  1J  4J  2J  3J
  1T   1   1   1   1   1   1   1   1   1   1   1   1   1   0   0
  2T   1   1   1   1   1   1   1   1   1   1   1   1   1   1   1
  3T   1   1   1   0   0   0   1   1   1   1   1   1   1   1   0
  4T   1   1   1   1   1   0   0   0   0   0   1   0   0   1   0
  5T   1   1   1   1   1   1   1   1   1   1   0   0   0   0   1
  6T   1   1   1   1   1   1   1   1   1   1   1   1   0   0   1
  7T   0   0   0   0   0   0   0   0   0   0   0   1   1   1   1
  8T   0   0   0   0   1   1   1   1   1   1   1   1   0   0   0
  9T   1   1   1   1   1   1   1   1   1   1   1   1   1   1   1
 10T   0   0   0   0   0   1   1   1   1   1   1   0   0   1   1
 11T   0   0   0   1   0   0   0   0   0   1   1   1   1   1   1
 12T   1   1   1   1   1   1   1   1   1   1   0   0   1   1   1
 13T   1   1   1   0   0   0   0   0   0   0   0   0   0   1   1
 14T   0   0   0   0   0   0   0   0   0   0   1   1   1   0   0
 15T   1   1   1   1   1   1   1   0   0   0   1   1   1   0   0
 16T   0   0   0   0   1   0   0   0   0   0   1   1   1   1   1
 17T   0   0   0   0   0   1   1   1   1   1   1   0   1   0   1
 18T   1   1   1   1   1   1   0   0   0   0   0   0   1   1   0
 19T   0   0   0   1   1   1   1   1   1   1   1   1   1   1   0
 20T   1   1   1   1   0   0   0   0   0   0   0   0   0   1   1
 21T   0   0   0   0   0   0   0   0   1   0   0   0   0   0   1
 22T   1   1   1   1   1   1   1   1   1   1   1   1   0   0   1
 23T   1   1   1   0   0   0   0   1   1   1   0   1   1   1   0
 24T   1   1   1   1   1   1   1   1   0   0   0   0   0   0   0
 25T   0   0   0   1   1   1   1   1   1   1   0   1   1   1   1
