Number of Tool Switches: 34 

Time elapsed: 0.007733 
Tool Sequence:
      7J 15J  1J 13J  3J  5J  9J  6J  4J 10J 14J  2J  8J 12J 11J
  1T   1   1   1   0   0   0   0   0   0   0   0   0   0   0   0
  2T   0   0   0   1   1   1   1   1   0   0   0   1   1   1   1
  3T   1   1   1   1   1   1   1   1   0   0   0   0   0   0   0
  4T   0   0   0   0   0   1   1   1   1   1   1   0   0   0   0
  5T   1   1   1   1   1   1   1   1   1   1   1   1   1   1   1
  6T   0   0   0   0   0   0   0   0   0   0   1   1   1   1   1
  7T   1   1   0   0   0   0   0   0   1   1   0   0   1   1   1
  8T   1   1   1   1   1   1   1   1   1   1   1   1   0   0   0
  9T   1   1   0   0   0   1   1   0   0   1   0   0   1   0   0
 10T   0   0   1   0   0   0   1   1   1   1   1   1   1   1   0
 11T   1   1   1   1   0   0   0   0   0   0   1   1   1   1   1
 12T   1   1   1   1   1   1   1   1   1   1   1   1   0   0   0
 13T   0   0   0   1   1   0   0   0   1   0   0   0   0   1   0
 14T   0   0   0   0   1   1   0   0   0   0   1   1   1   1   1
 15T   0   0   1   1   1   1   1   0   0   0   0   0   0   0   0
 16T   1   1   1   1   0   0   0   0   0   0   0   0   0   0   1
 17T   0   0   0   0   1   0   0   0   0   0   0   0   0   0   0
 18T   0   0   0   0   0   0   0   1   1   1   1   1   1   1   1
 19T   0   0   1   1   1   1   1   1   1   1   1   1   1   1   1
 20T   1   1   0   0   0   0   0   1   1   1   0   0   0   0   1
