Number of Tool Switches: 17 

Time elapsed: 0.005231 
Tool Sequence:
     13J  5J 14J 15J  3J  4J  7J  6J  8J  2J 11J  1J  9J 10J 12J
  1T   1   1   1   1   1   1   1   1   1   1   1   1   1   1   1
  2T   1   1   1   1   1   1   1   1   1   1   1   1   1   1   1
  3T   1   1   1   1   1   1   1   1   1   1   1   1   1   1   1
  4T   1   1   1   1   1   1   1   1   1   1   1   1   1   1   1
  5T   1   1   1   1   1   1   1   1   1   1   1   1   1   1   1
  6T   0   0   0   0   0   1   1   1   1   0   0   0   0   0   0
  7T   1   1   1   1   1   1   1   0   0   0   0   0   0   0   0
  8T   0   0   0   0   1   0   0   0   0   0   0   0   0   1   1
  9T   0   0   0   0   0   0   0   1   1   1   1   1   1   1   1
 10T   1   1   1   1   1   0   0   0   0   1   1   1   1   1   1
 11T   1   1   1   1   0   0   0   0   0   0   0   0   0   0   0
 12T   1   1   1   1   1   1   1   1   1   1   1   1   1   1   1
 13T   0   0   0   0   0   0   1   1   1   1   1   1   1   1   1
 14T   0   0   0   0   0   1   0   0   0   0   0   0   0   0   0
 15T   1   1   1   1   1   1   1   1   1   1   1   1   1   0   0
