Number of Tool Switches: 30 

Time elapsed: 0.007862 
Tool Sequence:
      6J 13J  5J 14J  2J  8J  3J 11J 15J 10J  1J  7J  4J 12J  9J
  1T   1   1   1   1   1   1   1   1   1   1   1   1   1   1   1
  2T   0   0   0   0   1   1   0   0   0   0   0   1   1   1   1
  3T   1   1   1   0   0   0   0   0   0   1   1   1   1   1   1
  4T   1   1   1   1   1   1   1   1   1   0   0   0   0   1   1
  5T   0   0   0   0   0   0   1   1   1   1   1   1   1   1   1
  6T   1   1   1   1   1   1   1   1   0   0   0   0   0   1   1
  7T   1   1   1   1   0   0   0   1   1   1   1   1   1   1   1
  8T   1   1   1   1   0   0   0   0   1   1   1   0   0   0   0
  9T   0   0   0   0   1   1   1   0   0   0   0   0   1   0   0
 10T   1   1   1   1   1   1   1   1   1   1   1   1   1   1   1
 11T   1   1   1   1   1   1   1   1   1   1   1   1   1   1   1
 12T   1   1   1   1   1   1   1   1   1   1   1   1   1   1   1
 13T   1   1   1   1   1   1   1   1   1   1   1   1   1   1   1
 14T   1   1   1   1   1   1   1   1   1   1   1   1   0   0   0
 15T   1   1   1   1   1   1   1   1   1   1   1   1   1   1   1
 16T   0   0   0   0   0   1   1   1   1   1   1   1   1   1   1
 17T   1   1   1   1   1   1   1   1   1   1   0   0   1   1   0
 18T   1   1   1   1   1   0   0   0   0   0   1   1   0   0   1
 19T   0   0   0   1   1   1   1   1   1   1   1   1   1   0   0
 20T   1   1   1   1   1   1   1   1   1   1   1   1   1   1   1
