Number of Tool Switches: 37 

Time elapsed: 0.007878 
Tool Sequence:
     11J  9J 14J  8J  3J  1J 15J 12J 10J 13J  6J  2J  4J  7J  5J
  1T   1   1   1   1   1   1   1   1   1   1   0   0   0   0   0
  2T   1   1   1   1   1   1   1   1   1   1   1   1   1   0   0
  3T   0   0   0   0   0   0   0   0   0   0   0   1   1   0   0
  4T   1   1   0   0   0   0   0   0   1   1   0   0   0   0   0
  5T   1   1   1   1   0   0   0   0   0   0   0   0   0   1   1
  6T   0   0   0   0   0   1   1   1   1   1   1   1   0   0   0
  7T   1   1   1   1   1   1   0   0   0   0   0   0   1   1   1
  8T   0   0   0   0   1   1   1   1   1   0   0   0   0   0   0
  9T   0   0   1   1   1   1   1   1   0   0   0   0   1   1   1
 10T   0   0   0   0   0   0   0   1   0   0   1   1   1   1   1
 11T   1   1   0   0   0   0   0   1   1   1   1   1   1   1   1
 12T   0   0   1   1   1   1   1   1   0   0   0   0   0   0   1
 13T   0   0   0   0   0   0   0   0   0   0   1   0   0   0   1
 14T   0   0   0   1   1   0   0   0   0   0   0   0   0   0   0
 15T   1   1   1   1   0   0   0   0   0   0   0   1   0   0   0
 16T   1   1   0   0   0   0   0   0   1   1   1   1   1   1   1
 17T   1   1   1   1   1   1   1   0   0   0   1   0   0   0   0
 18T   0   0   0   0   1   1   1   1   1   1   0   0   0   0   0
 19T   1   1   1   1   1   1   0   0   0   0   0   0   0   0   0
 20T   0   0   0   0   0   0   1   1   1   1   1   1   1   1   1
 21T   0   0   0   0   0   0   1   0   0   0   0   0   0   1   0
 22T   0   0   0   0   0   0   0   0   1   1   1   0   0   0   0
 23T   0   0   0   0   0   0   0   0   0   0   0   1   1   1   1
 24T   0   0   1   0   0   0   0   0   0   0   0   0   0   0   0
 25T   0   0   0   0   0   0   0   0   0   1   1   1   1   1   0
