Instancias/C-1/s1n001.txt                                    	    11 	 0.074559102000 0.001139244000 2
Instancias/C-1/s1n001_1.txt                                  	    10 	 0.041502589000 0.000522200000 1
Instancias/C-1/s1n001_2.txt                                  	    10 	 0.039318046000 0.003386938000 1
Instancias/C-1/s1n001_3.txt                                  	    10 	 0.031708555000 0.003291873000 1
Instancias/C-1/s1n002.txt                                    	    16 	 0.096156939000 0.004164451000 1
Instancias/C-1/s1n002_1.txt                                  	    13 	 0.108054272000 0.003925360000 1
Instancias/C-1/s1n002_2.txt                                  	    11 	 0.130780201000 0.004436715000 1
Instancias/C-1/s1n002_3.txt                                  	    10 	 0.088407784000 0.000512586000 1
Instancias/C-1/s1n003.txt                                    	    14 	 0.096004817000 0.000883188000 1
Instancias/C-1/s1n003_1.txt                                  	    11 	 0.072631796000 0.003890064000 1
Instancias/C-1/s1n003_2.txt                                  	    10 	 0.099994207000 0.000352001000 1
Instancias/C-1/s1n003_3.txt                                  	    10 	 0.050415048000 0.000396796000 1
Instancias/C-1/s1n004.txt                                    	    13 	 0.080490265000 0.000994692000 1
Instancias/C-1/s1n004_1.txt                                  	    11 	 0.119843418000 0.000925466000 1
Instancias/C-1/s1n004_2.txt                                  	    10 	 0.057759948000 0.002901825000 1
Instancias/C-1/s1n004_3.txt                                  	    10 	 0.037220982000 0.000514595000 1
Instancias/C-1/s1n005.txt                                    	    12 	 0.075461799000 0.000652063000 1
Instancias/C-1/s1n005_1.txt                                  	    10 	 0.062517971000 0.000634286000 1
Instancias/C-1/s1n005_2.txt                                  	    10 	 0.041749000000 0.000460304000 1
Instancias/C-1/s1n005_3.txt                                  	    10 	 0.034033267000 0.000367445000 1
Instancias/C-1/s1n006.txt                                    	    13 	 0.071519034000 0.000762075000 1
Instancias/C-1/s1n006_1.txt                                  	    11 	 0.071815944000 0.000825589000 1
Instancias/C-1/s1n006_2.txt                                  	    10 	 0.038001970000 0.000442557000 1
Instancias/C-1/s1n006_3.txt                                  	    10 	 0.029801529000 0.000387178000 1
Instancias/C-1/s1n007.txt                                    	    12 	 0.066051548000 0.001652657000 3
Instancias/C-1/s1n007_1.txt                                  	    11 	 0.073707236000 0.000696099000 1
Instancias/C-1/s1n007_2.txt                                  	    10 	 0.041831256000 0.000561496000 1
Instancias/C-1/s1n007_3.txt                                  	    10 	 0.034044385000 0.000390619000 1
Instancias/C-1/s1n008.txt                                    	    15 	 0.115003694000 0.001635790000 2
Instancias/C-1/s1n008_1.txt                                  	    13 	 0.139319495000 0.001063725000 1
Instancias/C-1/s1n008_2.txt                                  	    12 	 0.103201902000 0.001083169000 1
Instancias/C-1/s1n008_3.txt                                  	    11 	 0.076387912000 0.000763935000 1
Instancias/C-1/s1n009.txt                                    	    12 	 0.082430369000 0.003826559000 1
Instancias/C-1/s1n009_1.txt                                  	    11 	 0.074297336000 0.002227519000 1
Instancias/C-1/s1n009_2.txt                                  	    10 	 0.041642377000 0.003242046000 1
Instancias/C-1/s1n009_3.txt                                  	    10 	 0.035429603000 0.003277337000 1
Instancias/C-1/s1n010.txt                                    	    13 	 0.085651784000 0.006177224000 1
Instancias/C-1/s1n010_1.txt                                  	    11 	 0.080171364000 0.000734967000 1
Instancias/C-1/s1n010_2.txt                                  	    10 	 0.049651144000 0.000500238000 1
Instancias/C-1/s1n010_3.txt                                  	    10 	 0.035379803000 0.000484353000 1
