Instancias/C-1/s1n001.txt                                    	    11 	 0.068857159000 0.000965639000 1
Instancias/C-1/s1n001_1.txt                                  	    10 	 0.043696548000 0.000500971000 1
Instancias/C-1/s1n001_2.txt                                  	    10 	 0.036325766000 0.000554075000 1
Instancias/C-1/s1n001_3.txt                                  	    10 	 0.030146427000 0.000474210000 1
Instancias/C-1/s1n002.txt                                    	    16 	 0.089638288000 0.001468486000 2
Instancias/C-1/s1n002_1.txt                                  	    13 	 0.101386601000 0.000890072000 1
Instancias/C-1/s1n002_2.txt                                  	    11 	 0.107599131000 0.001588910000 2
Instancias/C-1/s1n002_3.txt                                  	    10 	 0.046339336000 0.000506134000 1
Instancias/C-1/s1n003.txt                                    	    14 	 0.093670400000 0.001664387000 2
Instancias/C-1/s1n003_1.txt                                  	    11 	 0.072816247000 0.000933119000 1
Instancias/C-1/s1n003_2.txt                                  	    10 	 0.048617466000 0.000551137000 1
Instancias/C-1/s1n003_3.txt                                  	    10 	 0.038467340000 0.000561047000 1
Instancias/C-1/s1n004.txt                                    	    13 	 0.077961136000 0.000779051000 1
Instancias/C-1/s1n004_1.txt                                  	    11 	 0.089479154000 0.001116620000 1
Instancias/C-1/s1n004_2.txt                                  	    10 	 0.056822410000 0.001091700000 2
Instancias/C-1/s1n004_3.txt                                  	    10 	 0.038402061000 0.000478642000 1
Instancias/C-1/s1n005.txt                                    	    12 	 0.071851855000 0.001089711000 2
Instancias/C-1/s1n005_1.txt                                  	    10 	 0.051666982000 0.001222027000 3
Instancias/C-1/s1n005_2.txt                                  	    10 	 0.042771510000 0.000619724000 1
Instancias/C-1/s1n005_3.txt                                  	    10 	 0.047854324000 0.000362631000 1
Instancias/C-1/s1n006.txt                                    	    13 	 0.070949399000 0.000869185000 1
Instancias/C-1/s1n006_1.txt                                  	    11 	 0.074537544000 0.000675899000 1
Instancias/C-1/s1n006_2.txt                                  	    10 	 0.037165456000 0.000367108000 1
Instancias/C-1/s1n006_3.txt                                  	    10 	 0.034977388000 0.000500165000 1
Instancias/C-1/s1n007.txt                                    	    12 	 0.065176635000 0.000667191000 1
Instancias/C-1/s1n007_1.txt                                  	    11 	 0.067014656000 0.000889857000 1
Instancias/C-1/s1n007_2.txt                                  	    10 	 0.040375691000 0.000530105000 1
Instancias/C-1/s1n007_3.txt                                  	    10 	 0.038787462000 0.000498029000 1
Instancias/C-1/s1n008.txt                                    	    15 	 0.094399973000 0.002643940000 1
Instancias/C-1/s1n008_1.txt                                  	    13 	 0.115508864000 0.004206882000 1
Instancias/C-1/s1n008_2.txt                                  	    12 	 0.104243233000 0.003970551000 1
Instancias/C-1/s1n008_3.txt                                  	    11 	 0.077379234000 0.003889930000 1
Instancias/C-1/s1n009.txt                                    	    12 	 0.085716846000 0.003665742000 1
Instancias/C-1/s1n009_1.txt                                  	    11 	 0.071900208000 0.000554536000 1
Instancias/C-1/s1n009_2.txt                                  	    10 	 0.037127527000 0.000458121000 1
Instancias/C-1/s1n009_3.txt                                  	    10 	 0.030139088000 0.000398639000 1
Instancias/C-1/s1n010.txt                                    	    13 	 0.078224546000 0.001277889000 1
Instancias/C-1/s1n010_1.txt                                  	    11 	 0.079530270000 0.000964614000 1
Instancias/C-1/s1n010_2.txt                                  	    10 	 0.049555044000 0.000460398000 1
Instancias/C-1/s1n010_3.txt                                  	    10 	 0.033954869000 0.000473694000 1
