Instancias/C-1/s1n001.txt                                    	    11 	 0.049752293000 0.001307482000 2
Instancias/C-1/s1n001_1.txt                                  	    10 	 0.023643590000 0.000612107000 1
Instancias/C-1/s1n001_2.txt                                  	    10 	 0.006223739000 0.000277084000 1
Instancias/C-1/s1n001_3.txt                                  	    10 	 0.004105796000 0.000229035000 1
Instancias/C-1/s1n002.txt                                    	    16 	 0.086745068000 0.000894543000 1
Instancias/C-1/s1n002_1.txt                                  	    13 	 0.102319366000 0.001183647000 1
Instancias/C-1/s1n002_2.txt                                  	    11 	 0.093676779000 0.000834636000 1
Instancias/C-1/s1n002_3.txt                                  	    10 	 0.032680264000 0.000281187000 1
Instancias/C-1/s1n003.txt                                    	    14 	 0.063912866000 0.001088162000 1
Instancias/C-1/s1n003_1.txt                                  	    11 	 0.053276531000 0.001176518000 2
Instancias/C-1/s1n003_2.txt                                  	    10 	 0.021201263000 0.000283105000 1
Instancias/C-1/s1n003_3.txt                                  	    10 	 0.009939603000 0.000276552000 1
Instancias/C-1/s1n004.txt                                    	    13 	 0.069067242000 0.000700237000 1
Instancias/C-1/s1n004_1.txt                                  	    11 	 0.089637139000 0.000815990000 1
Instancias/C-1/s1n004_2.txt                                  	    10 	 0.055981357000 0.000629775000 1
Instancias/C-1/s1n004_3.txt                                  	    10 	 0.010432167000 0.000292413000 1
Instancias/C-1/s1n005.txt                                    	    12 	 0.067403226000 0.003092655000 9
Instancias/C-1/s1n005_1.txt                                  	    10 	 0.041662779000 0.000527401000 1
Instancias/C-1/s1n005_2.txt                                  	    10 	 0.011797966000 0.000282351000 1
Instancias/C-1/s1n005_3.txt                                  	    10 	 0.006174114000 0.000231145000 1
Instancias/C-1/s1n006.txt                                    	    13 	 0.051499999000 0.000609946000 1
Instancias/C-1/s1n006_1.txt                                  	    11 	 0.055892366000 0.000811810000 1
Instancias/C-1/s1n006_2.txt                                  	    10 	 0.009994656000 0.000257643000 1
Instancias/C-1/s1n006_3.txt                                  	    10 	 0.004360788000 0.000229331000 1
Instancias/C-1/s1n007.txt                                    	    12 	 0.049197673000 0.001927454000 6
Instancias/C-1/s1n007_1.txt                                  	    11 	 0.059302943000 0.000706842000 1
Instancias/C-1/s1n007_2.txt                                  	    10 	 0.015781605000 0.000261883000 1
Instancias/C-1/s1n007_3.txt                                  	    10 	 0.006027808000 0.000246189000 1
Instancias/C-1/s1n008.txt                                    	    15 	 0.083212690000 0.001503552000 2
Instancias/C-1/s1n008_1.txt                                  	    13 	 0.112996149000 0.001751251000 1
Instancias/C-1/s1n008_2.txt                                  	    12 	 0.131023056000 0.001240730000 1
Instancias/C-1/s1n008_3.txt                                  	    11 	 0.067239542000 0.000847413000 1
Instancias/C-1/s1n009.txt                                    	    12 	 0.069332618000 0.000817767000 1
Instancias/C-1/s1n009_1.txt                                  	    11 	 0.060608610000 0.000785314000 1
Instancias/C-1/s1n009_2.txt                                  	    10 	 0.012523078000 0.000228881000 1
Instancias/C-1/s1n009_3.txt                                  	    10 	 0.003611373000 0.000236924000 1
Instancias/C-1/s1n010.txt                                    	    13 	 0.065064129000 0.000851830000 1
Instancias/C-1/s1n010_1.txt                                  	    11 	 0.074758110000 0.000975839000 1
Instancias/C-1/s1n010_2.txt                                  	    10 	 0.033652781000 0.000233505000 1
Instancias/C-1/s1n010_3.txt                                  	    10 	 0.007361405000 0.000406392000 1
