Instancias/C-1/s1n001.txt                                    	    11 	 0.070570940000 0.001911026000 3
Instancias/C-1/s1n001_1.txt                                  	    10 	 0.040477745000 0.000430832000 1
Instancias/C-1/s1n001_2.txt                                  	    10 	 0.038324457000 0.003292641000 1
Instancias/C-1/s1n001_3.txt                                  	    10 	 0.033692804000 0.003428592000 1
Instancias/C-1/s1n002.txt                                    	    16 	 0.096255180000 0.004289730000 1
Instancias/C-1/s1n002_1.txt                                  	    13 	 0.104237459000 0.003882272000 1
Instancias/C-1/s1n002_2.txt                                  	    11 	 0.174968953000 0.004006755000 1
Instancias/C-1/s1n002_3.txt                                  	    10 	 0.052442399000 0.000514966000 1
Instancias/C-1/s1n003.txt                                    	    14 	 0.094448916000 0.004219536000 1
Instancias/C-1/s1n003_1.txt                                  	    11 	 0.083497241000 0.003674737000 1
Instancias/C-1/s1n003_2.txt                                  	    10 	 0.121502034000 0.000541175000 1
Instancias/C-1/s1n003_3.txt                                  	    10 	 0.042230711000 0.000524630000 1
Instancias/C-1/s1n004.txt                                    	    13 	 0.084873510000 0.000834550000 1
Instancias/C-1/s1n004_1.txt                                  	    11 	 0.098891319000 0.000943341000 1
Instancias/C-1/s1n004_2.txt                                  	    10 	 0.061584354000 0.000540668000 1
Instancias/C-1/s1n004_3.txt                                  	    10 	 0.044015000000 0.003261228000 1
Instancias/C-1/s1n005.txt                                    	    12 	 0.075120568000 0.004481664000 3
Instancias/C-1/s1n005_1.txt                                  	    10 	 0.055418754000 0.003178044000 1
Instancias/C-1/s1n005_2.txt                                  	    10 	 0.043794503000 0.003457966000 1
Instancias/C-1/s1n005_3.txt                                  	    10 	 0.036477089000 0.003361856000 1
Instancias/C-1/s1n006.txt                                    	    13 	 0.071531585000 0.003584175000 1
Instancias/C-1/s1n006_1.txt                                  	    11 	 0.076375872000 0.003551579000 1
Instancias/C-1/s1n006_2.txt                                  	    10 	 0.040115993000 0.003401842000 1
Instancias/C-1/s1n006_3.txt                                  	    10 	 0.032572847000 0.003248010000 1
Instancias/C-1/s1n007.txt                                    	    12 	 0.067941482000 0.003577601000 1
Instancias/C-1/s1n007_1.txt                                  	    11 	 0.069865976000 0.003575706000 1
Instancias/C-1/s1n007_2.txt                                  	    10 	 0.044905385000 0.002007303000 1
Instancias/C-1/s1n007_3.txt                                  	    10 	 0.054747302000 0.001784996000 1
Instancias/C-1/s1n008.txt                                    	    15 	 0.092745367000 0.001140494000 1
Instancias/C-1/s1n008_1.txt                                  	    13 	 0.117468384000 0.001315245000 1
Instancias/C-1/s1n008_2.txt                                  	    12 	 0.100361730000 0.000942479000 1
Instancias/C-1/s1n008_3.txt                                  	    11 	 0.074417574000 0.000904781000 1
Instancias/C-1/s1n009.txt                                    	    12 	 0.078299360000 0.000887426000 1
Instancias/C-1/s1n009_1.txt                                  	    11 	 0.072581158000 0.000595779000 1
Instancias/C-1/s1n009_2.txt                                  	    10 	 0.037067575000 0.000469964000 1
Instancias/C-1/s1n009_3.txt                                  	    10 	 0.032030976000 0.000383861000 1
Instancias/C-1/s1n010.txt                                    	    13 	 0.080475813000 0.000995590000 1
Instancias/C-1/s1n010_1.txt                                  	    11 	 0.080764158000 0.000907881000 1
Instancias/C-1/s1n010_2.txt                                  	    10 	 0.046705315000 0.000394997000 1
Instancias/C-1/s1n010_3.txt                                  	    10 	 0.038536606000 0.000594702000 1
