Instancias/C-1/s1n001.txt                                    	    11 	 0.073033925000 0.005360206000 12
Instancias/C-1/s1n001_1.txt                                  	    10 	 0.043731195000 0.003504790000 1
Instancias/C-1/s1n001_2.txt                                  	    10 	 0.037377166000 0.003316626000 1
Instancias/C-1/s1n001_3.txt                                  	    10 	 0.034976093000 0.003290023000 1
Instancias/C-1/s1n002.txt                                    	    16 	 0.092464492000 0.003916695000 1
Instancias/C-1/s1n002_1.txt                                  	    13 	 0.183088666000 0.003940831000 1
Instancias/C-1/s1n002_2.txt                                  	    11 	 0.110243548000 0.004500351000 2
Instancias/C-1/s1n002_3.txt                                  	    10 	 0.050776724000 0.003740000000 2
Instancias/C-1/s1n003.txt                                    	    14 	 0.120726577000 0.004047835000 1
Instancias/C-1/s1n003_1.txt                                  	    11 	 0.075149284000 0.001017744000 1
Instancias/C-1/s1n003_2.txt                                  	    10 	 0.049098119000 0.000438652000 1
Instancias/C-1/s1n003_3.txt                                  	    10 	 0.049467690000 0.000585138000 1
Instancias/C-1/s1n004.txt                                    	    13 	 0.084748786000 0.000789026000 1
Instancias/C-1/s1n004_1.txt                                  	    11 	 0.091990496000 0.003812999000 1
Instancias/C-1/s1n004_2.txt                                  	    10 	 0.061762228000 0.003763670000 2
Instancias/C-1/s1n004_3.txt                                  	    10 	 0.041330177000 0.003230366000 1
Instancias/C-1/s1n005.txt                                    	    12 	 0.073548897000 0.003481403000 1
Instancias/C-1/s1n005_1.txt                                  	    10 	 0.058297616000 0.003279043000 1
Instancias/C-1/s1n005_2.txt                                  	    10 	 0.045623683000 0.003348975000 1
Instancias/C-1/s1n005_3.txt                                  	    10 	 0.035940063000 0.003306428000 1
Instancias/C-1/s1n006.txt                                    	    13 	 0.073866794000 0.003716924000 1
Instancias/C-1/s1n006_1.txt                                  	    11 	 0.080207511000 0.003566872000 1
Instancias/C-1/s1n006_2.txt                                  	    10 	 0.039965394000 0.003483728000 1
Instancias/C-1/s1n006_3.txt                                  	    10 	 0.034753458000 0.003451342000 1
Instancias/C-1/s1n007.txt                                    	    12 	 0.070137263000 0.003710426000 1
Instancias/C-1/s1n007_1.txt                                  	    11 	 0.068081097000 0.003602072000 1
Instancias/C-1/s1n007_2.txt                                  	    10 	 0.052523562000 0.008692989000 1
Instancias/C-1/s1n007_3.txt                                  	    10 	 0.039000660000 0.003497977000 1
Instancias/C-1/s1n008.txt                                    	    15 	 0.131922810000 0.012191568000 1
Instancias/C-1/s1n008_1.txt                                  	    13 	 0.114652807000 0.001103755000 1
Instancias/C-1/s1n008_2.txt                                  	    12 	 0.102128065000 0.002566283000 1
Instancias/C-1/s1n008_3.txt                                  	    11 	 0.073999620000 0.000952315000 1
Instancias/C-1/s1n009.txt                                    	    12 	 0.081028603000 0.003750336000 1
Instancias/C-1/s1n009_1.txt                                  	    11 	 0.075741370000 0.003329734000 1
Instancias/C-1/s1n009_2.txt                                  	    10 	 0.039654284000 0.003246222000 1
Instancias/C-1/s1n009_3.txt                                  	    10 	 0.032720847000 0.003267619000 1
Instancias/C-1/s1n010.txt                                    	    13 	 0.086504364000 0.003927773000 1
Instancias/C-1/s1n010_1.txt                                  	    11 	 0.156171388000 0.004021919000 1
Instancias/C-1/s1n010_2.txt                                  	    10 	 0.051514350000 0.003340780000 1
Instancias/C-1/s1n010_3.txt                                  	    10 	 0.038442292000 0.000576165000 1
