Instancias/C-1/s1n001.txt                                    	    11 	 0.099905693000 0.000755880000 1
Instancias/C-1/s1n001_1.txt                                  	    10 	 0.058415294000 0.000532867000 1
Instancias/C-1/s1n001_2.txt                                  	    10 	 0.057863150000 0.000636434000 1
Instancias/C-1/s1n001_3.txt                                  	    10 	 0.046225552000 0.000662681000 1
Instancias/C-1/s1n002.txt                                    	    16 	 0.129958362000 0.001374634000 1
Instancias/C-1/s1n002_1.txt                                  	    13 	 0.153514128000 0.001813339000 1
Instancias/C-1/s1n002_2.txt                                  	    11 	 0.124210691000 0.001378460000 1
Instancias/C-1/s1n002_3.txt                                  	    10 	 0.064936358000 0.000636606000 1
Instancias/C-1/s1n003.txt                                    	    14 	 0.110057728000 0.003018953000 3
Instancias/C-1/s1n003_1.txt                                  	    11 	 0.093916651000 0.001274790000 1
Instancias/C-1/s1n003_2.txt                                  	    10 	 0.062980663000 0.000605983000 1
Instancias/C-1/s1n003_3.txt                                  	    10 	 0.058046819000 0.000437891000 1
Instancias/C-1/s1n004.txt                                    	    13 	 0.104078086000 0.001090278000 1
Instancias/C-1/s1n004_1.txt                                  	    11 	 0.136561294000 0.001161051000 1
Instancias/C-1/s1n004_2.txt                                  	    10 	 0.090572680000 0.000695941000 1
Instancias/C-1/s1n004_3.txt                                  	    10 	 0.055962460000 0.000433940000 1
Instancias/C-1/s1n005.txt                                    	    12 	 0.119950699000 0.001582276000 2
Instancias/C-1/s1n005_1.txt                                  	    10 	 0.065401247000 0.000509292000 1
Instancias/C-1/s1n005_2.txt                                  	    10 	 0.058113072000 0.000613220000 1
Instancias/C-1/s1n005_3.txt                                  	    10 	 0.055524268000 0.000496243000 1
Instancias/C-1/s1n006.txt                                    	    13 	 0.094643727000 0.000884060000 1
Instancias/C-1/s1n006_1.txt                                  	    11 	 0.111894058000 0.001009618000 1
Instancias/C-1/s1n006_2.txt                                  	    10 	 0.057311341000 0.000536929000 1
Instancias/C-1/s1n006_3.txt                                  	    10 	 0.052159245000 0.000670960000 1
Instancias/C-1/s1n007.txt                                    	    12 	 0.081887475000 0.001019348000 1
Instancias/C-1/s1n007_1.txt                                  	    11 	 0.101578407000 0.001224381000 1
Instancias/C-1/s1n007_2.txt                                  	    10 	 0.068553411000 0.000663772000 1
Instancias/C-1/s1n007_3.txt                                  	    10 	 0.057256113000 0.000625238000 1
Instancias/C-1/s1n008.txt                                    	    15 	 0.129594700000 0.001593401000 1
Instancias/C-1/s1n008_1.txt                                  	    13 	 0.140480175000 0.001573972000 1
Instancias/C-1/s1n008_2.txt                                  	    12 	 0.163423356000 0.001595338000 1
Instancias/C-1/s1n008_3.txt                                  	    11 	 0.116538326000 0.001112404000 1
Instancias/C-1/s1n009.txt                                    	    12 	 0.125406022000 0.001300510000 1
Instancias/C-1/s1n009_1.txt                                  	    11 	 0.105392488000 0.000934304000 1
Instancias/C-1/s1n009_2.txt                                  	    10 	 0.056418302000 0.000809000000 1
Instancias/C-1/s1n009_3.txt                                  	    10 	 0.048483310000 0.000667506000 1
Instancias/C-1/s1n010.txt                                    	    13 	 0.121760414000 0.001278152000 1
Instancias/C-1/s1n010_1.txt                                  	    11 	 0.124032479000 0.001258450000 1
Instancias/C-1/s1n010_2.txt                                  	    10 	 0.075323818000 0.000561934000 1
Instancias/C-1/s1n010_3.txt                                  	    10 	 0.059734382000 0.000721278000 1
