Number of Tool Switches: 25 

Time elapsed: 0.625578 
Tool Sequence:
      7J  3J 15J  1J 14J 13J 12J  8J 10J  2J  9J  4J  5J  6J 11J
  1T   0   0   1   1   1   1   1   1   1   1   1   0   0   0   0
  2T   0   0   0   0   0   0   0   0   0   1   0   0   0   0   0
  3T   1   1   1   0   0   0   0   0   0   0   0   0   0   1   0
  4T   1   1   0   0   0   0   0   0   0   0   0   0   0   0   0
  5T   0   0   0   0   0   0   0   0   0   0   0   0   0   0   1
  6T   0   0   0   0   0   0   0   1   0   0   0   0   0   0   1
  7T   0   0   0   0   0   0   1   1   1   0   0   0   0   0   0
  8T   1   1   1   1   0   0   0   0   0   0   0   0   0   0   0
  9T   0   0   0   0   1   1   1   0   0   0   0   0   0   0   0
 10T   0   0   0   1   1   1   0   0   0   0   0   0   1   1   0
 11T   1   1   1   1   1   1   0   0   0   0   0   0   0   1   1
 12T   0   0   0   0   0   0   0   0   0   0   0   0   0   1   1
 13T   0   0   0   0   0   0   0   0   1   1   1   1   1   0   0
 14T   0   0   0   1   1   1   1   1   1   1   1   1   1   1   1
 15T   1   1   1   0   0   0   0   1   1   1   0   0   0   0   0
 16T   1   1   1   1   1   0   0   0   0   0   0   0   0   0   0
 17T   0   0   0   0   0   1   1   1   1   1   1   1   1   0   0
 18T   0   0   0   0   0   0   0   0   0   0   0   1   0   0   0
 19T   0   0   0   0   0   0   1   0   0   0   0   0   0   0   0
 20T   0   0   0   0   0   0   0   0   0   0   1   1   1   1   1
