Number of Tool Switches: 21 

Time elapsed: 0.847717 
Tool Sequence:
     13J 10J  5J 14J 12J  4J 15J  2J  3J  1J  7J  8J  6J  9J 11J
  1T   1   1   1   1   1   1   1   1   1   0   0   0   0   0   0
  2T   1   1   1   1   0   0   0   0   0   0   0   0   0   0   0
  3T   1   1   1   1   1   1   1   1   1   1   1   0   0   0   0
  4T   0   0   0   0   1   1   1   1   1   1   0   0   0   0   0
  5T   0   0   0   0   0   0   0   1   1   1   1   1   1   1   1
  6T   1   1   1   1   1   1   1   1   1   1   1   1   1   1   0
  7T   1   1   1   0   0   0   0   0   0   0   0   0   0   0   1
  8T   1   1   1   1   1   1   1   1   1   1   1   1   1   0   0
  9T   0   0   0   0   0   0   0   0   0   1   1   0   0   0   0
 10T   0   0   0   0   0   0   0   0   1   1   1   1   1   1   1
 11T   0   0   0   0   0   0   0   0   0   0   0   1   1   1   1
 12T   1   1   1   1   1   1   1   1   1   1   1   1   1   1   0
 13T   1   1   1   1   1   1   1   1   1   1   1   1   0   0   0
 14T   1   1   1   1   1   1   1   1   1   1   1   1   1   1   1
 15T   1   1   1   1   1   1   1   1   1   1   1   1   1   0   0
 16T   0   0   0   0   0   0   1   1   1   1   1   0   0   0   0
 17T   1   1   1   1   1   1   1   1   0   0   0   0   0   0   0
 18T   0   0   0   0   0   0   0   0   0   0   1   1   0   0   0
 19T   0   0   0   1   1   0   0   0   0   0   0   0   0   0   0
 20T   1   1   1   1   1   1   0   0   0   0   0   0   0   0   0
