Number of Tool Switches: 38 

Time elapsed: 0.796624 
Tool Sequence:
      2J 14J  4J 11J  1J 12J 15J  5J 13J  6J  8J  9J 10J  7J  3J
  1T   1   0   0   0   0   0   1   1   1   1   1   1   1   0   0
  2T   0   0   0   0   0   1   1   1   1   0   0   0   0   1   0
  3T   1   1   1   0   1   1   0   0   0   0   0   0   0   0   0
  4T   0   0   0   0   0   0   0   0   0   1   0   0   0   0   0
  5T   1   0   0   0   0   0   0   0   0   0   0   0   1   1   1
  6T   0   0   0   1   0   0   0   0   0   1   1   1   0   0   0
  7T   1   1   0   0   0   0   1   1   1   0   0   0   0   0   0
  8T   1   0   0   0   0   0   0   0   0   0   0   0   1   0   0
  9T   0   1   1   0   0   0   0   0   0   0   1   1   1   1   0
 10T   0   0   0   0   1   0   0   0   1   0   0   1   1   1   0
 11T   0   0   1   1   0   0   0   0   0   0   0   0   0   0   0
 12T   0   0   0   1   1   0   0   0   0   0   0   0   0   0   1
 13T   0   1   1   0   0   0   0   0   1   0   0   0   0   0   1
 14T   0   0   0   0   0   0   0   0   0   0   0   1   1   1   1
 15T   0   0   0   1   1   1   1   0   0   0   0   0   0   0   1
 16T   0   1   1   1   1   1   0   0   0   0   0   0   0   1   0
 17T   0   0   0   0   0   0   0   1   1   1   0   0   0   0   0
 18T   1   0   0   0   0   0   0   0   0   1   1   1   0   0   0
 19T   0   1   1   1   1   1   1   1   0   0   0   0   0   0   0
 20T   0   0   0   0   0   1   1   1   0   1   1   0   0   0   1
