Number of Tool Switches: 20 

Time elapsed: 0.348484 
Tool Sequence:
      5J  7J 11J  4J  1J  3J  8J 15J 13J  9J  6J  2J 14J 10J 12J
  1T   0   0   0   0   0   0   0   1   1   1   0   0   0   0   0
  2T   1   1   1   1   1   1   1   1   0   0   0   0   0   0   0
  3T   1   1   1   1   1   0   0   0   0   0   0   0   0   0   0
  4T   1   1   1   1   1   1   1   1   1   1   1   1   0   0   0
  5T   1   1   1   0   0   0   0   0   0   0   0   0   0   0   0
  6T   1   1   1   1   1   1   1   1   1   1   1   1   1   1   1
  7T   1   1   1   1   1   1   1   1   1   0   0   0   0   0   0
  8T   1   1   1   1   1   1   1   1   1   1   1   1   1   0   0
  9T   0   0   0   0   0   1   1   0   0   0   0   0   0   0   0
 10T   0   0   0   0   1   1   1   1   1   1   1   1   1   0   0
 11T   1   1   1   1   1   1   1   1   1   1   1   1   1   1   0
 12T   1   1   1   1   1   1   1   1   1   1   1   1   0   0   0
 13T   0   0   0   0   0   0   0   0   0   0   0   1   1   1   1
 14T   1   1   1   1   1   1   1   1   1   1   1   1   1   1   0
 15T   1   1   1   1   1   1   1   1   1   1   1   1   1   0   0
 16T   0   0   0   0   0   0   0   0   0   1   1   1   0   0   0
 17T   0   0   0   0   0   0   1   1   1   1   1   1   1   1   1
 18T   0   0   0   1   1   0   0   0   0   0   0   0   0   0   0
 19T   1   1   1   1   0   0   0   0   0   0   0   0   0   0   0
 20T   0   0   0   0   0   0   0   0   0   0   0   1   1   0   0
