Number of Tool Switches: 25 

Time elapsed: 1.124202 
Tool Sequence:
      3J 11J  5J  6J  8J  7J 13J 10J  4J  1J 12J  9J  2J 14J 15J
  1T   0   0   0   0   0   0   0   0   0   0   1   1   1   1   1
  2T   0   0   0   0   1   1   1   0   0   0   0   0   0   0   0
  3T   0   0   0   0   0   0   0   0   1   1   1   1   0   0   0
  4T   1   1   1   1   1   1   1   1   1   1   1   0   0   0   0
  5T   0   0   0   0   0   0   0   1   1   1   1   1   1   0   0
  6T   0   0   1   0   0   0   0   0   0   0   0   0   0   1   0
  7T   0   0   0   1   1   0   0   0   0   0   0   0   0   0   1
  8T   1   1   0   0   0   0   0   0   0   0   0   0   0   1   0
  9T   0   0   0   1   1   1   1   0   0   0   0   0   1   0   0
 10T   0   0   0   0   0   0   0   0   0   1   1   1   1   1   0
 11T   1   1   1   1   1   1   1   1   1   1   0   0   0   0   0
 12T   1   1   1   1   1   1   1   1   1   0   0   0   0   0   0
 13T   1   1   1   1   0   0   0   0   0   0   0   0   0   0   0
 14T   0   0   0   0   0   0   0   1   1   1   1   1   1   1   0
 15T   1   1   1   1   1   1   0   0   0   0   0   0   0   0   0
 16T   0   0   0   0   0   1   1   1   1   1   1   1   1   0   0
 17T   1   1   1   1   1   1   1   1   0   0   0   0   0   0   0
 18T   0   0   0   0   0   0   1   1   1   1   1   1   1   1   1
 19T   1   1   1   0   0   0   0   0   0   0   0   1   0   0   0
 20T   0   0   0   0   0   0   0   0   0   0   0   0   1   1   1
