Number of Tool Switches: 25 

Time elapsed: 0.008671 
Tool Sequence:
      4J  6J  8J  1J  7J 11J 16J 10J  3J 15J  5J 18J  9J 13J 14J 19J  2J 17J 20J 12J
  1T   1   1   1   1   1   1   1   1   0   0   0   0   0   0   0   1   1   1   1   0
  2T   0   0   0   0   0   0   0   0   1   1   1   1   1   1   1   1   1   1   1   1
  3T   0   0   0   0   0   0   1   1   1   1   1   1   1   0   0   0   0   1   1   1
  4T   1   1   1   1   1   1   0   0   0   0   0   0   0   1   1   1   1   1   1   1
  5T   1   1   1   1   1   1   0   0   1   1   1   1   1   1   1   1   1   1   1   1
  6T   1   1   1   1   1   1   0   0   0   0   0   1   1   1   1   1   1   1   1   1
  7T   0   0   0   0   0   0   1   1   1   1   1   1   1   1   1   1   1   1   1   0
  8T   0   0   0   0   0   0   1   1   1   1   1   1   1   0   0   0   0   0   0   1
  9T   1   1   1   1   1   1   1   1   1   1   1   1   1   1   1   1   1   1   1   1
 10T   1   1   1   1   1   1   1   1   1   1   1   0   0   0   0   0   0   0   0   0
 11T   0   0   0   0   0   0   0   0   0   1   1   1   1   1   1   1   1   1   1   1
 12T   1   1   1   1   1   1   1   1   0   0   0   1   1   1   1   1   1   0   0   0
 13T   1   1   1   1   1   1   1   1   1   1   1   1   1   1   1   1   1   1   0   0
 14T   1   1   1   1   1   1   1   1   1   1   1   0   0   1   1   0   0   0   0   1
 15T   1   1   1   1   1   1   1   1   1   0   0   0   0   0   0   0   0   0   1   1
