Number of Tool Switches: 17 

Time elapsed: 0.009394 
Tool Sequence:
      2J 14J  1J  4J 10J 15J  9J 18J 19J 11J 16J  6J 20J  3J 12J 17J  5J  7J  8J 13J
  1T   1   1   1   1   1   1   1   0   0   0   0   0   0   1   1   1   1   1   1   1
  2T   1   1   1   1   1   1   1   1   1   1   1   1   1   1   1   1   1   1   1   1
  3T   1   1   1   1   1   1   1   1   1   1   1   1   1   1   1   1   1   1   1   1
  4T   0   0   0   0   0   0   0   0   0   0   0   0   0   0   0   0   1   1   1   1
  5T   0   0   0   0   0   0   0   0   0   1   1   1   1   1   0   0   0   0   0   0
  6T   1   1   1   1   1   1   1   1   1   1   1   1   1   1   1   1   1   1   1   1
  7T   1   1   1   1   1   1   1   1   1   1   1   1   1   0   0   0   0   0   0   0
  8T   1   1   1   1   1   1   1   0   0   0   0   0   0   0   1   1   1   1   1   1
  9T   1   1   1   1   1   1   1   1   1   1   1   1   1   1   1   1   1   1   1   1
 10T   1   1   1   1   1   1   1   1   1   0   0   0   0   0   0   0   0   0   0   0
 11T   0   0   0   0   0   0   1   1   1   1   1   1   1   1   1   1   0   0   0   0
 12T   1   1   1   1   1   1   1   1   1   1   1   1   1   1   1   1   1   1   1   1
 13T   0   0   0   0   0   0   0   1   1   1   1   1   1   1   1   1   1   1   1   1
 14T   1   1   1   1   1   1   0   0   0   0   0   0   0   0   0   0   0   0   0   0
 15T   0   0   0   0   0   0   0   1   1   1   1   1   1   1   1   1   1   1   1   1
