Number of Tool Switches: 18 

Time elapsed: 0.009196 
Tool Sequence:
     13J  2J 12J  1J  4J  8J 10J 14J 16J  5J  9J 19J  6J  7J  3J 11J 15J 17J 18J 20J
  1T   0   0   0   0   0   0   0   0   0   0   0   0   0   0   0   1   1   1   1   1
  2T   1   1   1   1   1   1   1   1   1   0   0   0   0   0   0   0   0   0   0   1
  3T   1   1   1   1   1   1   1   1   1   1   1   1   1   1   1   1   1   1   1   1
  4T   1   1   1   1   1   0   0   0   0   0   0   0   0   0   0   0   0   0   0   0
  5T   0   0   0   0   0   0   0   1   1   1   1   1   1   1   1   1   1   1   1   1
  6T   1   1   1   1   1   1   1   1   1   1   1   1   1   1   1   1   1   1   1   1
  7T   0   0   0   0   0   1   1   1   1   1   1   1   1   1   1   1   1   1   1   1
  8T   1   1   1   1   1   1   1   1   1   1   1   1   1   1   1   1   1   1   1   1
  9T   1   1   1   1   1   1   1   0   0   0   0   0   1   1   1   1   1   1   1   1
 10T   0   0   0   0   0   1   1   1   1   1   1   1   1   1   1   1   1   1   1   1
 11T   1   1   1   1   1   0   0   0   0   0   0   0   0   0   0   0   0   1   1   1
 12T   1   1   1   1   1   1   1   1   1   1   1   1   0   0   0   0   0   0   0   0
 13T   0   0   0   0   0   0   0   0   0   1   1   1   1   1   1   1   1   1   1   0
 14T   1   1   1   1   1   1   1   1   1   1   1   1   1   1   1   1   1   0   0   0
 15T   1   1   1   1   1   1   1   1   1   1   1   1   1   1   1   0   0   0   0   0
