Number of Tool Switches: 30 

Time elapsed: 0.008508 
Tool Sequence:
      2J 14J 10J  4J  7J  6J 17J 13J 11J 18J  1J 15J  8J  3J 19J  9J  5J 16J 20J 12J
  1T   1   1   0   0   0   1   1   0   0   0   0   0   0   0   0   0   0   0   0   0
  2T   0   0   0   0   0   0   0   0   0   0   0   0   0   1   1   0   0   0   0   1
  3T   0   0   0   0   0   0   0   1   0   0   0   0   0   0   0   1   1   0   0   0
  4T   1   1   1   1   1   1   1   1   1   1   1   0   0   0   0   0   0   0   0   0
  5T   0   0   0   0   1   1   1   1   1   0   0   0   1   1   0   0   0   1   1   0
  6T   0   0   0   0   0   0   0   0   0   0   1   1   0   0   0   0   0   0   1   1
  7T   0   0   0   0   0   0   0   0   0   1   1   1   1   1   0   0   0   0   0   0
  8T   0   0   0   1   1   1   1   1   1   1   1   1   1   1   1   0   0   0   1   1
  9T   1   1   1   1   0   0   0   0   0   0   0   0   0   0   1   0   0   0   0   0
 10T   0   0   1   1   1   1   1   1   1   0   0   0   0   0   0   1   1   1   0   0
 11T   1   1   1   0   0   0   0   0   0   0   0   1   1   1   1   1   1   0   0   0
 12T   0   0   0   0   0   0   0   0   0   0   1   1   1   0   0   1   1   1   1   1
 13T   0   0   1   1   1   0   0   0   0   1   0   0   0   0   0   0   0   0   0   1
 14T   1   1   0   0   0   0   0   0   0   0   0   0   0   0   0   0   0   1   1   0
 15T   0   0   0   0   0   0   0   0   1   1   0   0   0   0   1   1   1   1   0   0
