Number of Tool Switches: 31 

Time elapsed: 0.012903 
Tool Sequence:
      7J 16J  9J 12J  5J  1J 15J 17J 19J  3J 18J  6J  4J 20J 10J 13J  8J 11J  2J 14J
  1T   1   1   1   1   1   1   1   1   1   1   1   1   1   1   1   1   0   0   0   0
  2T   0   0   0   0   0   0   1   1   1   0   0   0   0   0   0   0   0   1   1   1
  3T   0   0   0   0   0   0   0   0   0   0   0   0   0   1   1   1   1   1   1   1
  4T   1   1   1   1   1   1   1   1   1   1   1   1   1   1   1   1   1   1   1   1
  5T   1   1   1   1   1   1   1   1   1   1   1   1   1   1   1   1   1   1   1   1
  6T   1   1   1   1   1   1   1   1   1   1   1   1   1   1   1   1   1   1   1   1
  7T   0   0   0   0   0   0   0   0   0   0   0   0   0   1   1   1   1   1   1   1
  8T   1   1   1   1   1   1   1   1   1   1   1   1   1   0   0   0   0   0   1   1
  9T   1   1   1   1   1   1   1   1   1   1   1   1   1   1   1   1   1   0   0   0
 10T   1   1   1   1   1   1   1   1   0   0   0   0   0   0   0   0   1   1   1   1
 11T   1   1   1   1   1   1   1   1   1   1   1   1   1   1   1   1   1   1   1   1
 12T   1   1   1   1   1   1   1   1   1   1   1   1   1   1   1   1   1   1   1   1
 13T   1   1   1   1   1   1   1   1   1   1   1   1   1   0   0   0   0   0   0   0
 14T   0   0   0   0   0   0   0   0   0   1   1   1   1   1   1   1   1   1   1   1
 15T   1   1   1   1   1   1   1   1   1   1   1   1   1   1   1   1   1   1   0   0
 16T   1   1   1   1   1   1   1   1   1   1   1   1   1   1   1   1   1   1   1   1
 17T   1   1   1   1   1   1   1   1   1   1   1   1   1   1   1   1   1   1   1   1
 18T   1   1   1   1   1   1   1   1   1   1   1   1   1   1   1   1   1   1   1   1
 19T   1   1   1   1   1   1   1   1   1   1   1   1   1   1   1   1   1   1   1   1
 20T   0   0   0   0   0   0   0   0   1   1   1   1   1   1   1   1   1   1   1   1
 21T   1   1   1   1   1   1   1   1   1   1   0   0   0   0   0   0   1   1   1   1
 22T   1   1   1   1   1   1   0   0   0   0   1   1   1   1   1   1   0   0   0   1
 23T   1   1   1   1   1   1   1   1   1   1   1   1   1   1   1   1   1   1   1   1
 24T   1   1   1   1   1   1   1   1   1   1   1   1   1   1   1   1   1   1   1   0
 25T   1   1   1   1   1   1   1   1   1   1   1   1   1   1   1   1   1   1   1   1
