Number of Tool Switches: 26 

Time elapsed: 0.014808 
Tool Sequence:
      8J 11J  4J  1J  5J 12J 13J 14J 15J 18J 16J 19J  2J  9J  3J 10J  6J  7J 17J 20J
  1T   1   1   1   1   1   1   1   1   1   1   1   1   1   1   1   1   1   1   1   1
  2T   0   0   0   0   0   0   0   0   0   0   0   0   0   0   0   0   0   1   1   1
  3T   0   0   0   0   0   0   0   0   0   0   0   0   0   0   1   1   1   1   1   1
  4T   1   1   1   1   1   1   1   1   1   0   0   0   0   0   0   0   0   0   0   0
  5T   0   0   0   0   0   0   0   1   1   1   1   1   1   1   1   1   1   1   1   1
  6T   1   1   1   1   1   1   1   1   1   1   1   1   1   1   1   1   1   1   1   1
  7T   1   1   1   1   1   1   1   1   1   1   1   1   1   1   1   1   1   1   1   1
  8T   1   1   1   1   1   1   1   1   1   1   1   1   1   1   1   1   1   1   1   1
  9T   0   0   0   0   0   0   0   0   0   0   0   0   0   1   1   1   1   1   1   1
 10T   0   0   0   0   0   0   0   0   0   1   1   1   1   1   1   0   0   0   0   0
 11T   0   0   0   0   0   0   0   0   0   0   0   0   0   0   0   0   0   0   0   1
 12T   1   1   1   1   1   1   0   0   0   0   0   0   0   0   0   0   0   0   0   0
 13T   1   1   1   1   1   1   1   1   1   0   0   0   0   0   0   0   0   0   0   0
 14T   1   1   1   1   1   1   1   1   1   1   1   1   1   1   1   1   1   1   1   1
 15T   1   1   1   1   1   1   1   1   1   1   1   1   1   1   1   1   1   0   0   0
 16T   1   1   1   1   1   1   1   0   0   0   0   0   0   0   0   0   0   1   1   1
 17T   0   0   0   0   0   0   0   0   0   1   1   1   1   1   1   1   1   1   1   1
 18T   1   1   1   1   1   1   1   1   1   1   1   1   0   0   0   0   0   0   0   0
 19T   1   1   1   1   1   1   1   1   1   1   1   1   1   1   1   1   1   1   1   1
 20T   1   1   1   1   1   1   1   1   1   1   1   1   1   1   0   0   0   0   0   0
 21T   0   0   0   0   0   0   0   0   0   0   0   0   0   0   0   1   1   1   1   1
 22T   0   0   0   0   0   0   0   0   0   0   0   0   1   0   0   0   0   0   0   0
 23T   1   1   1   1   1   1   1   1   1   1   1   1   1   1   1   1   1   1   1   0
 24T   0   0   0   0   0   0   1   1   1   1   1   1   1   1   1   1   1   1   1   1
 25T   1   1   1   1   1   1   1   1   1   1   1   1   1   1   1   1   1   0   0   0
