Number of Tool Switches: 31 

Time elapsed: 0.007807 
Tool Sequence:
      5J  7J 14J 16J  2J  3J  4J 10J 11J  8J 18J  6J  1J 19J 12J 15J  9J 20J 17J 13J
  1T   0   0   0   1   0   0   0   0   0   0   0   0   0   1   1   1   0   0   0   0
  2T   1   1   1   0   0   0   0   0   0   1   1   1   1   1   0   0   0   0   0   0
  3T   1   1   1   1   1   1   1   1   1   1   0   0   0   0   0   0   0   0   1   1
  4T   0   0   0   0   0   0   0   0   1   1   0   0   0   0   1   1   0   0   0   0
  5T   0   0   0   0   0   0   0   1   1   1   1   1   0   0   0   0   1   1   1   1
  6T   0   0   0   0   1   1   1   1   0   0   0   1   1   0   0   0   1   0   0   0
  7T   1   1   1   1   1   1   1   1   1   0   0   0   0   0   0   0   0   0   0   0
  8T   0   0   0   0   0   0   0   0   1   1   1   1   1   1   0   0   0   0   0   0
  9T   0   0   0   0   0   0   0   0   0   0   0   0   0   0   1   0   0   0   0   1
 10T   0   0   0   0   0   0   0   0   0   0   0   0   1   1   1   1   1   1   1   0
 11T   0   0   0   0   1   0   0   0   0   0   1   0   0   0   0   0   0   0   1   0
 12T   0   0   0   0   0   1   1   0   0   0   0   0   0   0   0   1   1   1   1   1
 13T   1   1   1   1   1   1   1   0   0   0   0   0   0   1   0   0   0   1   0   0
 14T   0   0   0   0   0   0   0   0   0   0   1   1   1   0   1   1   1   1   0   0
 15T   1   1   1   1   0   0   0   1   0   0   0   0   0   0   0   0   0   0   0   1
