Number of Tool Switches: 35 

Time elapsed: 0.013448 
Tool Sequence:
     19J 15J 11J 20J  2J 13J  6J  8J  7J  4J 12J 10J  3J 18J  1J 17J  5J  9J 14J 16J
  1T   1   1   1   1   1   1   1   1   1   1   1   1   1   1   1   1   1   1   0   0
  2T   1   1   1   1   1   1   1   1   1   1   1   0   0   0   0   0   0   0   0   0
  3T   0   0   0   0   0   0   0   0   0   0   0   0   0   1   1   1   1   1   1   1
  4T   1   1   1   1   1   1   1   1   1   1   1   1   1   1   1   1   1   1   1   1
  5T   1   1   1   1   1   0   0   0   0   0   0   0   0   0   1   1   1   1   1   1
  6T   1   1   1   1   1   1   1   1   1   1   0   0   0   0   0   0   0   0   0   0
  7T   1   1   1   1   1   1   0   0   0   0   0   0   1   1   0   0   0   0   0   0
  8T   1   1   1   0   0   0   0   0   0   0   0   1   1   1   1   1   1   1   1   1
  9T   0   0   0   0   0   0   1   1   1   1   1   0   0   0   0   0   0   0   0   0
 10T   0   0   0   0   0   0   0   0   0   0   0   0   0   1   1   1   1   1   1   1
 11T   1   1   1   1   1   1   1   1   1   1   1   1   1   0   0   0   0   0   0   0
 12T   0   0   0   0   0   0   0   0   1   1   1   1   1   1   1   0   0   0   0   0
 13T   0   0   0   0   0   0   0   1   1   1   1   1   1   1   1   1   1   1   0   0
 14T   0   0   0   0   0   0   0   0   1   1   1   1   1   1   1   1   1   1   1   1
 15T   0   0   0   1   1   1   1   1   0   0   0   0   0   0   0   1   1   1   1   1
 16T   0   0   0   0   0   1   1   1   1   1   1   1   1   1   1   1   1   1   1   1
 17T   0   0   0   0   0   0   1   1   1   1   1   1   1   1   1   1   1   1   1   1
 18T   1   1   1   1   1   1   1   1   0   0   0   0   0   0   0   1   1   1   1   1
 19T   1   1   1   1   1   1   1   1   1   1   1   1   1   0   0   0   0   0   1   1
 20T   1   1   1   1   1   1   1   1   1   1   1   1   1   1   1   1   1   1   1   1
 21T   1   1   0   0   0   0   0   0   0   1   1   1   0   0   0   0   0   0   1   1
 22T   1   1   1   1   1   1   1   0   0   0   1   1   1   1   1   0   0   0   0   0
 23T   1   1   1   1   1   1   1   1   1   1   1   1   1   1   1   1   1   1   1   1
 24T   0   0   1   1   1   1   0   0   0   0   0   1   1   1   1   1   1   1   1   1
 25T   1   1   1   1   1   1   1   1   1   0   0   0   0   0   0   0   0   0   0   0
