Number of Tool Switches: 25 

Time elapsed: 0.011570 
Tool Sequence:
      4J 12J 14J  8J 13J  5J  2J 20J  1J 15J 10J 19J  7J 17J 11J  3J 18J  9J  6J 16J
  1T   0   0   0   0   0   0   1   1   1   1   1   1   1   1   1   1   1   1   1   1
  2T   1   1   1   1   1   1   1   1   1   1   1   1   1   1   1   1   1   1   1   1
  3T   1   1   1   1   1   1   1   1   1   1   1   1   1   0   0   0   0   0   0   0
  4T   0   0   0   0   0   0   0   0   0   1   1   1   1   1   1   1   1   1   1   1
  5T   1   1   1   1   1   1   1   1   1   1   1   1   1   1   1   1   1   1   1   1
  6T   0   0   0   0   0   1   1   1   1   1   1   1   1   1   1   1   1   1   1   1
  7T   1   1   1   1   1   1   1   1   1   1   1   1   1   1   1   1   1   1   1   1
  8T   1   1   1   1   1   1   0   0   0   0   0   1   1   1   0   0   0   0   0   0
  9T   1   1   1   1   1   1   1   1   1   1   1   1   1   1   1   1   1   1   1   1
 10T   1   1   1   1   1   1   1   1   1   1   1   1   1   1   1   1   1   1   1   1
 11T   1   1   1   1   1   1   1   1   1   1   1   0   0   0   0   0   0   0   1   1
 12T   0   0   0   0   0   0   0   0   0   0   0   0   0   0   1   1   1   1   1   1
 13T   1   1   1   1   1   1   1   1   1   1   1   1   1   1   0   0   0   0   0   1
 14T   1   1   1   1   1   1   1   1   0   0   0   0   0   0   1   1   1   1   1   1
 15T   1   1   1   1   1   1   1   1   1   1   1   1   1   1   1   1   1   1   0   0
 16T   1   1   1   1   1   1   1   1   1   1   1   1   1   1   1   1   1   1   1   1
 17T   1   1   1   1   1   1   1   1   1   1   1   1   1   1   1   1   1   1   1   1
 18T   1   1   1   1   1   1   1   1   1   1   1   1   1   1   1   1   1   1   1   1
 19T   1   1   1   1   1   0   0   0   0   0   0   0   0   1   1   1   1   1   1   0
 20T   0   0   0   0   0   0   0   0   1   0   0   0   0   0   0   0   0   0   0   0
