Number of Tool Switches: 33 

Time elapsed: 0.013473 
Tool Sequence:
      2J 19J 20J 16J  1J 12J 11J 15J  5J  3J  6J 13J  9J  7J  4J 17J  8J 18J 10J 14J
  1T   1   1   1   1   1   1   1   1   1   1   1   1   1   1   1   1   1   1   1   1
  2T   1   1   1   1   1   1   1   1   1   1   1   1   1   1   1   1   1   1   1   1
  3T   1   1   1   1   0   0   0   0   0   0   0   0   0   0   0   0   0   0   0   0
  4T   1   1   1   1   1   1   1   1   0   0   0   0   0   0   1   1   1   1   1   1
  5T   1   1   1   1   1   1   1   1   1   1   1   1   0   0   0   0   1   1   1   1
  6T   1   1   1   1   1   1   1   0   0   0   0   0   0   1   1   1   0   0   0   0
  7T   0   0   0   0   0   0   0   1   1   1   1   1   1   1   1   1   1   0   0   0
  8T   0   0   0   0   0   0   0   1   1   1   1   1   1   1   1   1   1   1   1   1
  9T   1   1   1   1   1   1   1   1   1   1   1   1   1   1   1   1   1   1   1   1
 10T   0   0   0   0   1   1   1   1   1   1   1   1   1   0   0   0   0   0   0   0
 11T   0   0   0   0   0   0   1   1   1   1   1   0   0   0   0   0   0   0   1   1
 12T   0   0   0   0   0   0   0   0   1   1   1   1   1   1   1   1   0   0   0   0
 13T   1   1   1   1   1   1   0   0   0   0   0   1   1   1   1   1   1   1   1   1
 14T   1   1   1   1   1   1   1   1   1   1   0   0   0   0   0   0   0   1   1   1
 15T   1   1   1   1   1   1   1   1   1   0   0   0   0   0   0   0   1   1   1   1
 16T   0   0   0   0   0   0   0   0   0   0   1   1   1   1   1   1   1   1   1   1
 17T   0   0   0   0   0   0   0   0   0   1   1   1   1   1   1   1   1   1   1   1
 18T   0   0   0   0   1   1   1   1   1   1   1   1   1   1   1   1   1   1   1   1
 19T   1   1   1   1   1   1   0   0   0   0   0   0   1   1   1   1   1   1   1   1
 20T   1   1   1   1   1   1   1   1   1   1   1   1   1   1   0   0   0   0   0   0
 21T   1   1   1   1   0   0   0   0   0   0   0   0   0   0   0   0   0   0   0   0
 22T   0   0   0   0   0   0   0   0   0   0   0   0   0   0   0   1   1   1   1   1
 23T   1   1   1   1   1   1   1   1   1   1   1   1   1   1   1   1   1   1   0   0
 24T   1   1   1   1   1   1   1   1   1   1   1   1   1   1   1   0   0   0   0   0
 25T   0   0   0   0   0   0   1   0   0   0   0   0   0   0   0   0   0   0   0   0
