Number of Tool Switches: 29 

Time elapsed: 0.008788 
Tool Sequence:
      3J  5J 18J  2J  9J  6J 19J  7J 17J 11J 13J 20J 12J  4J 15J  1J  8J 14J 16J 10J
  1T   1   1   1   0   0   0   0   0   0   0   1   1   0   0   0   0   0   0   0   0
  2T   1   1   1   1   1   1   0   0   0   0   0   1   1   1   0   0   0   0   0   0
  3T   0   0   0   0   0   0   1   1   0   0   0   0   0   1   1   1   1   1   1   1
  4T   0   0   0   1   1   1   1   1   1   0   0   0   1   0   0   0   0   1   0   0
  5T   0   0   0   1   0   0   0   0   1   1   1   1   0   0   0   1   1   0   0   0
  6T   1   1   1   0   0   0   0   1   1   0   0   0   0   0   0   0   0   0   0   0
  7T   1   1   1   1   1   1   1   1   1   1   0   0   0   0   0   0   0   0   0   0
  8T   0   0   1   1   1   1   0   0   0   0   0   0   0   0   0   0   1   0   0   0
  9T   0   0   0   0   0   0   0   0   0   1   0   0   0   0   0   0   0   1   1   1
 10T   1   1   0   0   0   0   0   0   0   0   0   0   0   0   1   1   1   1   1   1
 11T   0   0   0   0   0   0   0   0   0   0   0   0   1   1   1   1   0   0   0   0
 12T   0   0   0   0   0   1   1   1   1   1   1   1   1   1   1   0   0   0   0   0
 13T   0   0   0   0   0   0   1   0   0   1   1   1   1   1   1   1   1   1   1   0
 14T   0   0   0   0   0   0   0   0   0   0   1   0   0   0   0   0   0   0   1   1
 15T   0   0   0   0   1   0   0   0   0   0   0   0   0   0   0   0   0   0   0   1
