Number of Tool Switches: 29 

Time elapsed: 0.013566 
Tool Sequence:
      3J  6J 13J  7J  9J 11J  2J  5J 14J  1J 12J 15J  4J 17J 18J  8J 10J 16J 19J 20J
  1T   0   0   0   0   0   0   0   0   0   0   0   0   0   0   0   0   0   0   1   1
  2T   0   0   0   1   1   1   1   1   1   1   1   1   1   1   1   1   1   1   1   1
  3T   1   1   1   1   1   1   1   1   0   0   0   0   0   0   0   0   0   0   0   0
  4T   0   0   0   0   0   0   1   1   1   1   1   1   1   1   1   1   1   1   1   1
  5T   0   0   0   0   0   0   0   0   0   0   0   0   1   1   1   1   1   0   0   0
  6T   0   0   0   0   0   1   1   0   0   0   0   0   0   0   0   0   0   0   0   0
  7T   0   0   0   0   0   0   0   0   0   0   0   1   1   1   1   0   0   0   0   0
  8T   1   1   1   1   1   1   1   1   1   1   1   1   1   1   1   1   1   1   1   1
  9T   0   0   0   0   1   1   1   1   1   1   1   1   1   1   0   0   0   0   0   0
 10T   0   0   0   0   0   0   0   0   0   1   1   1   1   1   1   1   1   1   1   1
 11T   0   0   1   0   0   0   0   0   0   0   0   0   0   0   0   0   0   1   1   1
 12T   0   0   1   1   1   1   1   1   1   0   0   0   0   0   0   0   0   0   0   0
 13T   0   0   0   0   0   0   0   1   1   1   1   1   1   1   1   1   1   1   1   1
 14T   0   0   0   0   0   0   0   0   0   0   1   1   1   1   1   1   1   1   1   1
 15T   0   0   0   0   1   0   0   0   0   0   0   0   0   0   1   1   1   1   0   0
 16T   1   1   0   0   0   0   0   0   0   0   0   0   0   0   0   1   1   1   1   1
 17T   1   1   1   1   1   1   1   1   1   1   1   0   0   0   0   0   0   0   0   0
 18T   0   0   0   0   0   0   0   0   1   1   1   1   1   1   1   1   1   1   1   0
 19T   1   1   1   1   0   0   0   0   0   0   0   0   0   0   0   0   0   0   0   0
 20T   1   1   0   0   0   0   0   0   0   0   0   0   0   0   0   0   0   0   0   0
 21T   1   1   1   1   0   0   0   0   0   0   0   1   0   0   0   0   0   0   0   0
 22T   1   1   1   1   1   1   0   0   0   0   0   0   0   0   0   0   0   0   0   0
 23T   1   1   1   1   1   1   1   1   1   1   1   0   0   0   0   0   0   0   0   0
 24T   0   0   0   0   0   0   0   0   0   0   0   0   0   0   0   0   0   0   0   1
 25T   1   1   1   1   1   1   1   1   1   1   0   0   0   0   0   0   0   0   0   0
