Number of Tool Switches: 25 

Time elapsed: 0.012114 
Tool Sequence:
      2J 17J  4J 10J  5J 11J 18J  7J 14J  3J 16J  8J 13J  9J 12J  6J 19J  1J 15J 20J
  1T   1   1   1   1   1   1   1   1   1   1   1   1   1   1   1   1   1   1   1   1
  2T   0   0   0   0   0   0   1   1   1   1   1   1   1   1   1   1   1   0   0   0
  3T   1   1   1   1   1   1   1   1   1   1   1   1   1   1   1   1   1   1   1   1
  4T   0   0   0   0   0   0   0   0   0   1   1   1   1   1   1   1   1   1   1   1
  5T   1   1   1   1   1   1   0   0   0   0   0   0   1   1   1   1   1   1   1   1
  6T   1   1   1   1   1   1   1   1   1   0   0   0   0   0   1   1   1   1   1   1
  7T   0   0   0   0   0   0   0   0   0   0   1   1   1   1   1   1   1   1   1   1
  8T   1   1   1   1   1   1   1   1   0   0   0   0   0   0   0   0   0   1   1   1
  9T   1   1   1   1   1   1   1   1   1   1   1   1   1   1   1   0   0   0   0   0
 10T   1   1   1   1   1   1   1   1   1   1   1   1   1   1   1   1   1   0   0   0
 11T   1   1   1   1   1   1   1   1   1   1   1   1   1   1   1   1   1   1   1   1
 12T   0   0   0   0   0   0   0   0   1   1   1   1   0   0   0   0   0   0   0   0
 13T   1   1   1   1   1   1   1   1   1   1   1   1   1   1   0   0   0   0   0   0
 14T   0   0   0   0   0   0   0   0   0   1   1   1   1   1   1   1   1   1   1   1
 15T   1   1   1   1   1   1   1   1   1   1   0   0   0   0   0   0   0   1   1   1
 16T   1   1   1   1   1   1   1   1   1   0   0   0   0   0   0   1   1   1   1   1
 17T   1   1   1   1   1   1   1   1   1   1   1   1   1   1   1   1   1   1   1   1
 18T   1   1   1   1   1   1   1   1   1   1   1   1   1   1   1   1   1   1   1   1
 19T   1   1   1   1   1   1   1   1   1   1   1   1   1   1   1   1   1   1   1   1
 20T   1   1   1   1   1   1   1   1   1   1   1   1   1   1   1   1   1   1   1   1
