Number of Tool Switches: 34 

Time elapsed: 0.009204 
Tool Sequence:
      7J  8J 20J  9J 12J 10J 15J 16J 18J  1J  3J 14J 11J 13J  5J 17J  4J  6J  2J 19J
  1T   1   1   1   0   0   0   0   0   0   0   0   0   1   0   0   0   0   1   1   0
  2T   0   0   1   1   0   0   0   0   0   0   1   0   0   0   0   0   0   1   1   1
  3T   0   0   0   0   0   0   0   0   0   1   1   1   1   0   0   0   1   1   0   0
  4T   0   0   0   1   1   1   1   1   1   1   1   1   0   0   0   0   0   0   0   0
  5T   1   1   0   0   0   0   0   0   0   0   0   0   0   0   0   0   0   0   0   0
  6T   0   0   1   1   1   1   1   1   1   0   0   1   1   1   1   1   0   0   0   0
  7T   0   0   0   0   0   0   0   0   0   1   0   0   0   0   0   1   1   0   0   0
  8T   1   1   1   1   0   0   0   0   0   0   0   0   0   1   0   0   0   0   0   0
  9T   0   0   0   0   1   0   0   0   0   0   0   0   0   0   0   0   0   0   0   1
 10T   1   1   0   0   0   0   0   0   0   0   0   0   0   0   1   0   0   0   0   0
 11T   0   0   0   0   0   0   0   0   0   0   1   1   1   1   1   1   1   1   1   0
 12T   0   0   0   0   0   0   0   0   0   0   1   1   0   0   0   0   0   0   0   0
 13T   0   0   0   0   0   0   0   0   1   1   0   0   0   0   0   0   0   0   0   0
 14T   0   0   0   0   0   0   0   0   0   0   0   0   1   1   1   1   0   0   0   0
 15T   0   0   0   0   0   0   1   1   1   1   0   0   0   0   0   0   0   0   0   0
 16T   0   0   0   0   0   0   0   0   0   0   0   0   0   0   0   0   0   0   1   1
 17T   1   1   1   0   0   1   1   0   0   0   0   0   0   0   0   0   1   1   1   1
 18T   0   0   0   0   1   1   0   0   0   0   0   0   0   1   1   1   1   0   0   0
 19T   0   0   0   1   1   1   1   1   1   0   0   0   0   0   0   0   0   0   0   0
 20T   0   0   0   0   0   0   0   1   0   0   0   0   0   0   0   0   0   0   0   1
