Number of Tool Switches: 21 

Time elapsed: 0.010627 
Tool Sequence:
      2J  5J  8J 13J  3J  7J 14J 17J 18J 20J 11J 15J  9J 16J 19J  1J 12J  4J  6J 10J
  1T   0   0   0   0   0   0   0   0   0   1   1   1   1   1   1   1   1   1   1   1
  2T   0   0   0   0   0   0   0   0   0   0   0   0   0   0   0   0   1   1   1   1
  3T   1   1   1   1   1   1   1   1   1   1   1   1   1   1   1   1   1   1   1   1
  4T   0   0   0   0   0   0   0   0   0   0   0   1   1   1   1   1   0   0   0   0
  5T   1   1   1   1   1   1   1   1   1   1   1   1   1   0   0   0   0   0   0   0
  6T   1   1   1   1   1   1   1   1   1   1   1   1   1   1   1   1   1   1   1   1
  7T   1   1   1   1   1   1   1   1   1   1   1   0   0   0   0   0   0   0   0   0
  8T   1   1   1   1   1   1   1   1   1   0   0   0   0   0   0   0   0   0   0   0
  9T   0   0   0   0   0   0   0   0   0   0   0   0   1   1   1   1   1   1   1   1
 10T   1   1   1   1   1   1   1   1   1   1   1   1   1   1   1   1   1   1   1   1
 11T   1   1   1   1   1   1   1   1   0   0   0   0   0   0   0   0   0   0   0   0
 12T   1   1   1   1   1   1   1   1   1   1   1   1   1   1   1   1   1   1   0   0
 13T   0   0   0   0   0   0   0   0   0   1   1   1   1   1   1   1   1   1   1   1
 14T   1   1   1   1   1   1   1   1   1   1   1   0   0   0   0   0   0   0   0   0
 15T   0   0   0   0   0   0   0   0   1   1   1   1   0   0   0   0   0   0   0   0
 16T   1   1   1   1   1   1   1   1   1   0   0   0   0   0   0   0   0   0   1   1
 17T   0   0   0   0   0   0   0   0   0   0   0   0   0   0   0   1   1   1   1   1
 18T   0   0   0   0   0   0   0   0   0   0   0   0   0   0   0   0   1   1   1   1
 19T   0   0   0   0   0   0   0   0   0   0   0   0   0   1   1   0   0   0   0   0
 20T   0   0   0   0   0   0   0   0   0   0   0   1   1   1   1   1   0   0   0   0
