Number of Tool Switches: 63 

Time elapsed: 0.017603 
Tool Sequence:
     11J 16J  6J  4J  8J  5J 13J  3J 15J 12J 18J 17J 19J 10J 20J  1J 14J  9J  7J  2J
  1T   1   1   1   1   1   1   1   1   1   1   1   1   1   1   1   1   1   1   1   0
  2T   1   1   1   1   1   1   1   1   0   0   1   1   0   0   0   0   0   0   0   1
  3T   1   1   1   1   1   0   0   0   0   1   0   0   1   1   1   1   1   1   1   1
  4T   1   1   1   1   0   0   0   0   1   0   0   1   1   1   1   1   1   0   0   0
  5T   1   1   1   1   1   1   1   1   1   1   1   1   1   1   1   0   0   0   0   0
  6T   1   1   1   1   0   0   0   1   1   1   1   1   1   1   1   1   0   0   0   0
  7T   0   0   0   1   0   0   0   0   0   0   0   0   0   1   1   1   1   1   1   0
  8T   1   1   1   0   0   1   0   0   0   1   1   0   0   0   0   0   0   0   1   1
  9T   1   1   1   0   0   1   1   0   1   0   0   0   0   0   0   0   0   1   1   1
 10T   0   0   1   1   1   1   1   1   1   0   0   0   0   0   0   1   0   0   0   0
 11T   1   1   1   1   1   1   1   0   0   0   1   1   1   1   0   0   0   0   0   1
 12T   0   0   0   0   1   1   1   1   1   1   1   1   0   0   0   0   1   0   0   0
 13T   1   1   1   1   1   1   1   1   0   0   0   0   0   1   1   0   0   1   1   1
 14T   1   1   1   1   1   1   1   1   1   1   1   1   1   1   0   0   0   0   1   1
 15T   0   0   0   1   1   1   1   1   1   1   0   0   0   0   1   1   1   1   1   1
 16T   0   0   0   0   0   1   1   1   1   1   1   1   1   0   0   0   1   1   1   1
 17T   1   1   0   0   0   0   1   0   0   1   1   0   1   1   1   1   1   1   1   0
 18T   0   0   0   0   0   0   0   1   1   1   1   1   1   0   0   1   1   1   1   1
 19T   1   1   1   1   1   0   0   0   0   0   0   0   0   0   0   1   1   1   0   1
 20T   0   0   0   1   1   1   0   0   0   0   0   1   1   1   1   1   1   1   0   0
 21T   1   1   1   0   0   0   0   1   1   1   1   1   1   1   1   1   1   1   1   1
 22T   0   0   0   0   0   0   1   1   1   1   1   1   1   1   1   1   1   1   1   1
 23T   0   0   0   1   1   1   1   0   1   1   1   1   0   0   1   0   0   1   1   0
 24T   1   1   1   0   1   0   0   1   0   0   0   0   1   1   1   1   1   0   0   1
 25T   0   0   0   0   1   1   1   1   1   1   1   1   1   1   1   1   1   1   1   1
