Number of Tool Switches: 26 

Time elapsed: 0.011323 
Tool Sequence:
      2J 13J 11J 12J 17J  1J  9J  6J  8J 15J 19J 20J  4J 14J  7J 18J  5J  3J 10J 16J
  1T   1   1   1   1   1   1   1   1   1   1   1   1   1   1   1   1   1   1   1   1
  2T   1   1   1   1   1   1   1   1   0   0   0   0   0   0   0   1   1   1   1   1
  3T   1   1   1   1   1   1   0   0   0   0   0   0   0   0   0   1   1   1   1   1
  4T   1   1   1   1   1   1   1   1   1   1   1   1   1   1   1   1   1   1   1   1
  5T   0   0   0   0   0   0   0   0   1   1   1   1   1   1   1   1   1   1   1   1
  6T   0   0   0   0   0   0   0   1   1   1   1   1   0   0   0   0   0   0   0   0
  7T   1   1   1   1   1   1   1   1   1   1   1   1   1   1   1   1   1   0   0   0
  8T   1   1   1   1   1   1   1   1   1   1   1   1   1   1   1   1   1   1   1   1
  9T   1   1   1   1   1   1   1   1   1   1   1   1   1   1   0   0   0   0   0   0
 10T   1   1   1   1   1   1   1   1   1   1   1   1   1   1   1   0   0   0   0   1
 11T   0   0   0   0   0   0   0   0   0   0   0   0   1   1   1   1   1   1   1   1
 12T   1   1   1   1   1   1   1   1   1   1   1   1   1   1   1   1   1   1   1   1
 13T   1   1   1   1   1   1   1   1   0   0   0   0   0   0   1   1   1   1   1   1
 14T   1   1   1   1   1   1   1   1   1   1   1   1   1   1   1   1   1   1   1   1
 15T   1   1   1   1   1   1   1   1   1   1   1   1   1   1   1   1   1   1   1   1
 16T   1   1   1   1   1   1   1   1   1   1   0   0   0   0   0   0   0   1   1   1
 17T   1   1   1   1   1   1   1   1   1   1   1   1   1   1   1   1   1   1   1   0
 18T   1   1   1   1   1   1   1   0   0   0   1   1   1   1   1   0   0   0   0   0
 19T   0   0   0   0   0   0   1   1   1   1   1   1   1   1   1   1   1   1   1   1
 20T   0   0   0   0   0   0   0   0   1   1   1   1   1   1   1   1   1   1   1   1
