Number of Tool Switches: 31 

Time elapsed: 0.014380 
Tool Sequence:
     19J 12J 15J 13J  8J  3J  5J 18J  4J 20J  1J  9J  6J 17J  2J  7J 10J 11J 14J 16J
  1T   1   1   1   1   1   1   1   1   1   1   1   1   1   1   1   1   1   1   1   1
  2T   0   0   0   0   0   0   0   0   0   0   1   1   1   1   1   1   1   1   1   1
  3T   0   0   0   0   0   0   0   0   1   1   1   1   1   1   1   1   1   1   1   1
  4T   1   1   1   1   1   1   1   1   1   1   1   1   1   1   1   1   1   0   0   0
  5T   1   1   1   1   1   1   1   1   1   1   1   1   1   1   1   1   1   1   1   1
  6T   1   1   1   1   0   0   0   0   0   0   0   0   1   1   1   1   1   1   1   1
  7T   1   1   1   1   1   1   1   1   1   1   1   1   1   1   1   1   1   1   1   1
  8T   1   1   1   1   1   1   1   1   1   1   1   0   0   0   0   0   0   0   0   0
  9T   0   0   0   0   0   1   1   1   0   0   0   0   0   0   0   0   0   1   1   1
 10T   0   0   0   0   1   1   0   0   0   0   0   0   0   0   0   1   1   1   1   1
 11T   1   1   1   1   1   1   1   1   1   1   1   1   1   1   1   1   1   1   1   1
 12T   1   1   1   1   0   0   0   0   0   0   0   0   0   0   0   0   0   0   0   1
 13T   0   0   0   0   0   0   0   0   0   0   0   1   1   1   1   1   1   1   1   1
 14T   1   1   1   1   1   1   1   1   1   0   0   0   0   0   0   0   1   0   0   0
 15T   1   1   1   1   1   1   1   1   1   1   1   1   1   1   1   0   0   0   0   0
 16T   1   1   1   1   1   1   1   1   1   1   1   1   0   0   0   0   0   0   0   0
 17T   1   1   1   1   1   1   1   1   0   0   0   0   0   0   0   0   0   0   0   0
 18T   1   1   1   1   1   1   1   1   1   1   1   1   1   1   1   1   1   1   1   1
 19T   1   1   1   1   1   1   1   1   1   1   0   0   0   0   0   0   0   0   0   0
 20T   0   0   0   0   1   1   1   1   1   1   1   1   1   1   1   1   1   1   1   1
 21T   0   0   0   0   0   0   0   0   0   1   1   1   1   1   1   1   0   0   0   0
 22T   0   0   0   0   0   0   0   0   0   0   1   1   1   1   1   1   1   1   1   1
 23T   0   0   0   0   0   0   0   0   1   1   1   1   1   1   1   1   1   1   1   0
 24T   1   1   1   1   1   0   0   0   0   0   0   0   0   0   0   0   0   1   1   1
 25T   0   0   0   0   0   0   1   1   1   1   0   0   0   0   0   0   0   0   0   0
