Number of Tool Switches: 36 

Time elapsed: 0.006125 
Tool Sequence:
      6J  7J  9J  8J 14J 16J 12J 18J 19J  3J  5J 17J  1J 13J  2J  4J 15J 20J 11J 10J
  1T   1   0   0   0   0   0   0   0   0   0   0   0   1   1   1   1   1   0   0   0
  2T   0   0   1   1   1   1   1   1   1   1   1   1   0   0   1   1   1   1   1   0
  3T   0   0   0   0   0   0   0   0   0   1   1   1   1   1   0   0   0   1   1   1
  4T   0   1   0   0   0   1   0   0   0   0   1   1   0   0   0   0   0   0   0   0
  5T   1   1   1   1   1   1   0   0   0   0   0   0   0   0   0   0   0   0   0   0
  6T   0   0   0   1   1   1   1   1   1   1   0   0   1   1   0   0   0   0   0   0
  7T   1   1   1   0   0   0   1   1   1   1   0   0   0   0   0   0   0   0   0   0
  8T   0   1   1   0   0   0   0   0   0   0   0   0   0   1   1   1   1   1   0   0
  9T   1   0   0   0   0   0   1   0   0   0   0   0   0   0   0   1   1   1   0   1
 10T   1   0   0   1   0   0   0   0   0   0   0   0   0   0   1   0   0   0   1   1
 11T   0   0   1   1   1   0   0   0   0   0   0   0   0   0   0   0   0   0   1   1
 12T   0   0   0   0   0   0   0   0   1   0   0   0   0   0   0   0   1   1   1   0
 13T   0   1   0   0   0   0   0   1   0   0   1   0   0   0   0   1   0   0   0   0
 14T   0   0   0   0   1   1   1   1   0   0   0   1   1   0   0   0   0   0   0   0
 15T   0   0   0   0   0   0   0   0   1   1   1   1   1   1   1   0   0   0   0   1
