Number of Tool Switches: 24 

Time elapsed: 0.010223 
Tool Sequence:
      2J 18J  7J  9J 11J 15J 13J  5J  4J 20J 14J 12J  6J  1J 17J 10J  8J 16J  3J 19J
  1T   1   1   1   1   1   0   0   0   0   0   0   0   0   0   0   1   1   1   1   1
  2T   1   1   1   1   1   1   0   0   0   0   0   0   1   1   1   1   1   0   0   0
  3T   1   1   1   0   0   0   0   0   1   1   1   1   0   0   0   0   0   0   0   0
  4T   1   1   1   1   1   1   1   1   1   1   1   1   1   1   1   1   1   1   1   1
  5T   1   1   1   1   1   1   1   1   1   1   1   1   1   1   1   1   1   1   1   1
  6T   0   0   0   0   1   1   1   1   1   1   1   1   1   1   1   1   0   0   0   0
  7T   0   0   0   0   0   0   1   1   0   0   0   0   0   0   1   1   1   1   1   1
  8T   1   1   1   1   0   0   0   0   0   0   1   1   1   1   1   1   1   1   1   1
  9T   0   0   0   0   0   0   0   0   0   0   0   1   1   1   1   1   1   1   1   1
 10T   1   1   1   1   1   1   1   1   1   1   1   1   1   1   1   1   1   1   1   1
 11T   1   1   1   1   1   1   1   1   1   1   1   1   1   1   0   0   0   0   0   0
 12T   1   1   1   1   1   1   1   1   1   1   1   0   0   0   0   0   0   1   1   1
 13T   0   0   0   1   1   1   1   1   1   1   0   0   0   1   1   0   0   0   0   1
 14T   1   1   1   1   1   1   1   1   1   1   1   1   1   0   0   0   1   1   1   1
 15T   0   0   0   0   0   1   1   1   1   1   1   1   1   1   1   1   1   1   1   0
