Instancias/D4/1.txt                                          	   114 	 1720.509568883000 677.585735335000 78
Instancias/D4/2.txt                                          	   104 	 1377.545610298000 247.803151301000 36
Instancias/D4/3.txt                                          	   119 	 1611.024706279000 1461.577724716000 181
Instancias/D4/4.txt                                          	   119 	 1562.912314306000 513.863886929000 66
Instancias/D4/5.txt                                          	   112 	 1489.246687505000 166.036599224000 21
Instancias/D4/6.txt                                          	   125 	 1489.996889172000 213.098143862000 25
Instancias/D4/7.txt                                          	   114 	 1643.845216763000 321.928038905000 36
Instancias/D4/8.txt                                          	   106 	 1365.941051726000 683.088405357000 100
Instancias/D4/9.txt                                          	   116 	 1482.774424389000 232.671236296000 28
Instancias/D4/10.txt                                         	   123 	 1505.616266400000 582.870890033000 73
