Instancias/D4/1.txt                                          	   115 	 1557.248744576000 871.294646877000 109
Instancias/D4/2.txt                                          	   104 	 1308.262904608000 124.605432346000 17
Instancias/D4/3.txt                                          	   119 	 1482.193553120000 472.308137263000 61
Instancias/D4/4.txt                                          	   120 	 1469.547795075000 89.938845470000 11
Instancias/D4/5.txt                                          	   112 	 1354.244509157000 146.857139356000 21
Instancias/D4/6.txt                                          	   124 	 1407.849501255000 228.539410232000 33
Instancias/D4/7.txt                                          	   114 	 1575.412749177000 43.188837061000 3
Instancias/D4/8.txt                                          	   107 	 1317.401285224000 107.784035239000 14
Instancias/D4/9.txt                                          	   116 	 1398.595647969000 1313.696717841000 187
Instancias/D4/10.txt                                         	   124 	 1691.111457770000 222.490143629000 25
