Number of Tool Switches: 20 

Time elapsed: 0.176540 
Tool Sequence:
     10J  1J  2J  7J  3J  4J  6J  8J 14J 15J  9J  5J 11J 12J 13J
  1T   0   0   0   0   0   0   0   0   0   0   0   0   0   1   1
  2T   1   1   1   1   1   1   1   1   1   1   1   1   1   1   1
  3T   0   0   0   0   0   0   0   0   0   0   0   0   0   0   1
  4T   1   1   1   1   1   1   1   1   1   1   1   1   1   1   1
  5T   0   0   0   0   0   0   0   0   0   0   0   0   1   1   1
  6T   1   1   1   1   1   1   1   1   1   1   1   1   1   1   1
  7T   1   1   1   1   1   1   1   1   1   1   1   1   1   1   1
  8T   0   0   0   0   1   1   1   1   1   1   1   0   0   0   0
  9T   1   1   1   1   1   1   0   0   0   0   0   0   0   0   0
 10T   0   0   0   0   0   0   0   0   0   0   0   1   1   0   0
 11T   1   1   1   1   1   1   1   1   1   1   1   0   0   0   0
 12T   0   0   0   0   0   0   0   0   0   0   0   1   1   1   1
 13T   0   0   0   0   0   0   0   0   1   1   1   1   1   1   1
 14T   1   1   1   1   1   0   0   0   0   0   0   0   0   0   0
 15T   1   1   1   1   1   1   1   1   0   0   0   0   0   0   0
 16T   0   0   0   0   0   0   0   0   0   0   1   1   1   1   0
 17T   0   0   0   0   0   1   1   1   1   1   1   1   1   1   1
 18T   1   1   1   1   1   1   1   1   1   1   0   0   0   0   0
 19T   0   0   0   0   0   0   1   1   1   1   1   1   0   0   0
 20T   1   1   1   1   0   0   0   0   0   0   0   0   0   0   0
