Number of Tool Switches: 35 

Time elapsed: 0.154010 
Tool Sequence:
     10J  1J  7J  3J 13J  2J  5J  9J 11J  4J 14J 12J  8J 15J  6J
  1T   1   1   1   1   1   1   1   1   1   1   1   1   1   1   1
  2T   0   0   1   1   1   1   1   1   1   1   1   1   1   1   1
  3T   1   1   1   1   1   1   0   0   0   1   1   1   1   1   1
  4T   1   1   1   1   1   1   1   0   0   0   0   1   1   1   1
  5T   1   1   1   1   1   1   1   1   1   1   0   0   0   1   1
  6T   0   0   0   1   1   1   1   1   1   0   0   0   1   1   1
  7T   1   0   0   0   0   0   1   1   1   1   1   1   1   1   1
  8T   1   1   1   1   1   1   1   1   1   1   1   0   0   1   1
  9T   1   1   1   1   0   0   0   0   0   0   1   1   0   0   1
 10T   1   1   0   0   0   1   1   1   1   1   1   1   1   1   1
 11T   1   1   1   0   0   0   0   0   0   0   1   1   1   1   1
 12T   1   1   1   1   1   1   1   1   0   0   0   1   1   1   1
 13T   1   1   1   1   1   1   1   1   1   1   1   1   0   0   0
 14T   1   1   1   1   1   0   0   0   1   1   1   0   1   1   1
 15T   1   1   1   1   1   1   1   1   1   1   1   1   1   0   0
 16T   0   0   0   0   1   0   0   1   1   1   1   1   1   1   1
 17T   1   1   1   1   1   1   1   1   1   1   1   1   1   0   0
 18T   0   1   1   1   1   1   1   1   1   1   0   0   0   1   1
 19T   0   0   0   0   0   1   1   1   1   1   1   1   1   1   0
 20T   1   1   1   1   1   1   1   1   1   1   1   1   1   0   0
