Number of Tool Switches: 32 

Time elapsed: 0.165511 
Tool Sequence:
      9J  1J  3J 10J 13J  8J 15J 11J 12J  2J  4J  5J  7J  6J 14J
  1T   1   1   1   1   1   1   1   1   1   1   1   0   0   0   1
  2T   0   0   1   1   1   1   1   1   1   1   0   0   0   0   0
  3T   0   0   0   0   1   1   1   1   1   1   0   0   1   1   1
  4T   1   1   1   1   1   1   0   0   0   0   0   1   0   0   0
  5T   1   1   1   1   0   0   0   0   0   0   0   1   1   1   1
  6T   0   0   0   0   0   0   0   0   0   1   0   0   0   1   1
  7T   1   1   1   1   1   0   0   0   0   0   1   1   0   0   0
  8T   0   0   0   0   0   1   1   1   1   1   1   1   1   1   1
  9T   0   0   0   0   0   0   0   0   0   0   0   0   1   1   1
 10T   0   0   0   0   0   0   0   1   1   0   0   0   0   1   0
 11T   0   0   0   0   0   0   1   1   1   1   1   0   0   0   1
 12T   0   0   0   0   0   0   0   0   0   0   1   1   1   1   1
 13T   1   1   1   1   1   1   1   1   1   1   1   1   1   0   0
 14T   1   0   0   0   0   0   0   0   0   1   1   1   1   0   0
 15T   1   1   1   1   1   1   1   1   0   0   0   0   0   1   1
 16T   1   1   1   1   1   1   1   0   0   0   0   0   0   0   0
 17T   0   0   0   0   0   0   0   0   1   1   1   1   1   1   0
 18T   1   1   1   1   1   1   1   1   1   1   1   1   1   0   0
 19T   0   1   0   0   0   0   0   0   0   0   1   1   1   0   0
 20T   1   1   1   1   1   1   1   1   1   0   0   0   0   1   1
