Number of Tool Switches: 44 

Time elapsed: 0.261432 
Tool Sequence:
      1J  4J 12J  5J 13J  6J 11J 14J  7J  9J 10J  2J  3J  8J 15J
  1T   1   1   1   0   0   0   0   0   1   1   1   1   1   1   1
  2T   1   1   1   1   1   1   1   1   1   1   1   1   1   1   1
  3T   0   0   0   1   1   1   1   0   0   0   1   1   1   1   1
  4T   1   1   1   1   0   0   0   0   0   0   0   0   1   1   1
  5T   1   1   1   1   1   0   0   0   0   0   0   1   1   1   1
  6T   0   0   0   0   1   1   0   0   0   0   0   0   1   1   1
  7T   0   0   0   0   0   0   0   0   1   1   1   1   1   1   0
  8T   1   1   1   1   1   1   1   1   1   1   0   0   0   0   0
  9T   1   1   1   0   0   0   0   0   0   1   1   1   1   0   0
 10T   1   1   1   1   1   1   1   1   1   1   1   1   0   1   1
 11T   1   1   1   1   1   1   1   0   0   0   0   0   0   1   1
 12T   1   1   1   1   1   1   1   1   1   1   1   1   0   0   1
 13T   0   0   0   0   0   0   0   1   1   1   1   1   1   1   1
 14T   1   1   1   1   1   1   1   1   1   0   0   0   1   1   0
 15T   1   1   1   1   1   1   1   1   1   1   1   0   0   0   0
 16T   1   1   1   1   1   1   1   1   1   1   1   0   0   0   1
 17T   0   0   0   0   0   0   1   1   1   0   0   0   1   0   1
 18T   0   0   0   1   1   1   1   1   0   0   0   1   1   1   0
 19T   0   0   0   0   0   0   1   1   1   1   1   0   0   1   1
 20T   1   1   1   1   1   1   0   0   0   1   1   1   1   0   0
 21T   0   0   0   0   0   0   0   1   1   1   1   1   1   1   1
 22T   0   0   0   0   0   1   1   1   1   1   0   0   0   0   1
 23T   1   1   1   1   1   1   1   1   1   1   1   1   0   0   0
 24T   1   1   1   0   0   0   0   0   0   0   1   1   0   0   0
 25T   0   0   0   1   1   1   1   1   0   0   0   1   1   1   0
