Number of Tool Switches: 27 

Time elapsed: 0.171986 
Tool Sequence:
      1J  3J  8J  5J 14J  9J 12J  7J  4J 13J  6J 10J  2J 11J 15J
  1T   1   1   1   1   1   1   1   1   1   1   1   1   1   1   1
  2T   1   1   1   1   1   1   1   1   1   1   1   1   1   1   1
  3T   1   1   1   0   0   0   0   0   1   1   1   1   1   1   1
  4T   0   0   0   1   1   1   1   1   1   1   1   1   1   1   0
  5T   1   1   1   1   1   1   1   1   1   1   1   1   1   1   1
  6T   1   1   1   1   1   0   0   0   0   0   0   0   0   0   0
  7T   1   1   1   1   1   1   1   1   1   1   1   1   1   1   1
  8T   1   1   1   1   1   1   1   0   0   0   0   0   0   0   0
  9T   0   1   1   1   1   1   1   1   1   1   1   1   1   1   1
 10T   1   1   1   1   1   1   1   1   1   1   1   1   1   1   1
 11T   0   0   1   1   1   1   1   1   1   1   1   1   1   1   0
 12T   1   1   0   0   0   0   0   0   0   0   1   1   1   1   1
 13T   1   1   1   1   1   1   0   0   0   0   0   0   0   0   1
 14T   1   1   1   1   1   1   1   1   1   1   0   0   1   1   1
 15T   1   1   1   1   1   1   1   1   0   0   0   0   1   1   1
 16T   1   1   1   1   1   1   1   1   1   1   1   1   1   1   1
 17T   1   1   1   1   1   1   1   1   1   1   1   1   1   1   1
 18T   0   0   0   0   0   1   1   1   1   1   1   1   0   0   0
 19T   1   0   0   0   0   0   1   1   1   1   1   1   0   0   1
 20T   0   0   0   0   0   0   0   1   1   1   1   1   1   1   1
