Number of Tool Switches: 53 

Time elapsed: 0.261138 
Tool Sequence:
     13J 12J  1J  3J  8J 11J  9J  6J 15J  7J 14J  4J 10J  2J  5J
  1T   1   0   0   0   0   0   0   1   0   0   0   0   0   1   1
  2T   1   1   1   1   0   0   0   0   0   1   1   1   1   1   1
  3T   0   0   1   1   1   1   1   1   1   1   0   0   0   0   0
  4T   1   1   1   1   1   1   1   1   1   1   1   1   1   1   1
  5T   0   0   0   0   0   0   1   1   1   0   0   0   0   1   1
  6T   0   0   0   0   0   1   1   1   1   1   1   1   1   1   0
  7T   1   0   0   0   1   1   1   1   1   1   1   1   1   0   0
  8T   0   0   0   1   1   1   1   1   0   0   0   1   1   0   0
  9T   1   1   0   0   0   0   1   1   1   1   1   1   1   1   0
 10T   1   1   1   1   1   1   0   0   1   1   1   1   0   0   1
 11T   0   0   0   1   1   0   0   0   0   0   1   1   1   1   1
 12T   1   1   1   1   0   0   0   0   1   1   1   0   1   0   0
 13T   0   0   0   0   1   1   1   1   1   1   0   0   1   1   1
 14T   0   0   1   1   1   1   1   1   1   1   1   1   0   0   0
 15T   1   1   0   0   0   0   1   1   1   1   1   1   1   1   1
 16T   1   1   1   0   0   0   0   0   1   1   1   1   1   1   1
 17T   1   1   1   1   1   1   1   1   0   0   0   0   0   1   1
 18T   0   1   1   1   1   1   1   0   0   0   0   0   0   0   0
 19T   1   1   1   0   0   0   0   1   1   0   0   0   1   0   0
 20T   1   1   1   1   1   1   1   1   0   0   0   1   1   1   1
 21T   1   1   1   1   1   1   1   0   0   0   1   0   0   0   1
 22T   0   0   1   1   1   1   0   0   1   0   0   1   1   0   0
 23T   1   1   1   1   1   1   0   0   0   1   1   0   0   1   1
 24T   0   1   1   1   1   0   0   0   0   1   1   1   1   1   1
 25T   1   1   0   0   0   1   1   1   1   1   1   1   0   1   1
