Number of Tool Switches: 36 

Time elapsed: 0.200894 
Tool Sequence:
      8J  5J  9J  3J 12J 13J 14J  4J 10J  1J  2J 11J  6J 15J  7J
  1T   1   1   1   1   1   1   1   1   1   1   1   1   1   1   0
  2T   0   0   0   0   0   0   0   0   0   0   0   1   1   1   0
  3T   0   0   0   0   0   0   0   0   0   1   1   1   1   0   0
  4T   0   0   0   0   0   0   0   0   0   1   1   1   1   1   1
  5T   1   1   1   1   1   1   1   1   1   1   1   1   1   1   1
  6T   1   1   1   0   0   0   0   0   0   0   0   0   0   0   0
  7T   1   1   1   1   0   0   0   0   1   1   1   1   1   1   1
  8T   1   1   1   1   0   0   0   0   1   1   1   1   1   1   1
  9T   1   1   1   1   1   1   1   1   0   0   0   0   0   0   0
 10T   1   1   1   1   1   1   1   1   1   1   1   0   0   1   1
 11T   1   1   1   1   1   1   1   0   0   0   0   0   0   1   1
 12T   0   0   0   1   1   0   0   0   0   0   0   0   1   1   1
 13T   1   1   1   1   1   1   1   1   1   0   0   0   0   0   0
 14T   1   1   1   1   1   1   1   1   1   1   1   1   1   1   1
 15T   1   1   1   1   1   1   0   0   0   0   1   1   1   1   1
 16T   0   0   0   1   1   1   1   1   0   0   0   0   1   1   0
 17T   1   1   1   0   0   0   0   0   1   1   1   1   1   1   1
 18T   1   1   1   1   1   1   1   1   1   1   0   0   0   0   1
 19T   0   0   0   0   0   0   1   1   1   1   1   1   0   0   0
 20T   0   0   0   0   0   0   0   1   1   1   1   1   0   0   0
 21T   0   0   0   0   1   1   1   1   1   0   0   0   0   0   1
 22T   0   0   0   0   1   1   1   1   1   1   1   1   1   1   1
 23T   1   1   1   1   1   1   1   1   0   0   0   0   0   0   1
 24T   0   0   0   0   0   1   1   1   1   1   1   1   1   0   0
 25T   1   1   1   1   1   1   1   1   1   1   1   1   1   1   1
