Number of Tool Switches: 31 

Time elapsed: 0.173626 
Tool Sequence:
      7J  1J  5J  6J 10J 12J  4J  8J  9J  2J  3J 15J 11J 13J 14J
  1T   1   1   1   1   1   1   1   1   1   0   0   0   1   0   0
  2T   0   0   0   0   0   0   0   0   1   1   1   1   1   1   1
  3T   0   0   0   0   0   0   0   0   0   1   1   1   1   1   1
  4T   1   1   1   0   0   0   0   0   0   0   0   0   1   1   1
  5T   1   1   1   1   1   1   1   0   0   0   0   0   1   1   1
  6T   0   0   0   0   0   0   1   1   0   0   0   0   0   0   0
  7T   0   0   0   0   0   0   0   1   1   1   1   0   0   0   0
  8T   1   1   1   1   0   0   0   0   0   1   1   1   0   0   0
  9T   0   0   0   0   1   1   1   0   0   0   0   0   0   1   1
 10T   1   1   1   1   1   0   0   0   0   0   1   1   1   1   1
 11T   1   1   1   1   1   1   1   1   1   0   0   0   0   1   0
 12T   1   1   0   0   0   0   0   0   0   0   0   1   0   0   1
 13T   1   1   1   1   1   1   1   1   0   0   0   0   0   0   1
 14T   0   0   0   1   1   1   1   1   1   1   0   0   0   0   0
 15T   0   0   0   0   0   0   0   0   1   1   1   1   1   1   0
 16T   0   0   0   0   0   1   1   1   1   1   1   1   1   1   0
 17T   0   0   0   0   0   0   0   1   1   1   1   1   1   0   0
 18T   1   1   1   1   1   1   1   1   1   1   1   1   0   0   1
 19T   0   0   1   1   1   1   0   0   0   0   0   0   0   0   0
 20T   1   1   1   1   1   1   1   1   1   1   1   1   1   1   1
