Number of Tool Switches: 21 

Time elapsed: 0.138073 
Tool Sequence:
      2J  1J  3J  7J 12J  8J 11J  5J  4J  9J 14J 15J  6J 13J 10J
  1T   0   0   0   0   0   0   0   0   0   1   1   1   0   0   1
  2T   0   0   0   0   0   0   0   0   0   0   0   1   1   1   1
  3T   1   0   0   0   0   0   0   0   0   0   0   0   0   0   1
  4T   0   0   1   1   1   1   1   1   0   0   0   0   0   0   0
  5T   0   0   0   0   0   1   0   0   0   0   0   0   1   1   1
  6T   0   0   0   0   0   0   1   1   1   1   0   0   0   0   0
  7T   0   0   0   0   0   0   0   0   0   0   1   1   1   0   0
  8T   1   1   1   0   0   0   0   0   1   1   1   0   0   0   0
  9T   0   0   0   0   0   0   0   1   1   1   1   1   0   0   0
 10T   0   1   1   1   1   0   0   0   0   0   0   0   0   0   0
 11T   0   0   0   1   1   1   1   0   0   0   0   0   0   1   0
 12T   1   1   1   1   1   1   1   0   0   0   0   0   0   0   0
 13T   1   1   0   0   0   0   0   0   0   0   0   0   1   1   1
 14T   1   1   1   1   1   1   1   1   1   0   0   0   0   0   0
 15T   0   0   0   0   0   0   0   1   1   1   1   1   1   1   0
