Number of Tool Switches: 30 

Time elapsed: 0.247253 
Tool Sequence:
      1J  2J  5J 15J 14J  3J 12J  8J 13J 11J  4J  9J  7J 10J  6J
  1T   0   0   0   0   0   0   0   0   0   0   0   0   0   0   1
  2T   1   1   1   1   1   1   1   1   1   1   1   1   1   1   1
  3T   1   1   1   1   0   0   0   0   0   0   0   0   0   0   0
  4T   1   1   1   1   1   1   1   1   0   0   0   0   0   0   0
  5T   1   1   1   1   1   1   1   1   1   1   1   1   1   1   1
  6T   1   1   1   1   1   1   1   1   1   0   0   0   0   0   1
  7T   1   1   1   1   1   1   1   1   1   1   1   1   0   0   0
  8T   0   0   0   0   0   0   0   0   0   0   1   1   1   1   1
  9T   1   1   1   1   1   1   1   1   1   1   1   1   1   1   1
 10T   0   0   0   1   1   0   0   0   0   0   0   0   0   1   1
 11T   1   1   1   1   1   1   1   1   1   1   1   1   1   1   1
 12T   1   1   1   1   1   1   1   0   0   0   0   0   1   1   1
 13T   0   0   0   0   0   0   1   1   1   1   1   1   1   1   1
 14T   1   1   1   1   1   1   1   1   1   1   0   0   0   0   0
 15T   0   0   0   0   0   0   0   0   1   1   1   1   1   1   0
 16T   0   0   0   0   1   1   1   1   1   1   1   1   1   1   1
 17T   1   1   1   1   1   1   1   1   1   1   1   0   0   0   0
 18T   0   0   0   0   0   0   0   1   1   1   1   1   1   1   1
 19T   1   1   1   1   1   1   1   1   1   1   1   1   0   0   0
 20T   0   0   0   0   0   0   0   0   0   0   0   1   1   0   0
 21T   1   1   1   0   0   0   0   0   0   0   0   0   0   0   1
 22T   1   1   1   1   1   1   0   0   0   0   0   0   1   1   1
 23T   0   0   0   0   0   0   0   0   0   1   1   1   1   1   0
 24T   1   1   1   1   1   1   1   1   1   1   1   1   1   1   0
 25T   0   0   0   0   0   1   1   1   1   1   1   1   1   1   1
