Number of Tool Switches: 44 

Time elapsed: 0.207838 
Tool Sequence:
     15J  2J  1J  6J  5J  3J  9J 12J  4J  8J 14J 11J 13J  7J 10J
  1T   0   0   0   1   1   1   1   1   1   1   0   0   0   1   1
  2T   0   0   1   1   1   1   1   1   1   1   1   1   1   1   1
  3T   0   1   1   1   1   1   1   1   0   0   0   0   0   0   1
  4T   0   0   0   0   0   0   0   0   0   0   0   1   1   1   1
  5T   1   1   1   1   1   1   1   1   1   1   1   1   1   1   1
  6T   1   1   1   1   1   1   1   1   1   1   1   1   1   0   0
  7T   0   0   0   0   0   1   1   1   1   1   1   1   1   1   1
  8T   1   1   1   1   1   1   1   1   1   0   0   0   0   0   1
  9T   1   1   0   0   0   0   0   1   1   1   0   0   0   1   1
 10T   1   1   1   1   1   1   1   0   0   0   0   0   1   0   1
 11T   0   0   1   1   1   1   1   1   0   0   1   1   1   1   1
 12T   1   1   1   1   0   0   0   0   0   0   0   1   1   1   1
 13T   1   1   1   0   0   0   0   0   0   0   1   1   1   1   0
 14T   1   1   1   1   1   1   1   1   1   1   1   1   0   0   0
 15T   0   0   0   0   1   1   0   0   0   0   0   0   0   0   1
 16T   0   1   1   1   1   1   1   1   1   1   1   1   0   1   0
 17T   0   0   0   0   0   1   1   1   1   1   1   1   1   1   0
 18T   1   0   0   0   0   0   0   0   1   1   1   0   0   0   1
 19T   1   0   0   0   0   0   0   0   0   0   0   0   1   1   0
 20T   1   1   1   1   1   0   0   0   0   0   0   0   1   1   0
 21T   1   1   1   1   1   1   1   1   1   1   1   1   1   0   0
 22T   1   1   1   1   1   1   1   1   1   1   1   1   0   0   0
 23T   1   1   0   0   0   0   0   0   1   1   1   0   0   1   1
 24T   0   0   0   0   0   0   1   1   1   1   1   1   1   0   0
 25T   1   1   1   1   1   0   0   0   0   1   1   1   1   1   1
