Number of Tool Switches: 40 

Time elapsed: 0.247857 
Tool Sequence:
     12J  6J  9J 13J  2J  7J  3J  5J  4J 10J 15J  1J  8J 11J 14J
  1T   1   1   1   1   1   1   1   1   1   1   0   0   1   1   1
  2T   1   1   1   1   1   1   1   0   0   0   0   0   0   1   1
  3T   1   1   1   1   0   0   0   0   1   1   1   1   1   1   1
  4T   1   1   1   1   1   1   1   1   1   1   1   1   1   1   1
  5T   1   1   1   1   1   1   1   1   1   0   0   1   1   1   1
  6T   1   1   1   1   1   1   1   1   1   1   1   1   1   0   0
  7T   0   0   0   0   0   1   1   1   1   1   1   1   1   1   1
  8T   1   1   1   1   1   0   0   0   0   0   0   1   1   0   0
  9T   1   1   1   1   1   1   1   1   1   1   1   1   1   1   1
 10T   1   1   1   1   1   1   1   1   1   1   1   1   1   1   1
 11T   1   1   1   1   1   1   1   1   1   1   1   1   0   1   1
 12T   1   0   0   0   0   1   1   1   1   1   1   1   1   1   1
 13T   1   1   1   1   1   1   1   1   1   1   1   1   1   1   1
 14T   1   1   1   1   1   1   1   1   1   1   1   1   1   1   1
 15T   1   1   1   1   1   1   1   1   1   1   1   0   0   1   1
 16T   1   1   1   1   1   1   0   0   0   0   1   0   1   1   1
 17T   0   1   1   1   1   1   1   1   1   1   1   1   1   1   1
 18T   1   1   1   1   1   1   1   1   0   0   0   1   1   1   1
 19T   1   1   1   1   1   1   1   1   1   1   1   1   1   0   0
 20T   0   0   1   1   1   1   1   1   1   1   1   1   1   1   1
 21T   0   0   0   1   1   1   1   1   1   1   1   1   1   1   1
 22T   1   1   0   0   0   0   0   1   1   1   1   1   1   1   1
 23T   0   0   0   0   1   0   0   0   0   1   1   1   0   1   1
 24T   1   1   1   1   1   1   1   1   1   1   1   0   0   0   0
 25T   1   1   1   0   0   0   1   1   1   1   1   1   1   0   0
