Number of Tool Switches: 34 

Time elapsed: 0.197476 
Tool Sequence:
      5J  1J  4J 14J  6J  7J 12J 11J  2J  9J 13J  3J 15J  8J 10J
  1T   0   0   0   0   0   0   0   0   1   0   0   0   0   0   1
  2T   0   0   0   0   1   0   0   0   0   0   0   0   0   0   0
  3T   0   0   0   1   1   1   1   1   1   1   1   1   1   1   1
  4T   0   0   0   0   0   0   0   1   1   1   1   1   1   0   0
  5T   0   0   0   0   0   1   1   1   1   1   1   1   1   0   1
  6T   0   0   0   0   0   0   1   1   0   0   0   0   0   0   0
  7T   0   0   0   0   0   0   0   0   1   1   1   1   1   1   1
  8T   0   0   0   0   0   0   0   0   0   0   0   1   1   1   0
  9T   0   0   0   0   0   0   0   0   0   0   0   0   0   0   1
 10T   0   0   0   0   0   1   1   1   1   1   1   1   1   1   0
 11T   1   1   1   1   0   0   0   0   0   0   0   0   1   0   0
 12T   1   1   0   0   0   0   0   0   0   0   0   0   0   0   0
 13T   1   1   1   1   1   1   1   1   0   0   0   0   0   1   1
 14T   0   0   1   1   1   1   1   0   0   0   0   0   0   0   0
 15T   1   1   1   1   1   1   1   1   1   1   1   1   0   0   0
 16T   1   1   1   1   1   1   1   1   1   1   0   0   0   1   1
 17T   1   1   1   1   1   0   0   0   0   0   1   1   0   0   0
 18T   1   1   1   0   0   0   0   0   0   0   0   0   0   1   0
 19T   0   0   0   0   0   0   0   0   0   0   0   0   0   1   0
 20T   0   0   0   0   0   0   0   0   0   0   0   0   1   1   1
 21T   1   1   1   1   0   0   0   0   0   0   0   0   0   0   0
 22T   0   0   0   0   1   1   1   1   1   1   1   1   1   1   0
 23T   0   0   0   0   0   0   0   0   0   1   1   0   0   0   0
 24T   1   1   1   1   1   1   0   0   0   0   0   0   0   0   1
 25T   1   1   1   1   1   1   1   1   1   1   1   1   1   0   1
