Number of Tool Switches: 58 

Time elapsed: 0.261947 
Tool Sequence:
      1J  5J  8J 11J 13J  2J  7J  6J 10J  4J  9J  3J 12J 14J 15J
  1T   0   0   0   1   1   1   1   1   1   1   1   1   1   1   1
  2T   0   0   1   1   1   0   0   0   0   0   0   0   0   1   0
  3T   0   0   1   1   1   1   1   1   1   1   0   0   0   0   0
  4T   0   0   0   0   1   1   0   1   0   0   1   1   1   1   1
  5T   1   1   1   1   1   0   0   0   1   1   0   0   0   0   1
  6T   1   1   0   0   0   0   0   1   1   1   1   1   1   1   0
  7T   1   0   0   0   1   1   1   0   0   0   1   1   1   0   0
  8T   1   1   1   0   0   0   0   0   0   1   1   1   0   0   1
  9T   1   1   1   1   1   1   1   1   0   0   0   1   1   1   0
 10T   0   0   0   1   1   1   1   1   1   1   1   1   1   1   1
 11T   0   0   0   0   0   1   1   0   1   0   1   1   0   1   0
 12T   0   0   0   0   0   0   0   1   1   1   1   1   1   1   1
 13T   0   1   1   0   0   1   1   1   1   0   0   0   1   1   0
 14T   1   1   1   1   0   0   1   0   1   1   1   0   1   1   0
 15T   1   1   0   0   0   0   0   1   1   1   1   1   0   0   1
 16T   1   1   1   1   1   1   1   0   1   1   1   1   1   0   1
 17T   1   1   1   1   1   1   1   1   1   1   1   1   1   0   0
 18T   1   1   1   1   1   1   1   1   0   0   0   1   1   0   1
 19T   1   1   1   1   0   0   0   0   0   1   0   0   0   0   0
 20T   1   1   1   1   1   1   1   1   1   1   1   0   0   0   1
 21T   1   1   1   1   1   1   1   1   0   0   0   1   1   1   1
 22T   0   0   0   0   0   1   0   0   0   0   0   1   1   1   1
 23T   1   1   1   1   1   1   1   1   1   1   0   0   0   1   1
 24T   1   1   1   1   1   0   0   0   0   0   1   0   1   1   1
 25T   0   0   0   0   0   0   1   1   1   1   1   0   0   1   1
