Number of Tool Switches: 26 

Time elapsed: 0.129254 
Tool Sequence:
      1J  2J  3J  9J 14J  4J  8J  7J  6J 11J 15J  5J 12J 10J 13J
  1T   1   1   1   1   1   1   1   1   0   0   0   0   1   1   1
  2T   1   1   1   1   1   1   1   1   1   1   1   1   1   1   1
  3T   1   1   1   1   1   1   1   1   1   1   1   1   1   1   0
  4T   0   0   0   0   0   0   0   0   0   0   0   1   1   1   1
  5T   1   1   1   1   0   0   0   0   0   0   0   0   1   1   1
  6T   0   0   0   0   0   0   0   1   1   1   1   1   1   1   1
  7T   0   0   0   0   1   1   1   1   1   1   1   1   1   1   1
  8T   1   1   1   1   1   1   1   1   1   1   0   0   0   1   0
  9T   0   0   1   1   1   1   1   1   1   1   1   0   0   0   1
 10T   1   1   1   1   1   1   1   1   1   1   1   1   1   1   0
 11T   1   1   1   1   1   0   0   0   1   1   1   0   1   1   1
 12T   1   1   0   0   0   1   1   0   0   0   0   1   0   0   1
 13T   0   0   0   0   0   0   0   1   1   1   1   1   0   0   0
 14T   1   1   1   1   1   1   1   0   0   0   1   1   0   0   0
 15T   1   1   1   1   1   1   1   1   1   1   1   1   1   0   1
