Number of Tool Switches: 36 

Time elapsed: 0.160539 
Tool Sequence:
      9J 13J  5J  3J  6J  8J  1J 14J 10J  2J  7J  4J 12J 15J 11J
  1T   1   1   1   0   0   0   0   0   0   1   1   1   1   1   1
  2T   1   1   1   1   1   1   1   1   1   1   1   1   1   1   1
  3T   1   1   0   0   0   0   0   0   1   1   1   1   0   0   1
  4T   1   1   0   0   0   0   0   0   1   1   1   1   1   1   1
  5T   1   1   1   1   1   1   1   1   1   1   0   1   1   0   0
  6T   1   1   1   1   1   1   1   1   1   1   1   1   1   0   0
  7T   1   1   1   1   1   1   1   1   0   0   0   1   1   1   1
  8T   0   0   0   0   1   1   1   1   1   1   1   1   1   1   1
  9T   1   1   1   1   1   1   1   1   1   1   1   0   1   1   1
 10T   1   1   1   1   1   1   1   1   1   1   1   1   1   1   1
 11T   0   0   0   0   0   0   1   0   0   0   1   0   1   1   1
 12T   0   0   1   1   1   1   1   1   1   1   0   0   1   1   1
 13T   0   0   0   1   1   1   1   1   1   1   1   1   1   1   0
 14T   1   1   1   1   1   1   1   1   1   0   0   1   1   1   0
 15T   1   1   1   1   1   1   0   0   0   0   0   0   0   1   1
 16T   1   1   1   1   1   1   1   1   1   1   1   0   0   1   1
 17T   1   1   1   1   1   1   1   1   1   1   1   1   0   0   1
 18T   1   1   1   1   1   1   1   1   1   1   1   1   0   0   0
 19T   1   1   1   1   1   1   1   1   0   0   1   1   1   1   1
 20T   0   0   1   1   0   0   0   1   1   1   1   1   1   1   1
