Number of Tool Switches: 33 

Time elapsed: 0.226890 
Tool Sequence:
      5J  1J  3J  4J  6J  7J 10J 11J 15J  9J 12J  2J  8J 14J 13J
  1T   0   0   0   0   0   0   0   0   1   1   1   1   1   1   1
  2T   1   1   1   1   1   1   1   1   0   0   0   0   0   1   1
  3T   1   1   1   1   1   1   1   1   1   1   1   0   0   0   0
  4T   1   1   1   1   1   1   1   1   1   1   1   1   1   1   1
  5T   1   1   1   1   1   0   0   0   0   0   0   0   0   0   0
  6T   0   0   0   0   0   1   1   1   1   1   1   1   1   1   1
  7T   0   0   0   0   1   1   1   1   1   1   1   1   1   1   1
  8T   1   1   1   1   1   1   1   1   1   1   1   1   1   1   1
  9T   0   0   0   0   1   1   1   1   1   1   1   1   1   1   1
 10T   1   1   1   1   1   1   1   1   1   1   1   1   1   1   1
 11T   1   1   1   1   1   1   1   1   1   1   1   1   1   1   1
 12T   0   0   0   0   0   0   0   0   0   1   1   1   1   1   1
 13T   0   0   0   0   0   0   1   1   1   1   1   1   1   1   1
 14T   1   1   1   1   1   1   0   0   0   0   1   0   0   0   1
 15T   1   1   1   1   1   1   1   1   1   1   1   1   1   1   0
 16T   0   0   0   0   0   0   0   1   1   1   1   1   1   0   0
 17T   1   1   1   1   0   0   0   0   0   0   0   1   0   0   0
 18T   1   1   1   1   1   0   0   0   0   0   0   1   0   0   0
 19T   1   1   1   1   1   1   1   1   1   1   0   0   0   0   0
 20T   0   0   0   0   0   1   1   1   1   0   0   0   0   0   0
 21T   1   1   1   1   1   1   1   0   0   0   0   0   0   0   1
 22T   1   1   1   0   0   0   0   0   0   0   0   0   1   1   0
 23T   0   0   0   1   1   1   1   1   1   1   1   1   1   1   0
 24T   1   1   1   1   0   0   0   0   0   0   0   0   0   0   1
 25T   0   0   0   0   0   0   0   0   0   0   0   0   1   1   1
