Number of Tool Switches: 41 

Time elapsed: 0.153685 
Tool Sequence:
      8J  6J 14J  7J  1J  3J 13J  2J  9J  5J 12J 10J 15J 11J  4J
  1T   1   1   1   1   1   1   1   1   1   1   1   1   1   0   0
  2T   0   0   0   0   0   1   1   1   1   0   0   0   1   1   0
  3T   0   1   1   1   0   0   0   1   0   0   1   1   1   0   0
  4T   1   1   1   1   1   1   1   0   0   0   1   1   1   1   1
  5T   1   1   0   0   0   0   0   0   1   1   1   0   0   0   1
  6T   0   0   0   0   1   1   1   1   1   1   1   1   0   0   0
  7T   1   0   0   0   0   1   1   0   0   0   0   0   0   1   1
  8T   0   0   1   1   1   1   1   1   1   1   1   1   1   0   1
  9T   0   1   1   0   0   0   0   0   0   1   1   1   0   0   0
 10T   0   0   0   0   0   0   0   0   1   1   0   0   0   0   0
 11T   0   0   0   0   1   1   1   1   1   0   0   1   1   1   0
 12T   0   0   0   0   0   0   0   1   1   1   1   1   1   1   1
 13T   1   1   1   1   1   0   0   0   0   0   0   0   0   1   1
 14T   1   1   1   1   0   0   0   0   0   0   0   0   1   0   1
 15T   1   0   0   0   0   0   0   0   0   1   1   1   1   1   0
 16T   1   1   1   1   1   1   1   1   0   0   0   0   0   1   0
 17T   0   0   0   0   0   0   1   1   1   1   1   0   0   0   1
 18T   1   1   1   1   1   1   1   1   0   0   0   0   0   1   1
 19T   0   0   0   1   1   1   0   0   0   0   0   0   0   1   1
 20T   1   1   1   1   1   0   0   0   1   1   0   1   1   0   0
