Number of Tool Switches: 52 

Time elapsed: 0.214170 
Tool Sequence:
      4J  2J  3J 11J 15J  9J 13J 10J  1J  7J  8J 14J  5J  6J 12J
  1T   0   0   0   0   1   1   1   1   1   1   1   1   1   1   1
  2T   0   0   0   0   0   0   0   0   0   0   0   0   1   1   1
  3T   1   1   1   1   0   0   0   1   1   1   1   1   1   1   1
  4T   1   1   1   1   1   1   1   1   1   0   0   0   0   0   1
  5T   1   1   0   0   0   0   0   0   0   1   1   1   1   1   0
  6T   0   0   0   0   1   1   1   0   1   1   1   1   1   0   0
  7T   0   0   0   0   0   1   1   1   1   1   1   1   1   1   1
  8T   1   1   1   1   1   1   1   0   0   0   1   1   0   0   0
  9T   0   0   0   1   1   1   1   1   1   1   0   1   1   1   1
 10T   1   0   0   0   0   1   1   1   1   0   0   0   0   1   1
 11T   1   1   1   1   1   1   0   0   0   0   0   0   0   0   1
 12T   1   1   1   1   1   0   0   1   1   1   1   1   0   0   0
 13T   1   1   1   1   1   1   1   1   1   1   1   0   0   1   0
 14T   0   0   1   1   1   1   1   1   0   0   0   1   1   1   1
 15T   1   0   0   0   0   0   1   0   1   1   0   0   1   1   1
 16T   0   0   0   0   0   0   0   0   0   1   1   1   1   1   0
 17T   1   1   1   1   1   1   1   1   1   1   1   1   1   1   1
 18T   1   1   1   1   1   0   0   0   1   1   1   1   1   0   0
 19T   1   1   1   1   1   1   1   1   0   0   0   0   0   1   0
 20T   1   1   1   1   1   0   0   0   1   0   0   0   0   1   1
 21T   0   1   0   0   0   1   1   1   1   1   1   1   1   0   1
 22T   0   1   1   1   1   1   1   1   0   0   0   0   1   0   0
 23T   1   1   1   1   1   1   0   0   0   0   1   1   0   0   0
 24T   1   1   1   1   0   0   1   1   0   1   1   1   1   1   1
 25T   0   0   1   0   0   0   0   1   1   1   1   0   0   0   1
