Number of Tool Switches: 19 

Time elapsed: 0.139763 
Tool Sequence:
      1J  2J  3J 11J 12J  8J 14J  4J 15J  6J  5J  7J 10J 13J  9J
  1T   1   1   1   1   1   1   1   1   1   1   1   1   1   1   1
  2T   1   1   1   1   1   1   1   1   1   1   1   1   1   1   1
  3T   0   0   0   0   0   0   0   0   0   1   1   1   1   1   1
  4T   1   1   1   1   1   0   0   0   0   0   0   0   0   0   0
  5T   1   1   1   1   1   1   1   1   1   1   1   1   1   1   1
  6T   0   0   0   0   0   0   0   0   0   0   1   1   1   1   1
  7T   0   0   0   0   0   0   0   0   0   0   0   1   1   1   1
  8T   1   1   1   1   1   1   1   0   0   0   1   1   1   1   0
  9T   0   0   0   0   0   0   0   1   1   1   1   1   1   1   1
 10T   1   1   1   1   1   1   1   1   1   1   0   0   0   1   1
 11T   1   1   1   1   1   1   1   1   1   0   0   0   0   1   1
 12T   0   0   0   0   0   1   1   1   1   1   1   0   0   0   0
 13T   1   1   1   1   1   1   1   1   1   1   0   0   0   0   1
 14T   1   1   1   1   1   1   1   1   1   1   1   1   1   0   0
 15T   1   1   1   1   1   1   1   1   1   1   1   1   1   0   0
