Number of Tool Switches: 53 

Time elapsed: 0.183034 
Tool Sequence:
      8J  2J  7J  5J 11J 12J 10J  4J  3J  1J 15J  6J  9J 14J 13J
  1T   1   1   1   1   1   1   1   1   1   0   0   0   0   0   1
  2T   0   0   0   0   0   0   0   0   1   1   1   1   0   1   0
  3T   0   0   1   1   1   0   0   0   0   0   0   0   1   1   1
  4T   1   1   1   1   1   1   1   1   1   0   0   0   0   0   0
  5T   1   1   1   0   0   0   0   0   0   0   0   1   1   0   0
  6T   0   0   0   0   0   0   0   0   1   1   1   1   0   1   0
  7T   1   1   1   0   0   0   0   1   1   1   0   1   0   1   1
  8T   0   0   0   0   0   0   0   1   1   1   1   0   0   0   0
  9T   1   0   0   0   0   0   1   1   0   0   0   0   1   1   1
 10T   0   0   0   1   0   0   0   0   0   0   0   0   0   1   1
 11T   1   1   1   0   0   0   0   0   0   1   0   0   1   1   0
 12T   0   0   0   1   1   1   1   1   0   0   0   1   1   0   0
 13T   0   1   1   1   1   1   1   1   1   1   1   1   1   0   0
 14T   1   0   0   0   0   0   0   0   0   1   1   1   0   0   0
 15T   0   0   0   0   0   0   0   0   0   0   0   1   1   1   0
 16T   0   0   0   0   0   1   1   1   1   1   1   0   0   0   0
 17T   0   0   0   1   1   1   0   0   1   0   0   0   0   0   0
 18T   1   1   1   1   1   1   1   1   0   0   0   0   0   1   0
 19T   0   0   0   0   0   0   0   0   0   0   1   1   1   0   1
 20T   0   0   0   0   1   1   1   0   0   1   1   0   1   0   0
 21T   0   1   0   0   0   0   0   0   0   0   0   0   0   0   1
 22T   1   1   0   0   0   0   0   0   0   0   1   0   0   0   1
 23T   1   1   1   1   0   0   0   0   0   1   0   0   0   0   1
 24T   0   0   1   1   1   1   1   1   1   0   0   0   1   1   0
 25T   0   0   0   0   1   1   1   0   0   0   1   1   0   0   1
