Number of Tool Switches: 24 

Time elapsed: 0.117606 
Tool Sequence:
      2J  8J 11J 15J  9J  6J  3J  4J 10J  7J 13J  1J 14J  5J 12J
  1T   1   1   1   1   1   0   0   0   1   1   0   0   0   0   1
  2T   0   0   0   0   1   1   1   1   0   0   0   0   0   0   0
  3T   0   0   0   0   0   0   0   0   0   0   1   1   0   0   0
  4T   1   1   0   0   0   0   0   0   0   0   1   0   0   0   0
  5T   0   0   0   0   0   1   1   1   1   0   0   0   0   1   1
  6T   0   0   0   0   0   0   0   0   0   0   0   1   1   1   1
  7T   0   0   1   1   1   1   0   0   0   0   0   0   0   1   0
  8T   1   1   1   1   1   1   1   0   0   0   0   0   0   0   0
  9T   0   0   0   0   0   0   0   1   1   1   1   0   1   0   0
 10T   0   0   0   0   1   1   1   1   1   1   1   1   1   1   0
 11T   0   0   0   0   0   0   0   1   1   1   1   1   1   0   0
 12T   1   1   1   1   0   0   0   0   0   0   0   1   1   1   1
 13T   1   1   1   0   0   0   0   0   0   0   0   0   0   0   0
 14T   0   0   0   1   0   0   0   0   0   1   0   0   0   0   0
 15T   0   0   0   0   0   0   1   0   0   0   0   0   0   0   1
