Number of Tool Switches: 25 

Time elapsed: 1.039587 
Tool Sequence:
      4J 10J 12J 13J  5J 11J  3J  9J 14J  2J  1J  8J  6J  7J 15J
  1T   0   0   0   0   0   0   0   0   0   0   0   0   0   1   0
  2T   0   0   0   0   0   0   0   1   1   1   1   1   1   0   0
  3T   1   1   1   1   0   0   0   1   1   1   1   1   1   1   0
  4T   1   1   1   1   0   0   0   0   0   0   0   0   0   0   0
  5T   0   0   0   0   0   0   1   1   0   0   0   0   0   0   0
  6T   1   1   0   0   0   0   0   0   0   0   0   0   0   1   0
  7T   0   0   0   0   0   0   0   0   0   0   0   0   0   0   1
  8T   0   0   0   0   0   0   0   0   0   0   0   0   1   1   0
  9T   0   0   0   0   0   1   1   1   1   1   1   1   1   0   0
 10T   0   0   0   0   1   1   1   0   0   0   0   0   0   0   0
 11T   1   0   0   0   0   0   0   0   0   0   0   0   0   0   0
 12T   1   0   0   0   0   0   0   0   0   0   1   1   0   0   0
 13T   0   0   0   0   0   0   0   0   0   0   0   0   0   0   1
 14T   0   0   1   1   1   1   0   0   0   0   0   0   0   0   0
 15T   0   0   0   0   1   0   0   0   0   0   0   0   1   1   0
 16T   1   1   1   1   1   1   1   1   1   1   1   1   0   0   0
 17T   0   0   0   1   1   0   0   0   0   0   0   0   0   0   0
 18T   0   0   0   0   0   1   1   1   1   1   1   0   0   0   0
 19T   0   1   1   1   1   1   1   0   0   0   0   0   0   0   0
 20T   0   1   1   0   0   0   0   0   0   0   0   0   1   1   0
