Number of Tool Switches: 28 

Time elapsed: 1.256678 
Tool Sequence:
      3J  2J  1J 14J 10J 12J  4J 13J 15J  9J  5J  6J  7J 11J  8J
  1T   0   0   0   0   0   0   0   0   1   1   1   1   0   0   0
  2T   0   0   0   1   1   1   1   1   0   0   0   0   0   0   0
  3T   0   0   0   0   0   1   0   0   0   0   0   0   0   0   0
  4T   0   0   0   0   0   0   0   0   0   0   0   0   1   1   1
  5T   0   0   0   0   0   0   0   0   0   0   0   0   0   1   1
  6T   0   1   0   0   0   0   0   0   0   1   0   0   0   0   0
  7T   0   0   0   0   0   0   0   0   0   0   1   1   1   1   1
  8T   1   0   0   0   0   0   0   0   0   0   0   0   0   0   0
  9T   1   1   0   0   0   0   0   0   0   0   1   0   0   0   0
 10T   1   0   0   0   0   0   0   0   1   1   1   1   1   1   0
 11T   0   0   1   1   1   1   1   1   1   1   0   1   1   0   0
 12T   0   0   0   1   1   1   1   1   0   0   0   0   0   0   1
 13T   0   0   0   1   1   1   1   1   1   1   1   0   0   0   0
 14T   0   1   1   0   0   0   0   0   0   0   0   0   0   0   1
 15T   1   1   1   0   0   0   0   0   0   0   0   1   1   1   0
 16T   1   1   1   0   0   0   0   0   0   0   0   0   0   0   0
 17T   0   0   0   0   0   0   1   1   1   1   1   0   0   0   1
 18T   0   0   1   1   0   0   0   0   0   0   0   0   0   0   0
 19T   0   0   0   0   0   0   0   0   0   0   0   1   1   1   0
 20T   1   1   1   1   1   1   1   1   1   0   0   0   0   0   0
