Instancias/C4/1.txt                                          	    52 	 136.586242802000 7.738615952000 9
Instancias/C4/2.txt                                          	    53 	 166.910946107000 150.431632183000 178
Instancias/C4/3.txt                                          	    52 	 137.765929861000 17.463691545000 23
Instancias/C4/4.txt                                          	    50 	 118.983233897000 7.232064699000 9
Instancias/C4/5.txt                                          	    50 	 121.371897555000 69.357660004000 110
Instancias/C4/6.txt                                          	    55 	 174.675875610000 11.175131628000 11
Instancias/C4/7.txt                                          	    51 	 135.084683849000 119.107921083000 177
Instancias/C4/8.txt                                          	    51 	 122.010264646000 3.081019918000 3
Instancias/C4/9.txt                                          	    52 	 160.994492923000 43.953236220000 50
Instancias/C4/10.txt                                         	    48 	 111.390635936000 20.084773147000 36
