                            C4/1.txt                          	    51 	 199.028372078000 22.961007868000 16
                            C4/2.txt                          	    54 	 253.476533023000 8.134742612000 1
                            C4/3.txt                          	    52 	 199.604406358000 23.476171443000 15
                            C4/4.txt                          	    50 	 177.859345688000 14.188480932000 7
                            C4/5.txt                          	    50 	 201.660157301000 190.399156275000 188
                            C4/6.txt                          	    55 	 248.517410419000 20.775563793000 10
                            C4/7.txt                          	    51 	 198.987266999000 20.683275710000 15
                            C4/8.txt                          	    51 	 176.165313904000 10.128633004000 4
                            C4/9.txt                          	    52 	 232.074183409000 28.534939785000 21
                            C4/10.txt                         	    48 	 162.742875218000 9.483115901000 6
