Instancias/C4/1.txt                                          	    52 	 135.804454713000 1.415518426000 1
Instancias/C4/2.txt                                          	    54 	 174.062112094000 22.190944147000 24
Instancias/C4/3.txt                                          	    52 	 132.721691990000 5.329440839000 6
Instancias/C4/4.txt                                          	    50 	 123.400470098000 3.247059591000 3
Instancias/C4/5.txt                                          	    50 	 133.560241678000 51.508907490000 74
Instancias/C4/6.txt                                          	    55 	 170.794839248000 2.305976587000 1
Instancias/C4/7.txt                                          	    52 	 136.210789341000 12.805761712000 18
Instancias/C4/8.txt                                          	    51 	 126.793596754000 2.048596340000 3
Instancias/C4/9.txt                                          	    53 	 147.164102314000 13.077046979000 17
Instancias/C4/10.txt                                         	    48 	 106.984190485000 3.617063444000 5
