Instancias/C4/1.txt                                          	    51 	 133.706750850000 108.527634444000 157
Instancias/C4/2.txt                                          	    54 	 169.534402930000 66.376390263000 69
Instancias/C4/3.txt                                          	    52 	 133.168082864000 3.183690586000 5
Instancias/C4/4.txt                                          	    50 	 122.732491569000 17.186957267000 32
Instancias/C4/5.txt                                          	    50 	 127.901036692000 22.775553160000 29
Instancias/C4/6.txt                                          	    55 	 175.973324919000 4.579124983000 3
Instancias/C4/7.txt                                          	    52 	 133.643717057000 11.248021469000 13
Instancias/C4/8.txt                                          	    51 	 124.370288361000 1.606800569000 1
Instancias/C4/9.txt                                          	    53 	 153.339471319000 2.820654023000 4
Instancias/C4/10.txt                                         	    48 	 111.741787674000 29.137182047000 47
