Instancias/C4/1.txt                                          	    51 	 130.402978963000 108.730568917000 163
Instancias/C4/2.txt                                          	    54 	 174.409233844000 31.794586027000 35
Instancias/C4/3.txt                                          	    52 	 137.053235574000 3.767989596000 5
Instancias/C4/4.txt                                          	    50 	 109.679606354000 1.882964499000 2
Instancias/C4/5.txt                                          	    50 	 134.883628878000 68.126297901000 97
Instancias/C4/6.txt                                          	    55 	 175.211022564000 13.018221000000 11
Instancias/C4/7.txt                                          	    52 	 138.736526218000 4.363063633000 5
Instancias/C4/8.txt                                          	    51 	 129.351635738000 5.877148763000 6
Instancias/C4/9.txt                                          	    52 	 153.813611821000 46.212034029000 57
Instancias/C4/10.txt                                         	    48 	 102.342243927000 17.643637242000 33
