Instancias/C4/1.txt                                          	    52 	 139.216604328000 5.061014698000 5
Instancias/C4/2.txt                                          	    54 	 170.818565077000 24.278615466000 31
Instancias/C4/3.txt                                          	    52 	 136.037595590000 32.552645033000 49
Instancias/C4/4.txt                                          	    50 	 111.061331238000 2.140212067000 2
Instancias/C4/5.txt                                          	    50 	 120.602942495000 14.757985263000 21
Instancias/C4/6.txt                                          	    55 	 171.334425552000 10.032490796000 10
Instancias/C4/7.txt                                          	    51 	 123.172134059000 34.340798174000 62
Instancias/C4/8.txt                                          	    51 	 118.777278392000 7.670997383000 9
Instancias/C4/9.txt                                          	    52 	 157.840354072000 53.235441683000 59
Instancias/C4/10.txt                                         	    48 	 118.684559598000 1.492853540000 1
