Number of Tool Switches: 45 

Time elapsed: 5.750215 
Tool Sequence:
     14J 12J  1J 13J  7J  2J  5J  3J  8J  6J  4J 10J 15J 11J  9J
  1T   1   1   1   1   1   1   1   1   1   1   1   1   1   1   1
  2T   1   1   1   1   1   1   1   1   1   1   1   1   1   1   1
  3T   1   1   1   1   1   1   1   1   1   1   1   1   1   1   1
  4T   1   1   1   1   1   1   0   0   1   1   1   1   1   1   1
  5T   0   1   1   1   1   1   1   1   1   1   0   0   1   0   0
  6T   1   1   1   1   1   1   1   1   1   1   0   0   0   0   1
  7T   1   1   1   1   0   0   0   1   1   1   1   1   1   1   0
  8T   1   1   1   1   0   0   1   0   0   0   1   1   1   1   1
  9T   1   1   1   1   1   1   1   1   1   1   1   1   0   0   0
 10T   0   0   1   1   1   1   1   1   1   1   1   1   1   1   1
 11T   1   0   0   0   1   1   1   1   1   1   1   1   1   1   1
 12T   1   1   1   1   1   1   1   0   0   1   1   1   1   0   0
 13T   1   1   1   1   1   1   0   1   1   1   1   1   1   1   1
 14T   1   1   0   0   1   1   1   1   1   1   1   1   1   1   1
 15T   1   1   1   1   1   1   1   1   1   1   1   0   0   0   1
 16T   1   1   1   1   1   1   1   1   1   1   1   0   0   1   1
 17T   0   0   0   0   0   0   0   1   1   1   1   1   1   1   1
 18T   1   1   1   1   1   1   1   1   0   0   0   1   1   1   1
 19T   1   1   0   0   0   0   1   1   1   1   1   1   1   1   0
 20T   1   1   1   1   1   1   1   0   1   1   1   1   1   1   1
 21T   1   0   0   1   1   1   1   1   1   1   1   1   1   1   1
 22T   0   1   1   1   1   1   1   1   1   1   1   1   1   1   1
 23T   0   0   1   1   1   1   1   1   0   0   0   0   0   1   0
 24T   1   1   1   1   1   0   0   0   0   0   1   1   1   1   1
 25T   1   1   1   0   0   1   1   1   1   0   0   1   1   1   1
