Instancias/B4/1.txt                                          	    20 	 0.598195887000 0.006444868000 1
Instancias/B4/2.txt                                          	    20 	 1.003288242000 0.005224763000 1
Instancias/B4/3.txt                                          	    19 	 0.825237686000 0.005940921000 1
Instancias/B4/4.txt                                          	    18 	 0.656627212000 0.005913488000 1
Instancias/B4/5.txt                                          	    20 	 0.699633810000 0.006204155000 1
Instancias/B4/6.txt                                          	    19 	 0.738574646000 0.006072283000 1
Instancias/B4/7.txt                                          	    18 	 0.573311188000 0.003744623000 1
Instancias/B4/8.txt                                          	    19 	 0.657568675000 0.008531983000 1
Instancias/B4/9.txt                                          	    19 	 0.576467734000 0.006655535000 1
Instancias/B4/10.txt                                         	    20 	 0.804659880000 0.004232864000 1
