Instancias/B4/1.txt                                          	    20 	 0.589888416000 0.005836742000 1
Instancias/B4/2.txt                                          	    20 	 1.001758779000 0.016781696000 2
Instancias/B4/3.txt                                          	    19 	 0.841029593000 0.008585228000 1
Instancias/B4/4.txt                                          	    18 	 0.640081155000 0.005516833000 1
Instancias/B4/5.txt                                          	    20 	 0.714289724000 0.005583717000 1
Instancias/B4/6.txt                                          	    19 	 0.767596937000 0.010698656000 2
Instancias/B4/7.txt                                          	    18 	 0.546815155000 0.003751929000 1
Instancias/B4/8.txt                                          	    19 	 0.764006084000 0.005547323000 1
Instancias/B4/9.txt                                          	    19 	 0.679037439000 0.006362638000 1
Instancias/B4/10.txt                                         	    20 	 0.810708000000 0.009557462000 2
