Instancias/B4/1.txt                                          	    20 	 0.571981101000 0.006191498000 1
Instancias/B4/2.txt                                          	    20 	 1.014184549000 0.006630524000 1
Instancias/B4/3.txt                                          	    19 	 0.821546361000 0.006138566000 1
Instancias/B4/4.txt                                          	    18 	 0.658051775000 0.005251970000 1
Instancias/B4/5.txt                                          	    20 	 0.720586000000 0.005195664000 1
Instancias/B4/6.txt                                          	    19 	 0.737363654000 0.008019276000 1
Instancias/B4/7.txt                                          	    18 	 0.570117501000 0.005504220000 1
Instancias/B4/8.txt                                          	    19 	 0.767788771000 0.006978414000 1
Instancias/B4/9.txt                                          	    19 	 0.588382078000 0.005878534000 1
Instancias/B4/10.txt                                         	    20 	 0.745093536000 0.004383774000 1
