Instancias/B4/1.txt                                          	    20 	 0.586692050000 0.008098450000 1
Instancias/B4/2.txt                                          	    20 	 1.055901451000 0.010279778000 2
Instancias/B4/3.txt                                          	    19 	 0.927905315000 0.007014292000 1
Instancias/B4/4.txt                                          	    18 	 0.761069060000 0.006865833000 1
Instancias/B4/5.txt                                          	    20 	 0.828096944000 0.005439276000 1
Instancias/B4/6.txt                                          	    19 	 0.826865266000 0.008444958000 1
Instancias/B4/7.txt                                          	    18 	 0.553445834000 0.003182490000 1
Instancias/B4/8.txt                                          	    19 	 0.827681868000 0.004819918000 1
Instancias/B4/9.txt                                          	    19 	 0.695857211000 0.006717979000 1
Instancias/B4/10.txt                                         	    20 	 0.752406669000 0.004650722000 1
