Instancias/B4/1.txt                                          	    20 	 0.428720921000 0.004287837000 1
Instancias/B4/2.txt                                          	    20 	 0.722031307000 0.009607523000 2
Instancias/B4/3.txt                                          	    19 	 0.584188571000 0.004094682000 1
Instancias/B4/4.txt                                          	    18 	 0.495564084000 0.004435473000 1
Instancias/B4/5.txt                                          	    20 	 0.719621982000 0.006113643000 1
Instancias/B4/6.txt                                          	    19 	 0.760783123000 0.007506903000 1
Instancias/B4/7.txt                                          	    18 	 0.566009032000 0.004821105000 1
Instancias/B4/8.txt                                          	    19 	 0.808482680000 0.004832917000 1
Instancias/B4/9.txt                                          	    19 	 0.648472344000 0.004777027000 1
Instancias/B4/10.txt                                         	    20 	 0.785404521000 0.006516628000 1
