Instancias/C-4/s4n001.txt                                    	   201 	 457.272027405000 33.832292550000 15
Instancias/C-4/s4n001_1.txt                                  	   177 	 718.194941088000 627.551483420000 175
Instancias/C-4/s4n001_2.txt                                  	   149 	 1129.239376073000 84.624214153000 12
Instancias/C-4/s4n001_3.txt                                  	   115 	 2048.483752589000 263.790436600000 23
Instancias/C-4/s4n002.txt                                    	   209 	 439.944334556000 100.780181942000 47
Instancias/C-4/s4n002_1.txt                                  	   184 	 700.130108090000 105.772107889000 30
Instancias/C-4/s4n002_2.txt                                  	   155 	 1163.265581391000 291.337321560000 51
Instancias/C-4/s4n002_3.txt                                  	   120 	 2161.069980210000 553.393500608000 54
Instancias/C-4/s4n003.txt                                    	   195 	 502.944063883000 20.878864776000 7
Instancias/C-4/s4n003_1.txt                                  	   169 	 779.855744448000 465.201545806000 118
Instancias/C-4/s4n003_2.txt                                  	   143 	 1390.934515768000 955.471137658000 139
Instancias/C-4/s4n003_3.txt                                  	   111 	 2070.601846085000 216.943601626000 20
Instancias/C-4/s4n004.txt                                    	   202 	 451.864516790000 407.231659562000 181
Instancias/C-4/s4n004_1.txt                                  	   178 	 723.505315633000 37.135398718000 9
Instancias/C-4/s4n004_2.txt                                  	   147 	 1184.266968390000 410.561197601000 69
Instancias/C-4/s4n004_3.txt                                  	   115 	 2078.256078557000 904.791381788000 79
Instancias/C-4/s4n005.txt                                    	   204 	 455.383957686000 39.884846677000 16
Instancias/C-4/s4n005_1.txt                                  	   176 	 738.916010316000 393.223756733000 105
Instancias/C-4/s4n005_2.txt                                  	   147 	 1207.223607454000 825.954599015000 136
Instancias/C-4/s4n005_3.txt                                  	   114 	 2100.021085217000 1123.718454735000 108
Instancias/C-4/s4n006.txt                                    	   204 	 473.094897887000 412.999609583000 175
Instancias/C-4/s4n006_1.txt                                  	   180 	 653.646444780000 360.047518089000 109
Instancias/C-4/s4n006_2.txt                                  	   153 	 1123.194417940000 673.121223657000 119
Instancias/C-4/s4n006_3.txt                                  	   118 	 1951.119541132000 660.974647583000 64
Instancias/C-4/s4n007.txt                                    	   210 	 439.864238504000 217.128747911000 96
Instancias/C-4/s4n007_1.txt                                  	   183 	 726.945707126000 82.451915248000 22
Instancias/C-4/s4n007_2.txt                                  	   152 	 1221.892156630000 774.601143650000 127
Instancias/C-4/s4n007_3.txt                                  	   115 	 2008.048049517000 467.539970156000 47
Instancias/C-4/s4n008.txt                                    	   215 	 399.991090323000 29.085517502000 12
Instancias/C-4/s4n008_1.txt                                  	   187 	 633.134108221000 373.589102086000 115
Instancias/C-4/s4n008_2.txt                                  	   155 	 1077.038759675000 178.261577166000 29
Instancias/C-4/s4n008_3.txt                                  	   119 	 2007.242450766000 606.417462714000 61
Instancias/C-4/s4n009.txt                                    	   182 	 500.181902776000 287.301543700000 116
Instancias/C-4/s4n009_1.txt                                  	   161 	 741.429663101000 133.670392213000 34
Instancias/C-4/s4n009_2.txt                                  	   138 	 1237.764842419000 211.203634630000 33
Instancias/C-4/s4n009_3.txt                                  	   109 	 2014.558645532000 142.146236887000 11
Instancias/C-4/s4n010.txt                                    	   181 	 538.443980841000 194.025099267000 71
Instancias/C-4/s4n010_1.txt                                  	   160 	 800.758393939000 538.846525484000 134
Instancias/C-4/s4n010_2.txt                                  	   136 	 1215.971225745000 463.283902445000 73
Instancias/C-4/s4n010_3.txt                                  	   105 	 1992.408753458000 852.434295203000 87
