Instancias/C-4/s4n001.txt                                    	   199 	 426.100144223000 112.517870538000 51
Instancias/C-4/s4n001_1.txt                                  	   174 	 603.082894284000 133.865006998000 43
Instancias/C-4/s4n001_2.txt                                  	   149 	 1015.963712102000 944.957979238000 186
Instancias/C-4/s4n001_3.txt                                  	   115 	 1430.524713091000 1127.478886150000 160
Instancias/C-4/s4n002.txt                                    	   209 	 408.252607616000 380.663883817000 188
Instancias/C-4/s4n002_1.txt                                  	   183 	 628.172660463000 194.067239670000 60
Instancias/C-4/s4n002_2.txt                                  	   153 	 1106.120483497000 643.387373653000 116
Instancias/C-4/s4n002_3.txt                                  	   119 	 1540.943627912000 100.534548790000 10
Instancias/C-4/s4n003.txt                                    	   194 	 477.101551383000 307.483381684000 127
Instancias/C-4/s4n003_1.txt                                  	   167 	 750.721660752000 295.343248780000 73
Instancias/C-4/s4n003_2.txt                                  	   143 	 1095.269903446000 747.825230838000 136
Instancias/C-4/s4n003_3.txt                                  	   111 	 1488.895930001000 602.254053269000 77
Instancias/C-4/s4n004.txt                                    	   201 	 453.459663368000 393.675158416000 178
Instancias/C-4/s4n004_1.txt                                  	   175 	 700.845792653000 400.022879261000 113
Instancias/C-4/s4n004_2.txt                                  	   148 	 1093.548717932000 63.450747465000 10
Instancias/C-4/s4n004_3.txt                                  	   113 	 1327.669306864000 986.030239462000 151
Instancias/C-4/s4n005.txt                                    	   201 	 407.730168949000 347.044933343000 169
Instancias/C-4/s4n005_1.txt                                  	   176 	 672.785545338000 70.597704695000 21
Instancias/C-4/s4n005_2.txt                                  	   148 	 1051.023648957000 80.491314985000 15
Instancias/C-4/s4n005_3.txt                                  	   114 	 1599.540785790000 27.677769912000 2
Instancias/C-4/s4n006.txt                                    	   203 	 431.322063784000 5.221449244000 1
Instancias/C-4/s4n006_1.txt                                  	   180 	 671.980533813000 39.797532280000 13
Instancias/C-4/s4n006_2.txt                                  	   152 	 932.486524145000 578.076679156000 119
Instancias/C-4/s4n006_3.txt                                  	   119 	 1401.791305359000 285.023936309000 38
Instancias/C-4/s4n007.txt                                    	   210 	 405.643497743000 167.769523100000 86
Instancias/C-4/s4n007_1.txt                                  	   181 	 671.494359022000 189.823491783000 58
Instancias/C-4/s4n007_2.txt                                  	   151 	 917.432928105000 10.810075784000 1
Instancias/C-4/s4n007_3.txt                                  	   116 	 1386.927985543000 920.476013487000 133
Instancias/C-4/s4n008.txt                                    	   213 	 390.565439058000 81.394338692000 42
Instancias/C-4/s4n008_1.txt                                  	   185 	 555.285776813000 374.523777180000 131
Instancias/C-4/s4n008_2.txt                                  	   154 	 946.764903494000 182.559241001000 40
Instancias/C-4/s4n008_3.txt                                  	   119 	 1466.817865660000 193.257799555000 25
Instancias/C-4/s4n009.txt                                    	   181 	 501.448018236000 379.446128974000 151
Instancias/C-4/s4n009_1.txt                                  	   161 	 696.269476011000 304.242585669000 82
Instancias/C-4/s4n009_2.txt                                  	   136 	 1109.262867522000 629.533321324000 112
Instancias/C-4/s4n009_3.txt                                  	   109 	 1649.075542441000 231.307883764000 27
Instancias/C-4/s4n010.txt                                    	   181 	 484.526268137000 50.879164317000 20
Instancias/C-4/s4n010_1.txt                                  	   159 	 746.491066760000 166.844990320000 45
Instancias/C-4/s4n010_2.txt                                  	   134 	 986.002418920000 309.184050593000 62
Instancias/C-4/s4n010_3.txt                                  	   107 	 1371.462392406000 156.381035270000 22
