Instancias/C-4/s4n001.txt                                    	   201 	 427.759189077000 157.843485262000 74
Instancias/C-4/s4n001_1.txt                                  	   177 	 661.547265393000 133.681325737000 38
Instancias/C-4/s4n001_2.txt                                  	   150 	 1113.753312071000 39.850357254000 5
Instancias/C-4/s4n001_3.txt                                  	   116 	 1888.688478556000 1294.331166329000 137
Instancias/C-4/s4n002.txt                                    	   212 	 410.576273932000 46.863287352000 21
Instancias/C-4/s4n002_1.txt                                  	   184 	 633.565055505000 282.908645752000 90
Instancias/C-4/s4n002_2.txt                                  	   155 	 1092.554832371000 882.920173649000 162
Instancias/C-4/s4n002_3.txt                                  	   121 	 2034.324718762000 229.406916502000 25
Instancias/C-4/s4n003.txt                                    	   195 	 443.210157543000 315.543872013000 139
Instancias/C-4/s4n003_1.txt                                  	   169 	 695.135040977000 72.025492913000 20
Instancias/C-4/s4n003_2.txt                                  	   143 	 1140.768112677000 1007.632962744000 175
Instancias/C-4/s4n003_3.txt                                  	   112 	 1937.605944352000 54.245994943000 4
Instancias/C-4/s4n004.txt                                    	   201 	 442.643509538000 203.321921164000 92
Instancias/C-4/s4n004_1.txt                                  	   176 	 660.850216893000 300.424925566000 90
Instancias/C-4/s4n004_2.txt                                  	   149 	 1108.212683960000 345.391474002000 65
Instancias/C-4/s4n004_3.txt                                  	   115 	 1914.948842015000 986.518474225000 104
Instancias/C-4/s4n005.txt                                    	   204 	 428.076438813000 398.279645172000 186
Instancias/C-4/s4n005_1.txt                                  	   177 	 670.050360023000 292.235082462000 85
Instancias/C-4/s4n005_2.txt                                  	   148 	 1121.950447090000 274.558303278000 47
Instancias/C-4/s4n005_3.txt                                  	   116 	 1873.310767593000 609.142296716000 63
Instancias/C-4/s4n006.txt                                    	   205 	 422.459371999000 100.784685576000 46
Instancias/C-4/s4n006_1.txt                                  	   182 	 679.014547094000 199.914368856000 58
Instancias/C-4/s4n006_2.txt                                  	   153 	 1117.141139344000 75.277705253000 12
Instancias/C-4/s4n006_3.txt                                  	   118 	 1942.831778626000 1777.652526029000 185
Instancias/C-4/s4n007.txt                                    	   210 	 402.825053685000 40.328951460000 17
Instancias/C-4/s4n007_1.txt                                  	   183 	 668.931959729000 546.372675514000 164
Instancias/C-4/s4n007_2.txt                                  	   151 	 1112.274015972000 779.046624810000 140
Instancias/C-4/s4n007_3.txt                                  	   117 	 1858.341355767000 113.094844978000 13
Instancias/C-4/s4n008.txt                                    	   214 	 390.112689128000 90.588051197000 48
Instancias/C-4/s4n008_1.txt                                  	   185 	 627.274287005000 465.202387718000 149
Instancias/C-4/s4n008_2.txt                                  	   156 	 1088.790146298000 89.424724604000 15
Instancias/C-4/s4n008_3.txt                                  	   119 	 2002.131291821000 1552.677026153000 152
Instancias/C-4/s4n009.txt                                    	   183 	 490.115548367000 104.423420735000 42
Instancias/C-4/s4n009_1.txt                                  	   164 	 739.551940098000 43.965846209000 10
Instancias/C-4/s4n009_2.txt                                  	   138 	 1203.709409353000 219.676030541000 33
Instancias/C-4/s4n009_3.txt                                  	   109 	 1996.744832212000 254.320452093000 23
Instancias/C-4/s4n010.txt                                    	   182 	 502.157600705000 276.250740352000 110
Instancias/C-4/s4n010_1.txt                                  	   161 	 754.755693201000 228.290417960000 63
Instancias/C-4/s4n010_2.txt                                  	   135 	 1247.873752135000 580.465113865000 91
Instancias/C-4/s4n010_3.txt                                  	   106 	 1896.940227978000 1812.668699445000 190
