Instancias/C-4/s4n001.txt                                    	   198 	 439.246515271000 60.861277668000 26
Instancias/C-4/s4n001_1.txt                                  	   174 	 624.836757614000 414.653836853000 129
Instancias/C-4/s4n001_2.txt                                  	   150 	 986.658996397000 38.294591597000 7
Instancias/C-4/s4n001_3.txt                                  	   117 	 1422.404574356000 69.144039669000 8
Instancias/C-4/s4n002.txt                                    	   209 	 394.709134821000 75.953438172000 34
Instancias/C-4/s4n002_1.txt                                  	   182 	 649.061873099000 171.663693544000 53
Instancias/C-4/s4n002_2.txt                                  	   152 	 1043.491992681000 765.383563363000 147
Instancias/C-4/s4n002_3.txt                                  	   119 	 1499.955347398000 248.546905951000 31
Instancias/C-4/s4n003.txt                                    	   194 	 501.293790705000 216.125506418000 87
Instancias/C-4/s4n003_1.txt                                  	   170 	 695.214076829000 340.019268808000 102
Instancias/C-4/s4n003_2.txt                                  	   142 	 1140.264515914000 725.877534445000 134
Instancias/C-4/s4n003_3.txt                                  	   111 	 1419.320988279000 118.793889040000 13
Instancias/C-4/s4n004.txt                                    	   199 	 432.990085747000 321.109402931000 149
Instancias/C-4/s4n004_1.txt                                  	   174 	 672.376804128000 90.246783579000 27
Instancias/C-4/s4n004_2.txt                                  	   146 	 963.540690175000 285.815573205000 51
Instancias/C-4/s4n004_3.txt                                  	   114 	 1473.900069443000 810.067383270000 113
Instancias/C-4/s4n005.txt                                    	   199 	 411.133132936000 197.667072955000 89
Instancias/C-4/s4n005_1.txt                                  	   175 	 573.878048065000 466.837572339000 163
Instancias/C-4/s4n005_2.txt                                  	   148 	 997.654395179000 797.571727133000 163
Instancias/C-4/s4n005_3.txt                                  	   115 	 1511.367764110000 452.533370879000 60
Instancias/C-4/s4n006.txt                                    	   203 	 430.668656574000 199.504706944000 97
Instancias/C-4/s4n006_1.txt                                  	   178 	 645.041930308000 300.033704947000 94
Instancias/C-4/s4n006_2.txt                                  	   151 	 969.722809643000 576.869073256000 119
Instancias/C-4/s4n006_3.txt                                  	   118 	 1458.083265403000 165.841259351000 21
Instancias/C-4/s4n007.txt                                    	   209 	 379.638382733000 197.417975993000 103
Instancias/C-4/s4n007_1.txt                                  	   182 	 622.835652536000 381.035019883000 125
Instancias/C-4/s4n007_2.txt                                  	   151 	 962.243046725000 564.728704193000 116
Instancias/C-4/s4n007_3.txt                                  	   116 	 1438.339034431000 946.046034659000 134
Instancias/C-4/s4n008.txt                                    	   213 	 377.741829105000 218.790259941000 115
Instancias/C-4/s4n008_1.txt                                  	   185 	 621.053068849000 154.769494582000 48
Instancias/C-4/s4n008_2.txt                                  	   154 	 937.455018221000 320.043473478000 64
Instancias/C-4/s4n008_3.txt                                  	   118 	 1496.029782012000 195.188913659000 22
Instancias/C-4/s4n009.txt                                    	   181 	 491.272263958000 87.564770575000 36
Instancias/C-4/s4n009_1.txt                                  	   160 	 686.704548740000 261.938724143000 77
Instancias/C-4/s4n009_2.txt                                  	   137 	 1031.306435589000 407.201735392000 72
Instancias/C-4/s4n009_3.txt                                  	   109 	 1492.859085906000 141.380206685000 16
Instancias/C-4/s4n010.txt                                    	   182 	 487.228349904000 155.744687760000 64
Instancias/C-4/s4n010_1.txt                                  	   159 	 721.176775508000 153.180107451000 44
Instancias/C-4/s4n010_2.txt                                  	   133 	 1036.550053426000 751.488121667000 145
Instancias/C-4/s4n010_3.txt                                  	   105 	 1364.664791941000 667.402419359000 91
